ERR20616084592	cluster4	97.500	40	1	1	40	1	40	1.87e-17	40
ERR20616084904	cluster4	100.000	38	0	23	60	60	23	8.43e-18	60
ERR20616085536	cluster4	100.000	31	0	30	60	60	30	6.56e-14	60
ERR20616081056	cluster4	100.000	34	0	27	60	60	27	1.41e-15	60
ERR20616081080	cluster4	100.000	45	0	16	60	60	16	1.08e-21	60
ERR20616083392	cluster3	97.778	45	1	1	45	64	20	3.58e-20	45
ERR20616083392	cluster1	97.500	40	1	3	42	78	39	2.16e-17	45
ERR20616083392	cluster6	100.000	33	0	1	33	43	75	3.61e-15	45
ERR20616083368	cluster3	100.000	40	0	1	40	20	59	4.14e-19	41
ERR20616083368	cluster1	100.000	37	0	4	40	39	75	1.92e-17	41
ERR20616083368	cluster6	100.000	28	0	13	40	75	48	1.94e-12	41
ERR2061608336	cluster2	100.000	37	0	24	60	72	36	3.03e-17	60
ERR20616081632	cluster6	100.000	58	0	3	60	16	73	6.43e-29	60
ERR20616081632	cluster5	100.000	41	0	1	41	25	65	1.81e-19	60
ERR20616081632	cluster3	100.000	41	0	20	60	74	34	1.81e-19	60
ERR20616081632	cluster1	100.000	29	0	32	60	78	50	8.49e-13	60
ERR20616081616	cluster0	100.000	56	0	5	60	59	4	8.31e-28	60
ERR2061608968	cluster0	100.000	46	0	1	46	4	49	2.20e-22	46
ERR2061608992	cluster0	100.000	56	0	1	56	4	59	7.67e-28	56
ERR20616081400	cluster0	100.000	47	0	14	60	59	13	8.37e-23	60
ERR20616081616	cluster0	100.000	56	0	5	60	59	4	8.31e-28	60
ERR20616084544	cluster0	100.000	41	0	1	41	4	44	1.15e-19	41
