ER2061619_V62228	cluster0	100.000	29	0	0	1	29	94	66	6.39e-13	54.7
ER2061619_V65988	cluster3	97.959	49	1	0	1	49	34	82	3.21e-22	86.1
ER2061619_V62720	cluster0	92.500	40	0	1	1	37	55	94	6.62e-13	54.7
ER2061619_V64516	cluster0	100.000	28	0	0	1	28	67	94	1.64e-12	52.8
ER2061619_V61396	cluster0	100.000	28	0	0	1	28	67	94	1.64e-12	52.8
ER2061619_V61656	cluster0	100.000	29	0	0	3	31	66	94	5.25e-13	54.7
ER2061619_V66804	cluster0	100.000	29	0	0	5	33	66	94	5.71e-13	54.7
ER2061619_V63232	cluster0	100.000	29	0	0	7	35	66	94	6.17e-13	54.7
ER2061619_V63268	cluster0	100.000	29	0	0	7	35	66	94	6.17e-13	54.7
ER2061619_V66252	cluster3	100.000	33	0	0	1	33	68	100	3.68e-15	62.1
ER2061619_V63236	cluster0	100.000	29	0	0	1	29	94	66	5.71e-13	54.7
ER2061619_V64592	cluster0	92.857	42	0	1	1	39	94	53	5.47e-14	58.4
ER2061619_V6276	cluster0	92.683	41	0	1	1	38	94	54	1.90e-13	56.5
ER2061619_V67652	cluster0	100.000	29	0	0	1	29	94	66	6.17e-13	54.7
ER2061619_V63456	cluster0	92.500	40	0	1	1	37	94	55	6.62e-13	54.7
ER2061619_V6556	cluster0	100.000	29	0	0	1	29	94	66	6.17e-13	54.7
ER2061619_V64100	cluster0	100.000	29	0	0	1	29	94	66	5.25e-13	54.7
ER2061619_V6948	cluster0	87.931	58	1	2	18	69	37	94	2.26e-15	63.9
ER2061619_V62012	cluster0	100.000	29	0	0	1	29	94	66	6.39e-13	54.7
ER2061619_V61660	cluster0	100.000	29	0	0	1	29	94	66	5.71e-13	54.7
