ER2061621_V65872	MoTER2	95.349	43	2	0	1	43	67	25	4.87e-15	1723
ER2061621_V61928	MoTER2	97.436	39	1	0	1	39	69	31	1.51e-14	1723
ER2061621_V61928	MoTER2	100.000	33	0	0	7	39	33	1	7.03e-13	1723
ER2061621_V61928	MoTER2	96.970	33	1	0	7	39	39	7	3.27e-11	1723
ER2061621_V61928	MoTER2	96.970	33	1	0	7	39	45	13	3.27e-11	1723
ER2061621_V61928	MoTER2	96.970	33	1	0	7	39	51	19	3.27e-11	1723
ER2061621_V61928	MoTER2	96.970	33	1	0	7	39	57	25	3.27e-11	1723
ER2061621_V61928	MoTER1	100.000	33	0	0	7	39	39	7	7.03e-13	5034
ER2061621_V61928	MoTER1	94.872	39	2	0	1	39	69	31	7.03e-13	5034
ER2061621_V61928	MoTER1	96.970	33	1	0	7	39	45	13	3.27e-11	5034
ER2061621_V61928	MoTER1	96.970	33	1	0	7	39	51	19	3.27e-11	5034
ER2061621_V61928	MoTER1	96.970	33	1	0	7	39	57	25	3.27e-11	5034
ER2061621_V67700	MoTER2	97.297	37	1	0	1	37	91	55	1.80e-13	1723
ER2061621_V61704	MoTER2	98.148	54	1	0	1	54	108	55	1.08e-22	1723
ER2061621_V61704	MoTER1	96.296	54	2	0	1	54	108	55	5.03e-21	5034
ER2061621_V61920	MoTER2	100.000	34	0	0	1	34	132	165	1.56e-13	1723
ER2061621_V61920	MoTER1	100.000	34	0	0	1	34	132	165	1.56e-13	5034
ER2061621_V65176	MoTER2	100.000	33	0	0	2	34	785	817	5.62e-13	1723
ER2061621_V65176	MoTER1	100.000	33	0	0	2	34	785	817	5.62e-13	5034
ER2061621_V66028	MoTER1	100.000	99	0	0	1	99	1744	1646	4.77e-49	5034
ER2061621_V64312	RETRO5	100.000	66	0	0	2	67	3107	3172	6.61e-31	7486
ER2061621_V68644	MoTER2	98.039	51	1	0	2	52	785	835	4.77e-21	1723
ER2061621_V68644	MoTER1	98.039	51	1	0	2	52	785	835	4.77e-21	5034
