ERR20616153536	Chr8	100.000	36	0	1	36	4241	4206	3.81e-12	40
ERR20616153536	Chr8	100.000	36	0	1	36	9410	9375	3.81e-12	40
ERR20616153536	Chr8	100.000	36	0	1	36	14440	14405	3.81e-12	40
ERR20616153536	Chr8	100.000	36	0	1	36	1844728	1844763	3.81e-12	40
ERR20616153536	Chr8	100.000	36	0	1	36	1849865	1849900	3.81e-12	40
ERR20616153536	Chr8	100.000	36	0	1	36	1854932	1854967	3.81e-12	40
ERR20616153536	Chr8	100.000	36	0	1	36	1859954	1859989	3.81e-12	40
ERR20616153536	Chr8	100.000	36	0	1	36	1865097	1865132	3.81e-12	40
ERR20616153536	Chr8	100.000	36	0	1	36	1870236	1870271	3.81e-12	40
ERR20616153536	Chr8	100.000	36	0	1	36	1875364	1875399	3.81e-12	40
ERR20616153536	Chr8	100.000	36	0	1	36	1880486	1880521	3.81e-12	40
ERR20616153536	Chr8	100.000	36	0	1	36	1885618	1885653	3.81e-12	40
ERR20616153536	Chr8	100.000	36	0	1	36	1890613	1890648	3.81e-12	40
ERR20616153536	Chr8	100.000	36	0	1	36	1895706	1895741	3.81e-12	40
ERR20616153536	Chr8	100.000	36	0	1	36	1900713	1900748	3.81e-12	40
ERR20616153536	Chr7	100.000	36	0	1	36	2532	2497	3.81e-12	40
ERR20616153536	Chr7	100.000	36	0	1	36	7563	7528	3.81e-12	40
ERR20616153536	Chr7	100.000	36	0	1	36	4039031	4039066	3.81e-12	40
ERR20616153536	Chr7	100.000	36	0	1	36	4046492	4046527	3.81e-12	40
ERR20616153536	Chr7	100.000	36	0	1	36	4051521	4051556	3.81e-12	40
ERR20616153536	Chr7	100.000	36	0	1	36	4056679	4056714	3.81e-12	40
ERR20616153536	Chr7	100.000	36	0	1	36	4061710	4061745	3.81e-12	40
ERR20616153536	Chr7	100.000	36	0	1	36	4066740	4066775	3.81e-12	40
ERR20616153536	Chr7	100.000	36	0	1	36	4071850	4071885	3.81e-12	40
ERR20616153536	Chr7	100.000	36	0	1	36	4076840	4076875	3.81e-12	40
ERR20616153536	Chr6	100.000	36	0	1	36	2729	2694	3.81e-12	40
ERR20616153536	Chr6	100.000	36	0	1	36	7776	7741	3.81e-12	40
ERR20616153536	Chr6	100.000	36	0	1	36	12796	12761	3.81e-12	40
ERR20616153536	Chr6	100.000	36	0	1	36	17833	17798	3.81e-12	40
ERR20616153536	Chr6	100.000	36	0	1	36	22856	22821	3.81e-12	40
ERR20616153536	Chr6	100.000	36	0	1	36	6105406	6105441	3.81e-12	40
ERR20616153536	Chr6	100.000	36	0	1	36	6110520	6110555	3.81e-12	40
ERR20616153536	Chr6	100.000	36	0	1	36	6115565	6115600	3.81e-12	40
ERR20616153536	Chr6	100.000	36	0	1	36	6120608	6120643	3.81e-12	40
ERR20616153536	Chr6	100.000	36	0	1	36	6125767	6125802	3.81e-12	40
ERR20616153536	Chr6	100.000	36	0	1	36	6130809	6130844	3.81e-12	40
ERR20616153536	Chr5	100.000	36	0	1	36	2482	2447	3.81e-12	40
ERR20616153536	Chr5	100.000	36	0	1	36	4437414	4437449	3.81e-12	40
ERR20616153536	Chr5	100.000	36	0	1	36	4442441	4442476	3.81e-12	40
ERR20616153536	Chr5	100.000	36	0	1	36	4447484	4447519	3.81e-12	40
ERR20616153536	Chr5	100.000	36	0	1	36	4452537	4452572	3.81e-12	40
ERR20616153536	Chr5	100.000	36	0	1	36	4457579	4457614	3.81e-12	40
ERR20616153536	Chr4	100.000	36	0	1	36	2564	2529	3.81e-12	40
ERR20616153536	Chr4	100.000	36	0	1	36	7590	7555	3.81e-12	40
ERR20616153536	Chr4	100.000	36	0	1	36	12627	12592	3.81e-12	40
ERR20616153536	Chr4	100.000	36	0	1	36	5396350	5396385	3.81e-12	40
ERR20616153536	Chr4	100.000	36	0	1	36	5401395	5401430	3.81e-12	40
ERR20616153536	Chr4	100.000	36	0	1	36	5406433	5406468	3.81e-12	40
ERR20616153536	Chr4	100.000	36	0	1	36	5410648	5410683	3.81e-12	40
ERR20616153536	Chr3	100.000	36	0	1	36	2100	2065	3.81e-12	40
ERR20616153536	Chr3	100.000	36	0	1	36	7092	7057	3.81e-12	40
ERR20616153536	Chr3	100.000	36	0	1	36	12079	12044	3.81e-12	40
ERR20616153536	Chr3	100.000	36	0	1	36	8225152	8225187	3.81e-12	40
ERR20616153536	Chr3	100.000	36	0	1	36	8230166	8230201	3.81e-12	40
ERR20616153536	Chr3	100.000	36	0	1	36	8235200	8235235	3.81e-12	40
ERR20616153536	Chr2	100.000	36	0	1	36	2683	2648	3.81e-12	40
ERR20616153536	Chr2	100.000	36	0	1	36	7762	7727	3.81e-12	40
ERR20616153536	Chr2	100.000	36	0	1	36	12788	12753	3.81e-12	40
ERR20616153536	Chr2	100.000	36	0	1	36	7912893	7912928	3.81e-12	40
ERR20616153536	Chr1	100.000	36	0	1	36	6665652	6665687	3.81e-12	40
ERR20616156712	Chr8	100.000	46	0	1	46	1699281	1699326	1.38e-17	46
ERR20616156712	Chr8	97.826	46	1	1	46	1740935	1740890	6.44e-16	46
ERR20616156712	Chr8	97.826	46	1	1	46	1814158	1814203	6.44e-16	46
ERR20616156712	Chr8	97.778	45	1	2	46	846965	847009	2.32e-15	46
ERR20616156712	Chr3	100.000	46	0	1	46	8019818	8019773	1.38e-17	46
ERR20616156712	Chr3	97.826	46	1	1	46	7491803	7491848	6.44e-16	46
ERR20616156712	Chr3	97.826	46	1	1	46	7974583	7974628	6.44e-16	46
ERR20616156712	Chr3	97.826	46	1	1	46	8088051	8088096	6.44e-16	46
ERR20616156712	Chr3	97.674	43	1	4	46	7668371	7668413	3.00e-14	46
ERR20616156712	Chr3	95.652	46	2	1	46	7762152	7762197	3.00e-14	46
ERR20616156768	Chr8	100.000	60	0	1	60	4308	4249	3.56e-25	60
ERR20616156768	Chr8	100.000	60	0	1	60	9477	9418	3.56e-25	60
ERR20616156768	Chr8	100.000	60	0	1	60	14507	14448	3.56e-25	60
ERR20616156768	Chr8	100.000	60	0	1	60	1844661	1844720	3.56e-25	60
ERR20616156768	Chr8	100.000	60	0	1	60	1849798	1849857	3.56e-25	60
ERR20616156768	Chr8	100.000	60	0	1	60	1854865	1854924	3.56e-25	60
ERR20616156768	Chr8	100.000	60	0	1	60	1859887	1859946	3.56e-25	60
ERR20616156768	Chr8	100.000	60	0	1	60	1865030	1865089	3.56e-25	60
ERR20616156768	Chr8	100.000	60	0	1	60	1890546	1890605	3.56e-25	60
ERR20616156768	Chr8	100.000	57	0	1	57	1870170	1870226	1.66e-23	60
ERR20616156768	Chr8	100.000	57	0	1	57	1880420	1880476	1.66e-23	60
ERR20616156768	Chr8	100.000	57	0	1	57	1885552	1885608	1.66e-23	60
ERR20616156768	Chr8	100.000	57	0	1	57	1895640	1895696	1.66e-23	60
ERR20616156768	Chr8	100.000	57	0	1	57	1900647	1900703	1.66e-23	60
ERR20616156768	Chr8	98.246	57	0	1	57	1875299	1875354	2.77e-21	60
ERR20616156768	Chr7	100.000	60	0	1	60	2599	2540	3.56e-25	60
ERR20616156768	Chr7	100.000	60	0	1	60	7630	7571	3.56e-25	60
ERR20616156768	Chr7	100.000	60	0	1	60	4038964	4039023	3.56e-25	60
ERR20616156768	Chr7	100.000	60	0	1	60	4046425	4046484	3.56e-25	60
ERR20616156768	Chr7	100.000	60	0	1	60	4051454	4051513	3.56e-25	60
ERR20616156768	Chr7	100.000	60	0	1	60	4061643	4061702	3.56e-25	60
ERR20616156768	Chr7	100.000	57	0	1	57	4056613	4056669	1.66e-23	60
ERR20616156768	Chr7	100.000	57	0	1	57	4066674	4066730	1.66e-23	60
ERR20616156768	Chr7	100.000	57	0	1	57	4071784	4071840	1.66e-23	60
ERR20616156768	Chr7	100.000	57	0	1	57	4076774	4076830	1.66e-23	60
ERR20616156768	Chr6	100.000	60	0	1	60	2796	2737	3.56e-25	60
ERR20616156768	Chr6	100.000	60	0	1	60	7843	7784	3.56e-25	60
ERR20616156768	Chr6	100.000	60	0	1	60	12863	12804	3.56e-25	60
ERR20616156768	Chr6	100.000	60	0	1	60	17900	17841	3.56e-25	60
ERR20616156768	Chr6	100.000	60	0	1	60	22923	22864	3.56e-25	60
ERR20616156768	Chr6	100.000	60	0	1	60	6105339	6105398	3.56e-25	60
ERR20616156768	Chr6	100.000	60	0	1	60	6110453	6110512	3.56e-25	60
ERR20616156768	Chr6	100.000	60	0	1	60	6115498	6115557	3.56e-25	60
ERR20616156768	Chr6	100.000	60	0	1	60	6120541	6120600	3.56e-25	60
ERR20616156768	Chr6	100.000	57	0	1	57	6125701	6125757	1.66e-23	60
ERR20616156768	Chr6	100.000	57	0	1	57	6130743	6130799	1.66e-23	60
ERR20616156768	Chr5	100.000	60	0	1	60	2549	2490	3.56e-25	60
ERR20616156768	Chr5	100.000	60	0	1	60	4437347	4437406	3.56e-25	60
ERR20616156768	Chr5	100.000	60	0	1	60	4442374	4442433	3.56e-25	60
ERR20616156768	Chr5	100.000	60	0	1	60	4447417	4447476	3.56e-25	60
ERR20616156768	Chr5	100.000	60	0	1	60	4452470	4452529	3.56e-25	60
ERR20616156768	Chr5	100.000	60	0	1	60	4457512	4457571	3.56e-25	60
ERR20616156768	Chr4	100.000	60	0	1	60	2631	2572	3.56e-25	60
ERR20616156768	Chr4	100.000	60	0	1	60	7657	7598	3.56e-25	60
ERR20616156768	Chr4	100.000	60	0	1	60	12694	12635	3.56e-25	60
ERR20616156768	Chr4	100.000	60	0	1	60	5396283	5396342	3.56e-25	60
ERR20616156768	Chr4	100.000	60	0	1	60	5401328	5401387	3.56e-25	60
ERR20616156768	Chr4	100.000	60	0	1	60	5406366	5406425	3.56e-25	60
ERR20616156768	Chr4	100.000	60	0	1	60	5410581	5410640	3.56e-25	60
ERR20616156768	Chr3	100.000	60	0	1	60	2167	2108	3.56e-25	60
ERR20616156768	Chr3	100.000	60	0	1	60	8225085	8225144	3.56e-25	60
ERR20616156768	Chr3	100.000	60	0	1	60	8230099	8230158	3.56e-25	60
ERR20616156768	Chr3	100.000	60	0	1	60	8235133	8235192	3.56e-25	60
ERR20616156768	Chr3	100.000	57	0	1	57	7158	7102	1.66e-23	60
ERR20616156768	Chr3	100.000	57	0	1	57	12145	12089	1.66e-23	60
ERR20616156768	Chr2	100.000	60	0	1	60	7829	7770	3.56e-25	60
ERR20616156768	Chr2	100.000	60	0	1	60	12855	12796	3.56e-25	60
ERR20616156768	Chr2	100.000	60	0	1	60	7912826	7912885	3.56e-25	60
ERR20616156768	Chr2	100.000	57	0	1	57	2749	2693	1.66e-23	60
ERR20616156768	Chr1	100.000	60	0	1	60	6665585	6665644	3.56e-25	60
ERR20616157008	Chr8	100.000	60	0	1	60	4299	4240	3.56e-25	60
ERR20616157008	Chr8	100.000	60	0	1	60	9468	9409	3.56e-25	60
ERR20616157008	Chr8	100.000	60	0	1	60	14498	14439	3.56e-25	60
ERR20616157008	Chr8	100.000	60	0	1	60	1844670	1844729	3.56e-25	60
ERR20616157008	Chr8	100.000	60	0	1	60	1849807	1849866	3.56e-25	60
ERR20616157008	Chr8	100.000	60	0	1	60	1854874	1854933	3.56e-25	60
ERR20616157008	Chr8	100.000	60	0	1	60	1859896	1859955	3.56e-25	60
ERR20616157008	Chr8	100.000	60	0	1	60	1865039	1865098	3.56e-25	60
ERR20616157008	Chr8	100.000	60	0	1	60	1890555	1890614	3.56e-25	60
ERR20616157008	Chr8	98.333	60	0	1	60	1870179	1870237	5.96e-23	60
ERR20616157008	Chr8	98.333	60	0	1	60	1880429	1880487	5.96e-23	60
ERR20616157008	Chr8	98.333	60	0	1	60	1885561	1885619	5.96e-23	60
ERR20616157008	Chr8	98.333	60	0	1	60	1895649	1895707	5.96e-23	60
ERR20616157008	Chr8	98.333	60	0	1	60	1900656	1900714	5.96e-23	60
ERR20616157008	Chr8	96.667	60	1	1	60	1875307	1875365	2.77e-21	60
ERR20616157008	Chr7	100.000	60	0	1	60	2590	2531	3.56e-25	60
ERR20616157008	Chr7	100.000	60	0	1	60	7621	7562	3.56e-25	60
ERR20616157008	Chr7	100.000	60	0	1	60	4038973	4039032	3.56e-25	60
ERR20616157008	Chr7	100.000	60	0	1	60	4046434	4046493	3.56e-25	60
ERR20616157008	Chr7	100.000	60	0	1	60	4051463	4051522	3.56e-25	60
ERR20616157008	Chr7	100.000	60	0	1	60	4061652	4061711	3.56e-25	60
ERR20616157008	Chr7	98.333	60	0	1	60	4056622	4056680	5.96e-23	60
ERR20616157008	Chr7	98.333	60	0	1	60	4066683	4066741	5.96e-23	60
ERR20616157008	Chr7	98.333	60	0	1	60	4071793	4071851	5.96e-23	60
ERR20616157008	Chr7	98.333	60	0	1	60	4076783	4076841	5.96e-23	60
ERR20616157008	Chr6	100.000	60	0	1	60	2787	2728	3.56e-25	60
ERR20616157008	Chr6	100.000	60	0	1	60	7834	7775	3.56e-25	60
ERR20616157008	Chr6	100.000	60	0	1	60	12854	12795	3.56e-25	60
ERR20616157008	Chr6	100.000	60	0	1	60	17891	17832	3.56e-25	60
ERR20616157008	Chr6	100.000	60	0	1	60	22914	22855	3.56e-25	60
ERR20616157008	Chr6	100.000	60	0	1	60	6105348	6105407	3.56e-25	60
ERR20616157008	Chr6	100.000	60	0	1	60	6110462	6110521	3.56e-25	60
ERR20616157008	Chr6	100.000	60	0	1	60	6115507	6115566	3.56e-25	60
ERR20616157008	Chr6	100.000	60	0	1	60	6120550	6120609	3.56e-25	60
ERR20616157008	Chr6	98.333	60	0	1	60	6125710	6125768	5.96e-23	60
ERR20616157008	Chr6	98.333	60	0	1	60	6130752	6130810	5.96e-23	60
ERR20616157008	Chr5	100.000	60	0	1	60	2540	2481	3.56e-25	60
ERR20616157008	Chr5	100.000	60	0	1	60	4437356	4437415	3.56e-25	60
ERR20616157008	Chr5	100.000	60	0	1	60	4442383	4442442	3.56e-25	60
ERR20616157008	Chr5	100.000	60	0	1	60	4447426	4447485	3.56e-25	60
ERR20616157008	Chr5	100.000	60	0	1	60	4452479	4452538	3.56e-25	60
ERR20616157008	Chr5	100.000	60	0	1	60	4457521	4457580	3.56e-25	60
ERR20616157008	Chr4	100.000	60	0	1	60	2622	2563	3.56e-25	60
ERR20616157008	Chr4	100.000	60	0	1	60	7648	7589	3.56e-25	60
ERR20616157008	Chr4	100.000	60	0	1	60	12685	12626	3.56e-25	60
ERR20616157008	Chr4	100.000	60	0	1	60	5396292	5396351	3.56e-25	60
ERR20616157008	Chr4	100.000	60	0	1	60	5401337	5401396	3.56e-25	60
ERR20616157008	Chr4	100.000	60	0	1	60	5406375	5406434	3.56e-25	60
ERR20616157008	Chr4	100.000	60	0	1	60	5410590	5410649	3.56e-25	60
ERR20616157008	Chr3	100.000	60	0	1	60	2158	2099	3.56e-25	60
ERR20616157008	Chr3	100.000	60	0	1	60	8225094	8225153	3.56e-25	60
ERR20616157008	Chr3	100.000	60	0	1	60	8230108	8230167	3.56e-25	60
ERR20616157008	Chr3	100.000	60	0	1	60	8235142	8235201	3.56e-25	60
ERR20616157008	Chr3	98.333	60	0	1	60	7149	7091	5.96e-23	60
ERR20616157008	Chr3	98.333	60	0	1	60	12136	12078	5.96e-23	60
ERR20616157008	Chr2	100.000	60	0	1	60	7820	7761	3.56e-25	60
ERR20616157008	Chr2	100.000	60	0	1	60	12846	12787	3.56e-25	60
ERR20616157008	Chr2	100.000	60	0	1	60	7912835	7912894	3.56e-25	60
ERR20616157008	Chr2	98.333	60	0	1	60	2740	2682	5.96e-23	60
ERR20616157008	Chr1	100.000	60	0	1	60	6665594	6665653	3.56e-25	60
ERR20616158352	Chr8	100.000	52	0	1	52	4352	4301	7.93e-21	52
ERR20616158352	Chr8	100.000	52	0	1	52	9521	9470	7.93e-21	52
ERR20616158352	Chr8	100.000	52	0	1	52	14551	14500	7.93e-21	52
ERR20616158352	Chr8	100.000	52	0	1	52	1844617	1844668	7.93e-21	52
ERR20616158352	Chr8	100.000	52	0	1	52	1849754	1849805	7.93e-21	52
ERR20616158352	Chr8	100.000	52	0	1	52	1854821	1854872	7.93e-21	52
ERR20616158352	Chr8	100.000	52	0	1	52	1859843	1859894	7.93e-21	52
ERR20616158352	Chr8	100.000	52	0	1	52	1864986	1865037	7.93e-21	52
ERR20616158352	Chr8	100.000	52	0	1	52	1870126	1870177	7.93e-21	52
ERR20616158352	Chr8	100.000	52	0	1	52	1880376	1880427	7.93e-21	52
ERR20616158352	Chr8	100.000	52	0	1	52	1885508	1885559	7.93e-21	52
ERR20616158352	Chr8	100.000	52	0	1	52	1890502	1890553	7.93e-21	52
ERR20616158352	Chr8	100.000	52	0	1	52	1895596	1895647	7.93e-21	52
ERR20616158352	Chr8	100.000	52	0	1	52	1900603	1900654	7.93e-21	52
ERR20616158352	Chr8	96.226	53	1	1	52	1875254	1875306	1.72e-17	52
ERR20616158352	Chr7	100.000	52	0	1	52	2643	2592	7.93e-21	52
ERR20616158352	Chr7	100.000	52	0	1	52	7674	7623	7.93e-21	52
ERR20616158352	Chr7	100.000	52	0	1	52	4038920	4038971	7.93e-21	52
ERR20616158352	Chr7	100.000	52	0	1	52	4046381	4046432	7.93e-21	52
ERR20616158352	Chr7	100.000	52	0	1	52	4051410	4051461	7.93e-21	52
ERR20616158352	Chr7	100.000	52	0	1	52	4056569	4056620	7.93e-21	52
ERR20616158352	Chr7	100.000	52	0	1	52	4061599	4061650	7.93e-21	52
ERR20616158352	Chr7	100.000	52	0	1	52	4066630	4066681	7.93e-21	52
ERR20616158352	Chr7	100.000	52	0	1	52	4071740	4071791	7.93e-21	52
ERR20616158352	Chr7	100.000	52	0	1	52	4076730	4076781	7.93e-21	52
ERR20616158352	Chr6	100.000	52	0	1	52	2840	2789	7.93e-21	52
ERR20616158352	Chr6	100.000	52	0	1	52	7887	7836	7.93e-21	52
ERR20616158352	Chr6	100.000	52	0	1	52	12907	12856	7.93e-21	52
ERR20616158352	Chr6	100.000	52	0	1	52	17944	17893	7.93e-21	52
ERR20616158352	Chr6	100.000	52	0	1	52	22967	22916	7.93e-21	52
ERR20616158352	Chr6	100.000	52	0	1	52	6105295	6105346	7.93e-21	52
ERR20616158352	Chr6	100.000	52	0	1	52	6110409	6110460	7.93e-21	52
ERR20616158352	Chr6	100.000	52	0	1	52	6115454	6115505	7.93e-21	52
ERR20616158352	Chr6	100.000	52	0	1	52	6120497	6120548	7.93e-21	52
ERR20616158352	Chr6	100.000	52	0	1	52	6125657	6125708	7.93e-21	52
ERR20616158352	Chr6	100.000	52	0	1	52	6130699	6130750	7.93e-21	52
ERR20616158352	Chr5	100.000	52	0	1	52	2593	2542	7.93e-21	52
ERR20616158352	Chr5	100.000	52	0	1	52	4437303	4437354	7.93e-21	52
ERR20616158352	Chr5	100.000	52	0	1	52	4442330	4442381	7.93e-21	52
ERR20616158352	Chr5	100.000	52	0	1	52	4447373	4447424	7.93e-21	52
ERR20616158352	Chr5	100.000	52	0	1	52	4452426	4452477	7.93e-21	52
ERR20616158352	Chr5	100.000	52	0	1	52	4457468	4457519	7.93e-21	52
ERR20616158352	Chr4	100.000	52	0	1	52	2675	2624	7.93e-21	52
ERR20616158352	Chr4	100.000	52	0	1	52	7701	7650	7.93e-21	52
ERR20616158352	Chr4	100.000	52	0	1	52	12738	12687	7.93e-21	52
ERR20616158352	Chr4	100.000	52	0	1	52	5396239	5396290	7.93e-21	52
ERR20616158352	Chr4	100.000	52	0	1	52	5401284	5401335	7.93e-21	52
ERR20616158352	Chr4	100.000	52	0	1	52	5406322	5406373	7.93e-21	52
ERR20616158352	Chr4	100.000	52	0	1	52	5410537	5410588	7.93e-21	52
ERR20616158352	Chr3	100.000	52	0	1	52	2211	2160	7.93e-21	52
ERR20616158352	Chr3	100.000	52	0	1	52	7202	7151	7.93e-21	52
ERR20616158352	Chr3	100.000	52	0	1	52	12189	12138	7.93e-21	52
ERR20616158352	Chr3	100.000	52	0	1	52	8225041	8225092	7.93e-21	52
ERR20616158352	Chr3	100.000	52	0	1	52	8230055	8230106	7.93e-21	52
ERR20616158352	Chr3	100.000	52	0	1	52	8235089	8235140	7.93e-21	52
ERR20616158352	Chr2	100.000	52	0	1	52	2793	2742	7.93e-21	52
ERR20616158352	Chr2	100.000	52	0	1	52	7873	7822	7.93e-21	52
ERR20616158352	Chr2	100.000	52	0	1	52	12899	12848	7.93e-21	52
ERR20616158352	Chr2	100.000	52	0	1	52	7912782	7912833	7.93e-21	52
ERR20616158352	Chr1	100.000	52	0	1	52	6665541	6665592	7.93e-21	52
ERR20616158392	Chr8	100.000	57	0	1	57	4357	4301	1.53e-23	57
ERR20616158392	Chr8	100.000	57	0	1	57	9526	9470	1.53e-23	57
ERR20616158392	Chr8	100.000	57	0	1	57	14556	14500	1.53e-23	57
ERR20616158392	Chr8	100.000	57	0	1	57	1844612	1844668	1.53e-23	57
ERR20616158392	Chr8	100.000	57	0	1	57	1849749	1849805	1.53e-23	57
ERR20616158392	Chr8	100.000	57	0	1	57	1854816	1854872	1.53e-23	57
ERR20616158392	Chr8	100.000	57	0	1	57	1859838	1859894	1.53e-23	57
ERR20616158392	Chr8	100.000	57	0	1	57	1864981	1865037	1.53e-23	57
ERR20616158392	Chr8	100.000	57	0	1	57	1870121	1870177	1.53e-23	57
ERR20616158392	Chr8	100.000	57	0	1	57	1880371	1880427	1.53e-23	57
ERR20616158392	Chr8	100.000	57	0	1	57	1885503	1885559	1.53e-23	57
ERR20616158392	Chr8	100.000	57	0	1	57	1890497	1890553	1.53e-23	57
ERR20616158392	Chr8	100.000	57	0	1	57	1895591	1895647	1.53e-23	57
ERR20616158392	Chr8	100.000	57	0	1	57	1900598	1900654	1.53e-23	57
ERR20616158392	Chr8	96.552	58	1	1	57	1875249	1875306	3.31e-20	57
ERR20616158392	Chr7	100.000	57	0	1	57	2648	2592	1.53e-23	57
ERR20616158392	Chr7	100.000	57	0	1	57	7679	7623	1.53e-23	57
ERR20616158392	Chr7	100.000	57	0	1	57	4038915	4038971	1.53e-23	57
ERR20616158392	Chr7	100.000	57	0	1	57	4046376	4046432	1.53e-23	57
ERR20616158392	Chr7	100.000	57	0	1	57	4051405	4051461	1.53e-23	57
ERR20616158392	Chr7	100.000	57	0	1	57	4056564	4056620	1.53e-23	57
ERR20616158392	Chr7	100.000	57	0	1	57	4061594	4061650	1.53e-23	57
ERR20616158392	Chr7	100.000	57	0	1	57	4066625	4066681	1.53e-23	57
ERR20616158392	Chr7	100.000	57	0	1	57	4071735	4071791	1.53e-23	57
ERR20616158392	Chr7	100.000	57	0	1	57	4076725	4076781	1.53e-23	57
ERR20616158392	Chr6	100.000	57	0	1	57	2845	2789	1.53e-23	57
ERR20616158392	Chr6	100.000	57	0	1	57	7892	7836	1.53e-23	57
ERR20616158392	Chr6	100.000	57	0	1	57	12912	12856	1.53e-23	57
ERR20616158392	Chr6	100.000	57	0	1	57	17949	17893	1.53e-23	57
ERR20616158392	Chr6	100.000	57	0	1	57	22972	22916	1.53e-23	57
ERR20616158392	Chr6	100.000	57	0	1	57	6105290	6105346	1.53e-23	57
ERR20616158392	Chr6	100.000	57	0	1	57	6110404	6110460	1.53e-23	57
ERR20616158392	Chr6	100.000	57	0	1	57	6115449	6115505	1.53e-23	57
ERR20616158392	Chr6	100.000	57	0	1	57	6120492	6120548	1.53e-23	57
ERR20616158392	Chr6	100.000	57	0	1	57	6125652	6125708	1.53e-23	57
ERR20616158392	Chr6	100.000	57	0	1	57	6130694	6130750	1.53e-23	57
ERR20616158392	Chr5	100.000	57	0	1	57	2598	2542	1.53e-23	57
ERR20616158392	Chr5	100.000	57	0	1	57	4437298	4437354	1.53e-23	57
ERR20616158392	Chr5	100.000	57	0	1	57	4442325	4442381	1.53e-23	57
ERR20616158392	Chr5	100.000	57	0	1	57	4447368	4447424	1.53e-23	57
ERR20616158392	Chr5	100.000	57	0	1	57	4452421	4452477	1.53e-23	57
ERR20616158392	Chr5	100.000	57	0	1	57	4457463	4457519	1.53e-23	57
ERR20616158392	Chr4	100.000	57	0	1	57	2680	2624	1.53e-23	57
ERR20616158392	Chr4	100.000	57	0	1	57	7706	7650	1.53e-23	57
ERR20616158392	Chr4	100.000	57	0	1	57	12743	12687	1.53e-23	57
ERR20616158392	Chr4	100.000	57	0	1	57	5396234	5396290	1.53e-23	57
ERR20616158392	Chr4	100.000	57	0	1	57	5401279	5401335	1.53e-23	57
ERR20616158392	Chr4	100.000	57	0	1	57	5406317	5406373	1.53e-23	57
ERR20616158392	Chr4	100.000	57	0	1	57	5410532	5410588	1.53e-23	57
ERR20616158392	Chr3	100.000	57	0	1	57	2216	2160	1.53e-23	57
ERR20616158392	Chr3	100.000	57	0	1	57	7207	7151	1.53e-23	57
ERR20616158392	Chr3	100.000	57	0	1	57	12194	12138	1.53e-23	57
ERR20616158392	Chr3	100.000	57	0	1	57	8225036	8225092	1.53e-23	57
ERR20616158392	Chr3	100.000	57	0	1	57	8230050	8230106	1.53e-23	57
ERR20616158392	Chr3	100.000	57	0	1	57	8235084	8235140	1.53e-23	57
ERR20616158392	Chr2	100.000	57	0	1	57	2798	2742	1.53e-23	57
ERR20616158392	Chr2	100.000	57	0	1	57	7878	7822	1.53e-23	57
ERR20616158392	Chr2	100.000	57	0	1	57	12904	12848	1.53e-23	57
ERR20616158392	Chr2	100.000	57	0	1	57	7912777	7912833	1.53e-23	57
ERR20616158392	Chr1	100.000	57	0	1	57	6665536	6665592	1.53e-23	57
ERR20616153096	Chr8	100.000	45	0	1	45	4345	4301	4.78e-17	45
ERR20616153096	Chr8	100.000	45	0	1	45	9514	9470	4.78e-17	45
ERR20616153096	Chr8	100.000	45	0	1	45	14544	14500	4.78e-17	45
ERR20616153096	Chr8	100.000	45	0	1	45	1844624	1844668	4.78e-17	45
ERR20616153096	Chr8	100.000	45	0	1	45	1849761	1849805	4.78e-17	45
ERR20616153096	Chr8	100.000	45	0	1	45	1854828	1854872	4.78e-17	45
ERR20616153096	Chr8	100.000	45	0	1	45	1859850	1859894	4.78e-17	45
ERR20616153096	Chr8	100.000	45	0	1	45	1864993	1865037	4.78e-17	45
ERR20616153096	Chr8	100.000	45	0	1	45	1870133	1870177	4.78e-17	45
ERR20616153096	Chr8	100.000	45	0	1	45	1880383	1880427	4.78e-17	45
ERR20616153096	Chr8	100.000	45	0	1	45	1885515	1885559	4.78e-17	45
ERR20616153096	Chr8	100.000	45	0	1	45	1890509	1890553	4.78e-17	45
ERR20616153096	Chr8	100.000	45	0	1	45	1895603	1895647	4.78e-17	45
ERR20616153096	Chr8	100.000	45	0	1	45	1900610	1900654	4.78e-17	45
ERR20616153096	Chr8	95.652	46	1	1	45	1875261	1875306	1.03e-13	45
ERR20616153096	Chr7	100.000	45	0	1	45	2636	2592	4.78e-17	45
ERR20616153096	Chr7	100.000	45	0	1	45	7667	7623	4.78e-17	45
ERR20616153096	Chr7	100.000	45	0	1	45	4038927	4038971	4.78e-17	45
ERR20616153096	Chr7	100.000	45	0	1	45	4046388	4046432	4.78e-17	45
ERR20616153096	Chr7	100.000	45	0	1	45	4051417	4051461	4.78e-17	45
ERR20616153096	Chr7	100.000	45	0	1	45	4056576	4056620	4.78e-17	45
ERR20616153096	Chr7	100.000	45	0	1	45	4061606	4061650	4.78e-17	45
ERR20616153096	Chr7	100.000	45	0	1	45	4066637	4066681	4.78e-17	45
ERR20616153096	Chr7	100.000	45	0	1	45	4071747	4071791	4.78e-17	45
ERR20616153096	Chr7	100.000	45	0	1	45	4076737	4076781	4.78e-17	45
ERR20616153096	Chr6	100.000	45	0	1	45	2833	2789	4.78e-17	45
ERR20616153096	Chr6	100.000	45	0	1	45	7880	7836	4.78e-17	45
ERR20616153096	Chr6	100.000	45	0	1	45	12900	12856	4.78e-17	45
ERR20616153096	Chr6	100.000	45	0	1	45	17937	17893	4.78e-17	45
ERR20616153096	Chr6	100.000	45	0	1	45	22960	22916	4.78e-17	45
ERR20616153096	Chr6	100.000	45	0	1	45	6105302	6105346	4.78e-17	45
ERR20616153096	Chr6	100.000	45	0	1	45	6110416	6110460	4.78e-17	45
ERR20616153096	Chr6	100.000	45	0	1	45	6115461	6115505	4.78e-17	45
ERR20616153096	Chr6	100.000	45	0	1	45	6120504	6120548	4.78e-17	45
ERR20616153096	Chr6	100.000	45	0	1	45	6125664	6125708	4.78e-17	45
ERR20616153096	Chr6	100.000	45	0	1	45	6130706	6130750	4.78e-17	45
ERR20616153096	Chr5	100.000	45	0	1	45	2586	2542	4.78e-17	45
ERR20616153096	Chr5	100.000	45	0	1	45	4437310	4437354	4.78e-17	45
ERR20616153096	Chr5	100.000	45	0	1	45	4442337	4442381	4.78e-17	45
ERR20616153096	Chr5	100.000	45	0	1	45	4447380	4447424	4.78e-17	45
ERR20616153096	Chr5	100.000	45	0	1	45	4452433	4452477	4.78e-17	45
ERR20616153096	Chr5	100.000	45	0	1	45	4457475	4457519	4.78e-17	45
ERR20616153096	Chr4	100.000	45	0	1	45	2668	2624	4.78e-17	45
ERR20616153096	Chr4	100.000	45	0	1	45	7694	7650	4.78e-17	45
ERR20616153096	Chr4	100.000	45	0	1	45	12731	12687	4.78e-17	45
ERR20616153096	Chr4	100.000	45	0	1	45	5396246	5396290	4.78e-17	45
ERR20616153096	Chr4	100.000	45	0	1	45	5401291	5401335	4.78e-17	45
ERR20616153096	Chr4	100.000	45	0	1	45	5406329	5406373	4.78e-17	45
ERR20616153096	Chr4	100.000	45	0	1	45	5410544	5410588	4.78e-17	45
ERR20616153096	Chr3	100.000	45	0	1	45	2204	2160	4.78e-17	45
ERR20616153096	Chr3	100.000	45	0	1	45	7195	7151	4.78e-17	45
ERR20616153096	Chr3	100.000	45	0	1	45	12182	12138	4.78e-17	45
ERR20616153096	Chr3	100.000	45	0	1	45	8225048	8225092	4.78e-17	45
ERR20616153096	Chr3	100.000	45	0	1	45	8230062	8230106	4.78e-17	45
ERR20616153096	Chr3	100.000	45	0	1	45	8235096	8235140	4.78e-17	45
ERR20616153096	Chr2	100.000	45	0	1	45	2786	2742	4.78e-17	45
ERR20616153096	Chr2	100.000	45	0	1	45	7866	7822	4.78e-17	45
ERR20616153096	Chr2	100.000	45	0	1	45	12892	12848	4.78e-17	45
ERR20616153096	Chr2	100.000	45	0	1	45	7912789	7912833	4.78e-17	45
ERR20616153096	Chr1	100.000	45	0	1	45	6665548	6665592	4.78e-17	45
ERR20616153104	Chr8	98.333	60	1	1	60	4301	4360	1.66e-23	60
ERR20616153104	Chr8	98.333	60	1	1	60	9470	9529	1.66e-23	60
ERR20616153104	Chr8	98.333	60	1	1	60	14500	14559	1.66e-23	60
ERR20616153104	Chr8	98.333	60	1	1	60	1844668	1844609	1.66e-23	60
ERR20616153104	Chr8	98.333	60	1	1	60	1849805	1849746	1.66e-23	60
ERR20616153104	Chr8	98.333	60	1	1	60	1854872	1854813	1.66e-23	60
ERR20616153104	Chr8	98.333	60	1	1	60	1859894	1859835	1.66e-23	60
ERR20616153104	Chr8	98.333	60	1	1	60	1865037	1864978	1.66e-23	60
ERR20616153104	Chr8	98.333	60	1	1	60	1870177	1870118	1.66e-23	60
ERR20616153104	Chr8	98.333	60	1	1	60	1880427	1880368	1.66e-23	60
ERR20616153104	Chr8	98.333	60	1	1	60	1885559	1885500	1.66e-23	60
ERR20616153104	Chr8	98.333	60	1	1	60	1890553	1890494	1.66e-23	60
ERR20616153104	Chr8	98.333	60	1	1	60	1895647	1895588	1.66e-23	60
ERR20616153104	Chr8	98.333	60	1	1	60	1900654	1900595	1.66e-23	60
ERR20616153104	Chr8	95.082	61	2	1	60	1875306	1875246	3.59e-20	60
ERR20616153104	Chr7	98.333	60	1	1	60	2592	2651	1.66e-23	60
ERR20616153104	Chr7	98.333	60	1	1	60	7623	7682	1.66e-23	60
ERR20616153104	Chr7	98.333	60	1	1	60	4038971	4038912	1.66e-23	60
ERR20616153104	Chr7	98.333	60	1	1	60	4046432	4046373	1.66e-23	60
ERR20616153104	Chr7	98.333	60	1	1	60	4051461	4051402	1.66e-23	60
ERR20616153104	Chr7	98.333	60	1	1	60	4056620	4056561	1.66e-23	60
ERR20616153104	Chr7	98.333	60	1	1	60	4061650	4061591	1.66e-23	60
ERR20616153104	Chr7	98.333	60	1	1	60	4066681	4066622	1.66e-23	60
ERR20616153104	Chr7	98.333	60	1	1	60	4071791	4071732	1.66e-23	60
ERR20616153104	Chr7	98.333	60	1	1	60	4076781	4076722	1.66e-23	60
ERR20616153104	Chr6	98.333	60	1	1	60	2789	2848	1.66e-23	60
ERR20616153104	Chr6	98.333	60	1	1	60	7836	7895	1.66e-23	60
ERR20616153104	Chr6	98.333	60	1	1	60	12856	12915	1.66e-23	60
ERR20616153104	Chr6	98.333	60	1	1	60	17893	17952	1.66e-23	60
ERR20616153104	Chr6	98.333	60	1	1	60	22916	22975	1.66e-23	60
ERR20616153104	Chr6	98.333	60	1	1	60	6105346	6105287	1.66e-23	60
ERR20616153104	Chr6	98.333	60	1	1	60	6110460	6110401	1.66e-23	60
ERR20616153104	Chr6	98.333	60	1	1	60	6115505	6115446	1.66e-23	60
ERR20616153104	Chr6	98.333	60	1	1	60	6120548	6120489	1.66e-23	60
ERR20616153104	Chr6	98.333	60	1	1	60	6125708	6125649	1.66e-23	60
ERR20616153104	Chr6	98.333	60	1	1	60	6130750	6130691	1.66e-23	60
ERR20616153104	Chr5	98.333	60	1	1	60	2542	2601	1.66e-23	60
ERR20616153104	Chr5	98.333	60	1	1	60	4437354	4437295	1.66e-23	60
ERR20616153104	Chr5	98.333	60	1	1	60	4442381	4442322	1.66e-23	60
ERR20616153104	Chr5	98.333	60	1	1	60	4447424	4447365	1.66e-23	60
ERR20616153104	Chr5	98.333	60	1	1	60	4452477	4452418	1.66e-23	60
ERR20616153104	Chr5	98.333	60	1	1	60	4457519	4457460	1.66e-23	60
ERR20616153104	Chr4	98.333	60	1	1	60	2624	2683	1.66e-23	60
ERR20616153104	Chr4	98.333	60	1	1	60	7650	7709	1.66e-23	60
ERR20616153104	Chr4	98.333	60	1	1	60	12687	12746	1.66e-23	60
ERR20616153104	Chr4	98.333	60	1	1	60	5396290	5396231	1.66e-23	60
ERR20616153104	Chr4	98.333	60	1	1	60	5401335	5401276	1.66e-23	60
ERR20616153104	Chr4	98.333	60	1	1	60	5406373	5406314	1.66e-23	60
ERR20616153104	Chr4	98.333	60	1	1	60	5410588	5410529	1.66e-23	60
ERR20616153104	Chr3	98.333	60	1	1	60	2160	2219	1.66e-23	60
ERR20616153104	Chr3	98.333	60	1	1	60	7151	7210	1.66e-23	60
ERR20616153104	Chr3	98.333	60	1	1	60	12138	12197	1.66e-23	60
ERR20616153104	Chr3	98.333	60	1	1	60	8225092	8225033	1.66e-23	60
ERR20616153104	Chr3	98.333	60	1	1	60	8230106	8230047	1.66e-23	60
ERR20616153104	Chr3	98.333	60	1	1	60	8235140	8235081	1.66e-23	60
ERR20616153104	Chr2	98.333	60	1	1	60	2742	2801	1.66e-23	60
ERR20616153104	Chr2	98.333	60	1	1	60	7822	7881	1.66e-23	60
ERR20616153104	Chr2	98.333	60	1	1	60	12848	12907	1.66e-23	60
ERR20616153104	Chr2	98.333	60	1	1	60	7912833	7912774	1.66e-23	60
ERR20616153104	Chr1	98.333	60	1	1	60	6665592	6665533	1.66e-23	60
ERR20616153128	Chr8	100.000	60	0	1	60	4301	4360	3.56e-25	60
ERR20616153128	Chr8	100.000	60	0	1	60	9470	9529	3.56e-25	60
ERR20616153128	Chr8	100.000	60	0	1	60	14500	14559	3.56e-25	60
ERR20616153128	Chr8	100.000	60	0	1	60	1844668	1844609	3.56e-25	60
ERR20616153128	Chr8	100.000	60	0	1	60	1849805	1849746	3.56e-25	60
ERR20616153128	Chr8	100.000	60	0	1	60	1854872	1854813	3.56e-25	60
ERR20616153128	Chr8	100.000	60	0	1	60	1859894	1859835	3.56e-25	60
ERR20616153128	Chr8	100.000	60	0	1	60	1865037	1864978	3.56e-25	60
ERR20616153128	Chr8	100.000	60	0	1	60	1870177	1870118	3.56e-25	60
ERR20616153128	Chr8	100.000	60	0	1	60	1880427	1880368	3.56e-25	60
ERR20616153128	Chr8	100.000	60	0	1	60	1885559	1885500	3.56e-25	60
ERR20616153128	Chr8	100.000	60	0	1	60	1890553	1890494	3.56e-25	60
ERR20616153128	Chr8	100.000	60	0	1	60	1895647	1895588	3.56e-25	60
ERR20616153128	Chr8	100.000	60	0	1	60	1900654	1900595	3.56e-25	60
ERR20616153128	Chr8	96.721	61	1	1	60	1875306	1875246	7.71e-22	60
ERR20616153128	Chr7	100.000	60	0	1	60	2592	2651	3.56e-25	60
ERR20616153128	Chr7	100.000	60	0	1	60	7623	7682	3.56e-25	60
ERR20616153128	Chr7	100.000	60	0	1	60	4038971	4038912	3.56e-25	60
ERR20616153128	Chr7	100.000	60	0	1	60	4046432	4046373	3.56e-25	60
ERR20616153128	Chr7	100.000	60	0	1	60	4051461	4051402	3.56e-25	60
ERR20616153128	Chr7	100.000	60	0	1	60	4056620	4056561	3.56e-25	60
ERR20616153128	Chr7	100.000	60	0	1	60	4061650	4061591	3.56e-25	60
ERR20616153128	Chr7	100.000	60	0	1	60	4066681	4066622	3.56e-25	60
ERR20616153128	Chr7	100.000	60	0	1	60	4071791	4071732	3.56e-25	60
ERR20616153128	Chr7	100.000	60	0	1	60	4076781	4076722	3.56e-25	60
ERR20616153128	Chr6	100.000	60	0	1	60	2789	2848	3.56e-25	60
ERR20616153128	Chr6	100.000	60	0	1	60	7836	7895	3.56e-25	60
ERR20616153128	Chr6	100.000	60	0	1	60	12856	12915	3.56e-25	60
ERR20616153128	Chr6	100.000	60	0	1	60	17893	17952	3.56e-25	60
ERR20616153128	Chr6	100.000	60	0	1	60	22916	22975	3.56e-25	60
ERR20616153128	Chr6	100.000	60	0	1	60	6105346	6105287	3.56e-25	60
ERR20616153128	Chr6	100.000	60	0	1	60	6110460	6110401	3.56e-25	60
ERR20616153128	Chr6	100.000	60	0	1	60	6115505	6115446	3.56e-25	60
ERR20616153128	Chr6	100.000	60	0	1	60	6120548	6120489	3.56e-25	60
ERR20616153128	Chr6	100.000	60	0	1	60	6125708	6125649	3.56e-25	60
ERR20616153128	Chr6	100.000	60	0	1	60	6130750	6130691	3.56e-25	60
ERR20616153128	Chr5	100.000	60	0	1	60	2542	2601	3.56e-25	60
ERR20616153128	Chr5	100.000	60	0	1	60	4437354	4437295	3.56e-25	60
ERR20616153128	Chr5	100.000	60	0	1	60	4442381	4442322	3.56e-25	60
ERR20616153128	Chr5	100.000	60	0	1	60	4447424	4447365	3.56e-25	60
ERR20616153128	Chr5	100.000	60	0	1	60	4452477	4452418	3.56e-25	60
ERR20616153128	Chr5	100.000	60	0	1	60	4457519	4457460	3.56e-25	60
ERR20616153128	Chr4	100.000	60	0	1	60	2624	2683	3.56e-25	60
ERR20616153128	Chr4	100.000	60	0	1	60	7650	7709	3.56e-25	60
ERR20616153128	Chr4	100.000	60	0	1	60	12687	12746	3.56e-25	60
ERR20616153128	Chr4	100.000	60	0	1	60	5396290	5396231	3.56e-25	60
ERR20616153128	Chr4	100.000	60	0	1	60	5401335	5401276	3.56e-25	60
ERR20616153128	Chr4	100.000	60	0	1	60	5406373	5406314	3.56e-25	60
ERR20616153128	Chr4	100.000	60	0	1	60	5410588	5410529	3.56e-25	60
ERR20616153128	Chr3	100.000	60	0	1	60	2160	2219	3.56e-25	60
ERR20616153128	Chr3	100.000	60	0	1	60	7151	7210	3.56e-25	60
ERR20616153128	Chr3	100.000	60	0	1	60	12138	12197	3.56e-25	60
ERR20616153128	Chr3	100.000	60	0	1	60	8225092	8225033	3.56e-25	60
ERR20616153128	Chr3	100.000	60	0	1	60	8230106	8230047	3.56e-25	60
ERR20616153128	Chr3	100.000	60	0	1	60	8235140	8235081	3.56e-25	60
ERR20616153128	Chr2	100.000	60	0	1	60	2742	2801	3.56e-25	60
ERR20616153128	Chr2	100.000	60	0	1	60	7822	7881	3.56e-25	60
ERR20616153128	Chr2	100.000	60	0	1	60	12848	12907	3.56e-25	60
ERR20616153128	Chr2	100.000	60	0	1	60	7912833	7912774	3.56e-25	60
ERR20616153128	Chr1	100.000	60	0	1	60	6665592	6665533	3.56e-25	60
ERR20616158944	Chr8	98.333	60	1	1	60	3737	3678	1.66e-23	60
ERR20616158944	Chr8	98.333	60	1	1	60	8906	8847	1.66e-23	60
ERR20616158944	Chr8	98.333	60	1	1	60	13936	13877	1.66e-23	60
ERR20616158944	Chr8	98.333	60	1	1	60	1845232	1845291	1.66e-23	60
ERR20616158944	Chr8	98.333	60	1	1	60	1850369	1850428	1.66e-23	60
ERR20616158944	Chr8	98.333	60	1	1	60	1855435	1855494	1.66e-23	60
ERR20616158944	Chr8	98.333	60	1	1	60	1860457	1860516	1.66e-23	60
ERR20616158944	Chr8	98.333	60	1	1	60	1865598	1865657	1.66e-23	60
ERR20616158944	Chr8	98.333	60	1	1	60	1870739	1870798	1.66e-23	60
ERR20616158944	Chr8	98.333	60	1	1	60	1875866	1875925	1.66e-23	60
ERR20616158944	Chr8	98.333	60	1	1	60	1880988	1881047	1.66e-23	60
ERR20616158944	Chr8	98.333	60	1	1	60	1886118	1886177	1.66e-23	60
ERR20616158944	Chr8	98.333	60	1	1	60	1891113	1891172	1.66e-23	60
ERR20616158944	Chr8	98.333	60	1	1	60	1896204	1896263	1.66e-23	60
ERR20616158944	Chr8	98.333	60	1	1	60	1901213	1901272	1.66e-23	60
ERR20616158944	Chr7	98.333	60	1	1	60	2028	1969	1.66e-23	60
ERR20616158944	Chr7	98.333	60	1	1	60	7059	7000	1.66e-23	60
ERR20616158944	Chr7	98.333	60	1	1	60	4039535	4039594	1.66e-23	60
ERR20616158944	Chr7	98.333	60	1	1	60	4046996	4047055	1.66e-23	60
ERR20616158944	Chr7	98.333	60	1	1	60	4052025	4052084	1.66e-23	60
ERR20616158944	Chr7	98.333	60	1	1	60	4057183	4057242	1.66e-23	60
ERR20616158944	Chr7	98.333	60	1	1	60	4062214	4062273	1.66e-23	60
ERR20616158944	Chr7	98.333	60	1	1	60	4067241	4067300	1.66e-23	60
ERR20616158944	Chr7	98.333	60	1	1	60	4072347	4072406	1.66e-23	60
ERR20616158944	Chr7	98.333	60	1	1	60	4077340	4077399	1.66e-23	60
ERR20616158944	Chr6	98.333	60	1	1	60	2225	2166	1.66e-23	60
ERR20616158944	Chr6	98.333	60	1	1	60	7272	7213	1.66e-23	60
ERR20616158944	Chr6	98.333	60	1	1	60	12293	12234	1.66e-23	60
ERR20616158944	Chr6	98.333	60	1	1	60	17329	17270	1.66e-23	60
ERR20616158944	Chr6	98.333	60	1	1	60	22352	22293	1.66e-23	60
ERR20616158944	Chr6	98.333	60	1	1	60	6105909	6105968	1.66e-23	60
ERR20616158944	Chr6	98.333	60	1	1	60	6111024	6111083	1.66e-23	60
ERR20616158944	Chr6	98.333	60	1	1	60	6116069	6116128	1.66e-23	60
ERR20616158944	Chr6	98.333	60	1	1	60	6121110	6121169	1.66e-23	60
ERR20616158944	Chr6	98.333	60	1	1	60	6126271	6126330	1.66e-23	60
ERR20616158944	Chr6	98.333	60	1	1	60	6131312	6131371	1.66e-23	60
ERR20616158944	Chr5	98.333	60	1	1	60	1978	1919	1.66e-23	60
ERR20616158944	Chr5	98.333	60	1	1	60	4437918	4437977	1.66e-23	60
ERR20616158944	Chr5	98.333	60	1	1	60	4442945	4443004	1.66e-23	60
ERR20616158944	Chr5	98.333	60	1	1	60	4447987	4448046	1.66e-23	60
ERR20616158944	Chr5	98.333	60	1	1	60	4453040	4453099	1.66e-23	60
ERR20616158944	Chr5	98.333	60	1	1	60	4458083	4458142	1.66e-23	60
ERR20616158944	Chr4	98.333	60	1	1	60	2060	2001	1.66e-23	60
ERR20616158944	Chr4	98.333	60	1	1	60	7086	7027	1.66e-23	60
ERR20616158944	Chr4	98.333	60	1	1	60	12123	12064	1.66e-23	60
ERR20616158944	Chr4	98.333	60	1	1	60	5396854	5396913	1.66e-23	60
ERR20616158944	Chr4	98.333	60	1	1	60	5401899	5401958	1.66e-23	60
ERR20616158944	Chr4	98.333	60	1	1	60	5406937	5406996	1.66e-23	60
ERR20616158944	Chr4	98.333	60	1	1	60	5411152	5411211	1.66e-23	60
ERR20616158944	Chr3	98.333	60	1	1	60	1595	1536	1.66e-23	60
ERR20616158944	Chr3	98.333	60	1	1	60	6588	6529	1.66e-23	60
ERR20616158944	Chr3	98.333	60	1	1	60	11576	11517	1.66e-23	60
ERR20616158944	Chr3	98.333	60	1	1	60	8225656	8225715	1.66e-23	60
ERR20616158944	Chr3	98.333	60	1	1	60	8230670	8230729	1.66e-23	60
ERR20616158944	Chr3	98.333	60	1	1	60	8235704	8235763	1.66e-23	60
ERR20616158944	Chr2	98.333	60	1	1	60	2182	2123	1.66e-23	60
ERR20616158944	Chr2	98.333	60	1	1	60	7258	7199	1.66e-23	60
ERR20616158944	Chr2	98.333	60	1	1	60	12284	12225	1.66e-23	60
ERR20616158944	Chr2	98.333	60	1	1	60	7913397	7913456	1.66e-23	60
ERR20616158944	Chr1	98.333	60	1	1	60	6666156	6666215	1.66e-23	60
ERR20616158528	Chr8	100.000	60	0	1	60	4390	4331	3.56e-25	60
ERR20616158528	Chr8	100.000	60	0	1	60	9559	9500	3.56e-25	60
ERR20616158528	Chr8	100.000	60	0	1	60	14589	14530	3.56e-25	60
ERR20616158528	Chr8	100.000	60	0	1	60	1844579	1844638	3.56e-25	60
ERR20616158528	Chr8	100.000	60	0	1	60	1849716	1849775	3.56e-25	60
ERR20616158528	Chr8	100.000	60	0	1	60	1854783	1854842	3.56e-25	60
ERR20616158528	Chr8	100.000	60	0	1	60	1859805	1859864	3.56e-25	60
ERR20616158528	Chr8	100.000	60	0	1	60	1864948	1865007	3.56e-25	60
ERR20616158528	Chr8	100.000	60	0	1	60	1870088	1870147	3.56e-25	60
ERR20616158528	Chr8	100.000	60	0	1	60	1875216	1875275	3.56e-25	60
ERR20616158528	Chr8	100.000	60	0	1	60	1880338	1880397	3.56e-25	60
ERR20616158528	Chr8	100.000	60	0	1	60	1885470	1885529	3.56e-25	60
ERR20616158528	Chr8	100.000	60	0	1	60	1890464	1890523	3.56e-25	60
ERR20616158528	Chr8	100.000	60	0	1	60	1895558	1895617	3.56e-25	60
ERR20616158528	Chr8	100.000	60	0	1	60	1900565	1900624	3.56e-25	60
ERR20616158528	Chr7	100.000	60	0	1	60	2681	2622	3.56e-25	60
ERR20616158528	Chr7	100.000	60	0	1	60	7712	7653	3.56e-25	60
ERR20616158528	Chr7	100.000	60	0	1	60	4038882	4038941	3.56e-25	60
ERR20616158528	Chr7	100.000	60	0	1	60	4046343	4046402	3.56e-25	60
ERR20616158528	Chr7	100.000	60	0	1	60	4051372	4051431	3.56e-25	60
ERR20616158528	Chr7	100.000	60	0	1	60	4056531	4056590	3.56e-25	60
ERR20616158528	Chr7	100.000	60	0	1	60	4061561	4061620	3.56e-25	60
ERR20616158528	Chr7	100.000	60	0	1	60	4066592	4066651	3.56e-25	60
ERR20616158528	Chr7	100.000	60	0	1	60	4071702	4071761	3.56e-25	60
ERR20616158528	Chr7	100.000	60	0	1	60	4076692	4076751	3.56e-25	60
ERR20616158528	Chr6	100.000	60	0	1	60	2878	2819	3.56e-25	60
ERR20616158528	Chr6	100.000	60	0	1	60	7925	7866	3.56e-25	60
ERR20616158528	Chr6	100.000	60	0	1	60	12945	12886	3.56e-25	60
ERR20616158528	Chr6	100.000	60	0	1	60	17982	17923	3.56e-25	60
ERR20616158528	Chr6	100.000	60	0	1	60	23005	22946	3.56e-25	60
ERR20616158528	Chr6	100.000	60	0	1	60	6105257	6105316	3.56e-25	60
ERR20616158528	Chr6	100.000	60	0	1	60	6110371	6110430	3.56e-25	60
ERR20616158528	Chr6	100.000	60	0	1	60	6115416	6115475	3.56e-25	60
ERR20616158528	Chr6	100.000	60	0	1	60	6120459	6120518	3.56e-25	60
ERR20616158528	Chr6	100.000	60	0	1	60	6125619	6125678	3.56e-25	60
ERR20616158528	Chr6	100.000	60	0	1	60	6130661	6130720	3.56e-25	60
ERR20616158528	Chr5	100.000	60	0	1	60	2631	2572	3.56e-25	60
ERR20616158528	Chr5	100.000	60	0	1	60	4437265	4437324	3.56e-25	60
ERR20616158528	Chr5	100.000	60	0	1	60	4442292	4442351	3.56e-25	60
ERR20616158528	Chr5	100.000	60	0	1	60	4447335	4447394	3.56e-25	60
ERR20616158528	Chr5	100.000	60	0	1	60	4452388	4452447	3.56e-25	60
ERR20616158528	Chr5	100.000	60	0	1	60	4457430	4457489	3.56e-25	60
ERR20616158528	Chr4	100.000	60	0	1	60	2713	2654	3.56e-25	60
ERR20616158528	Chr4	100.000	60	0	1	60	7739	7680	3.56e-25	60
ERR20616158528	Chr4	100.000	60	0	1	60	12776	12717	3.56e-25	60
ERR20616158528	Chr4	100.000	60	0	1	60	5396201	5396260	3.56e-25	60
ERR20616158528	Chr4	100.000	60	0	1	60	5401246	5401305	3.56e-25	60
ERR20616158528	Chr4	100.000	60	0	1	60	5406284	5406343	3.56e-25	60
ERR20616158528	Chr4	100.000	60	0	1	60	5410499	5410558	3.56e-25	60
ERR20616158528	Chr3	100.000	60	0	1	60	2249	2190	3.56e-25	60
ERR20616158528	Chr3	100.000	60	0	1	60	7240	7181	3.56e-25	60
ERR20616158528	Chr3	100.000	60	0	1	60	12227	12168	3.56e-25	60
ERR20616158528	Chr3	100.000	60	0	1	60	8225003	8225062	3.56e-25	60
ERR20616158528	Chr3	100.000	60	0	1	60	8230017	8230076	3.56e-25	60
ERR20616158528	Chr3	100.000	60	0	1	60	8235051	8235110	3.56e-25	60
ERR20616158528	Chr2	100.000	60	0	1	60	2831	2772	3.56e-25	60
ERR20616158528	Chr2	100.000	60	0	1	60	7911	7852	3.56e-25	60
ERR20616158528	Chr2	100.000	60	0	1	60	12937	12878	3.56e-25	60
ERR20616158528	Chr2	100.000	60	0	1	60	7912744	7912803	3.56e-25	60
ERR20616158528	Chr1	100.000	60	0	1	60	6665503	6665562	3.56e-25	60
ERR2061615664	Chr8	100.000	60	0	1	60	4390	4331	3.56e-25	60
ERR2061615664	Chr8	100.000	60	0	1	60	9559	9500	3.56e-25	60
ERR2061615664	Chr8	100.000	60	0	1	60	14589	14530	3.56e-25	60
ERR2061615664	Chr8	100.000	60	0	1	60	1844579	1844638	3.56e-25	60
ERR2061615664	Chr8	100.000	60	0	1	60	1849716	1849775	3.56e-25	60
ERR2061615664	Chr8	100.000	60	0	1	60	1854783	1854842	3.56e-25	60
ERR2061615664	Chr8	100.000	60	0	1	60	1859805	1859864	3.56e-25	60
ERR2061615664	Chr8	100.000	60	0	1	60	1864948	1865007	3.56e-25	60
ERR2061615664	Chr8	100.000	60	0	1	60	1870088	1870147	3.56e-25	60
ERR2061615664	Chr8	100.000	60	0	1	60	1875216	1875275	3.56e-25	60
ERR2061615664	Chr8	100.000	60	0	1	60	1880338	1880397	3.56e-25	60
ERR2061615664	Chr8	100.000	60	0	1	60	1885470	1885529	3.56e-25	60
ERR2061615664	Chr8	100.000	60	0	1	60	1890464	1890523	3.56e-25	60
ERR2061615664	Chr8	100.000	60	0	1	60	1895558	1895617	3.56e-25	60
ERR2061615664	Chr8	100.000	60	0	1	60	1900565	1900624	3.56e-25	60
ERR2061615664	Chr7	100.000	60	0	1	60	2681	2622	3.56e-25	60
ERR2061615664	Chr7	100.000	60	0	1	60	7712	7653	3.56e-25	60
ERR2061615664	Chr7	100.000	60	0	1	60	4038882	4038941	3.56e-25	60
ERR2061615664	Chr7	100.000	60	0	1	60	4046343	4046402	3.56e-25	60
ERR2061615664	Chr7	100.000	60	0	1	60	4051372	4051431	3.56e-25	60
ERR2061615664	Chr7	100.000	60	0	1	60	4056531	4056590	3.56e-25	60
ERR2061615664	Chr7	100.000	60	0	1	60	4061561	4061620	3.56e-25	60
ERR2061615664	Chr7	100.000	60	0	1	60	4066592	4066651	3.56e-25	60
ERR2061615664	Chr7	100.000	60	0	1	60	4071702	4071761	3.56e-25	60
ERR2061615664	Chr7	100.000	60	0	1	60	4076692	4076751	3.56e-25	60
ERR2061615664	Chr6	100.000	60	0	1	60	2878	2819	3.56e-25	60
ERR2061615664	Chr6	100.000	60	0	1	60	7925	7866	3.56e-25	60
ERR2061615664	Chr6	100.000	60	0	1	60	12945	12886	3.56e-25	60
ERR2061615664	Chr6	100.000	60	0	1	60	17982	17923	3.56e-25	60
ERR2061615664	Chr6	100.000	60	0	1	60	23005	22946	3.56e-25	60
ERR2061615664	Chr6	100.000	60	0	1	60	6105257	6105316	3.56e-25	60
ERR2061615664	Chr6	100.000	60	0	1	60	6110371	6110430	3.56e-25	60
ERR2061615664	Chr6	100.000	60	0	1	60	6115416	6115475	3.56e-25	60
ERR2061615664	Chr6	100.000	60	0	1	60	6120459	6120518	3.56e-25	60
ERR2061615664	Chr6	100.000	60	0	1	60	6125619	6125678	3.56e-25	60
ERR2061615664	Chr6	100.000	60	0	1	60	6130661	6130720	3.56e-25	60
ERR2061615664	Chr5	100.000	60	0	1	60	2631	2572	3.56e-25	60
ERR2061615664	Chr5	100.000	60	0	1	60	4437265	4437324	3.56e-25	60
ERR2061615664	Chr5	100.000	60	0	1	60	4442292	4442351	3.56e-25	60
ERR2061615664	Chr5	100.000	60	0	1	60	4447335	4447394	3.56e-25	60
ERR2061615664	Chr5	100.000	60	0	1	60	4452388	4452447	3.56e-25	60
ERR2061615664	Chr5	100.000	60	0	1	60	4457430	4457489	3.56e-25	60
ERR2061615664	Chr4	100.000	60	0	1	60	2713	2654	3.56e-25	60
ERR2061615664	Chr4	100.000	60	0	1	60	7739	7680	3.56e-25	60
ERR2061615664	Chr4	100.000	60	0	1	60	12776	12717	3.56e-25	60
ERR2061615664	Chr4	100.000	60	0	1	60	5396201	5396260	3.56e-25	60
ERR2061615664	Chr4	100.000	60	0	1	60	5401246	5401305	3.56e-25	60
ERR2061615664	Chr4	100.000	60	0	1	60	5406284	5406343	3.56e-25	60
ERR2061615664	Chr4	100.000	60	0	1	60	5410499	5410558	3.56e-25	60
ERR2061615664	Chr3	100.000	60	0	1	60	2249	2190	3.56e-25	60
ERR2061615664	Chr3	100.000	60	0	1	60	7240	7181	3.56e-25	60
ERR2061615664	Chr3	100.000	60	0	1	60	12227	12168	3.56e-25	60
ERR2061615664	Chr3	100.000	60	0	1	60	8225003	8225062	3.56e-25	60
ERR2061615664	Chr3	100.000	60	0	1	60	8230017	8230076	3.56e-25	60
ERR2061615664	Chr3	100.000	60	0	1	60	8235051	8235110	3.56e-25	60
ERR2061615664	Chr2	100.000	60	0	1	60	2831	2772	3.56e-25	60
ERR2061615664	Chr2	100.000	60	0	1	60	7911	7852	3.56e-25	60
ERR2061615664	Chr2	100.000	60	0	1	60	12937	12878	3.56e-25	60
ERR2061615664	Chr2	100.000	60	0	1	60	7912744	7912803	3.56e-25	60
ERR2061615664	Chr1	100.000	60	0	1	60	6665503	6665562	3.56e-25	60
ERR20616158520	Chr8	100.000	60	0	1	60	4389	4330	3.56e-25	60
ERR20616158520	Chr8	100.000	60	0	1	60	9558	9499	3.56e-25	60
ERR20616158520	Chr8	100.000	60	0	1	60	14588	14529	3.56e-25	60
ERR20616158520	Chr8	100.000	60	0	1	60	1844580	1844639	3.56e-25	60
ERR20616158520	Chr8	100.000	60	0	1	60	1849717	1849776	3.56e-25	60
ERR20616158520	Chr8	100.000	60	0	1	60	1854784	1854843	3.56e-25	60
ERR20616158520	Chr8	100.000	60	0	1	60	1859806	1859865	3.56e-25	60
ERR20616158520	Chr8	100.000	60	0	1	60	1864949	1865008	3.56e-25	60
ERR20616158520	Chr8	100.000	60	0	1	60	1870089	1870148	3.56e-25	60
ERR20616158520	Chr8	100.000	60	0	1	60	1875217	1875276	3.56e-25	60
ERR20616158520	Chr8	100.000	60	0	1	60	1880339	1880398	3.56e-25	60
ERR20616158520	Chr8	100.000	60	0	1	60	1885471	1885530	3.56e-25	60
ERR20616158520	Chr8	100.000	60	0	1	60	1890465	1890524	3.56e-25	60
ERR20616158520	Chr8	100.000	60	0	1	60	1895559	1895618	3.56e-25	60
ERR20616158520	Chr8	100.000	60	0	1	60	1900566	1900625	3.56e-25	60
ERR20616158520	Chr7	100.000	60	0	1	60	2680	2621	3.56e-25	60
ERR20616158520	Chr7	100.000	60	0	1	60	7711	7652	3.56e-25	60
ERR20616158520	Chr7	100.000	60	0	1	60	4038883	4038942	3.56e-25	60
ERR20616158520	Chr7	100.000	60	0	1	60	4046344	4046403	3.56e-25	60
ERR20616158520	Chr7	100.000	60	0	1	60	4051373	4051432	3.56e-25	60
ERR20616158520	Chr7	100.000	60	0	1	60	4056532	4056591	3.56e-25	60
ERR20616158520	Chr7	100.000	60	0	1	60	4061562	4061621	3.56e-25	60
ERR20616158520	Chr7	100.000	60	0	1	60	4066593	4066652	3.56e-25	60
ERR20616158520	Chr7	100.000	60	0	1	60	4071703	4071762	3.56e-25	60
ERR20616158520	Chr7	100.000	60	0	1	60	4076693	4076752	3.56e-25	60
ERR20616158520	Chr6	100.000	60	0	1	60	2877	2818	3.56e-25	60
ERR20616158520	Chr6	100.000	60	0	1	60	7924	7865	3.56e-25	60
ERR20616158520	Chr6	100.000	60	0	1	60	12944	12885	3.56e-25	60
ERR20616158520	Chr6	100.000	60	0	1	60	17981	17922	3.56e-25	60
ERR20616158520	Chr6	100.000	60	0	1	60	23004	22945	3.56e-25	60
ERR20616158520	Chr6	100.000	60	0	1	60	6105258	6105317	3.56e-25	60
ERR20616158520	Chr6	100.000	60	0	1	60	6110372	6110431	3.56e-25	60
ERR20616158520	Chr6	100.000	60	0	1	60	6115417	6115476	3.56e-25	60
ERR20616158520	Chr6	100.000	60	0	1	60	6120460	6120519	3.56e-25	60
ERR20616158520	Chr6	100.000	60	0	1	60	6125620	6125679	3.56e-25	60
ERR20616158520	Chr6	100.000	60	0	1	60	6130662	6130721	3.56e-25	60
ERR20616158520	Chr5	100.000	60	0	1	60	2630	2571	3.56e-25	60
ERR20616158520	Chr5	100.000	60	0	1	60	4437266	4437325	3.56e-25	60
ERR20616158520	Chr5	100.000	60	0	1	60	4442293	4442352	3.56e-25	60
ERR20616158520	Chr5	100.000	60	0	1	60	4447336	4447395	3.56e-25	60
ERR20616158520	Chr5	100.000	60	0	1	60	4452389	4452448	3.56e-25	60
ERR20616158520	Chr5	100.000	60	0	1	60	4457431	4457490	3.56e-25	60
ERR20616158520	Chr4	100.000	60	0	1	60	2712	2653	3.56e-25	60
ERR20616158520	Chr4	100.000	60	0	1	60	7738	7679	3.56e-25	60
ERR20616158520	Chr4	100.000	60	0	1	60	12775	12716	3.56e-25	60
ERR20616158520	Chr4	100.000	60	0	1	60	5396202	5396261	3.56e-25	60
ERR20616158520	Chr4	100.000	60	0	1	60	5401247	5401306	3.56e-25	60
ERR20616158520	Chr4	100.000	60	0	1	60	5406285	5406344	3.56e-25	60
ERR20616158520	Chr4	100.000	60	0	1	60	5410500	5410559	3.56e-25	60
ERR20616158520	Chr3	100.000	60	0	1	60	2248	2189	3.56e-25	60
ERR20616158520	Chr3	100.000	60	0	1	60	7239	7180	3.56e-25	60
ERR20616158520	Chr3	100.000	60	0	1	60	12226	12167	3.56e-25	60
ERR20616158520	Chr3	100.000	60	0	1	60	8225004	8225063	3.56e-25	60
ERR20616158520	Chr3	100.000	60	0	1	60	8230018	8230077	3.56e-25	60
ERR20616158520	Chr3	100.000	60	0	1	60	8235052	8235111	3.56e-25	60
ERR20616158520	Chr2	100.000	60	0	1	60	2830	2771	3.56e-25	60
ERR20616158520	Chr2	100.000	60	0	1	60	7910	7851	3.56e-25	60
ERR20616158520	Chr2	100.000	60	0	1	60	12936	12877	3.56e-25	60
ERR20616158520	Chr2	100.000	60	0	1	60	7912745	7912804	3.56e-25	60
ERR20616158520	Chr1	100.000	60	0	1	60	6665504	6665563	3.56e-25	60
ERR20616158480	Chr8	100.000	60	0	1	60	4378	4319	3.56e-25	60
ERR20616158480	Chr8	100.000	60	0	1	60	9547	9488	3.56e-25	60
ERR20616158480	Chr8	100.000	60	0	1	60	14577	14518	3.56e-25	60
ERR20616158480	Chr8	100.000	60	0	1	60	1844591	1844650	3.56e-25	60
ERR20616158480	Chr8	100.000	60	0	1	60	1849728	1849787	3.56e-25	60
ERR20616158480	Chr8	100.000	60	0	1	60	1854795	1854854	3.56e-25	60
ERR20616158480	Chr8	100.000	60	0	1	60	1859817	1859876	3.56e-25	60
ERR20616158480	Chr8	100.000	60	0	1	60	1864960	1865019	3.56e-25	60
ERR20616158480	Chr8	100.000	60	0	1	60	1870100	1870159	3.56e-25	60
ERR20616158480	Chr8	100.000	60	0	1	60	1875228	1875287	3.56e-25	60
ERR20616158480	Chr8	100.000	60	0	1	60	1880350	1880409	3.56e-25	60
ERR20616158480	Chr8	100.000	60	0	1	60	1885482	1885541	3.56e-25	60
ERR20616158480	Chr8	100.000	60	0	1	60	1890476	1890535	3.56e-25	60
ERR20616158480	Chr8	100.000	60	0	1	60	1895570	1895629	3.56e-25	60
ERR20616158480	Chr8	100.000	60	0	1	60	1900577	1900636	3.56e-25	60
ERR20616158480	Chr7	100.000	60	0	1	60	2669	2610	3.56e-25	60
ERR20616158480	Chr7	100.000	60	0	1	60	7700	7641	3.56e-25	60
ERR20616158480	Chr7	100.000	60	0	1	60	4038894	4038953	3.56e-25	60
ERR20616158480	Chr7	100.000	60	0	1	60	4046355	4046414	3.56e-25	60
ERR20616158480	Chr7	100.000	60	0	1	60	4051384	4051443	3.56e-25	60
ERR20616158480	Chr7	100.000	60	0	1	60	4056543	4056602	3.56e-25	60
ERR20616158480	Chr7	100.000	60	0	1	60	4061573	4061632	3.56e-25	60
ERR20616158480	Chr7	100.000	60	0	1	60	4066604	4066663	3.56e-25	60
ERR20616158480	Chr7	100.000	60	0	1	60	4071714	4071773	3.56e-25	60
ERR20616158480	Chr7	100.000	60	0	1	60	4076704	4076763	3.56e-25	60
ERR20616158480	Chr6	100.000	60	0	1	60	2866	2807	3.56e-25	60
ERR20616158480	Chr6	100.000	60	0	1	60	7913	7854	3.56e-25	60
ERR20616158480	Chr6	100.000	60	0	1	60	12933	12874	3.56e-25	60
ERR20616158480	Chr6	100.000	60	0	1	60	17970	17911	3.56e-25	60
ERR20616158480	Chr6	100.000	60	0	1	60	22993	22934	3.56e-25	60
ERR20616158480	Chr6	100.000	60	0	1	60	6105269	6105328	3.56e-25	60
ERR20616158480	Chr6	100.000	60	0	1	60	6110383	6110442	3.56e-25	60
ERR20616158480	Chr6	100.000	60	0	1	60	6115428	6115487	3.56e-25	60
ERR20616158480	Chr6	100.000	60	0	1	60	6120471	6120530	3.56e-25	60
ERR20616158480	Chr6	100.000	60	0	1	60	6125631	6125690	3.56e-25	60
ERR20616158480	Chr6	100.000	60	0	1	60	6130673	6130732	3.56e-25	60
ERR20616158480	Chr5	100.000	60	0	1	60	2619	2560	3.56e-25	60
ERR20616158480	Chr5	100.000	60	0	1	60	4437277	4437336	3.56e-25	60
ERR20616158480	Chr5	100.000	60	0	1	60	4442304	4442363	3.56e-25	60
ERR20616158480	Chr5	100.000	60	0	1	60	4447347	4447406	3.56e-25	60
ERR20616158480	Chr5	100.000	60	0	1	60	4452400	4452459	3.56e-25	60
ERR20616158480	Chr5	100.000	60	0	1	60	4457442	4457501	3.56e-25	60
ERR20616158480	Chr4	100.000	60	0	1	60	2701	2642	3.56e-25	60
ERR20616158480	Chr4	100.000	60	0	1	60	7727	7668	3.56e-25	60
ERR20616158480	Chr4	100.000	60	0	1	60	12764	12705	3.56e-25	60
ERR20616158480	Chr4	100.000	60	0	1	60	5396213	5396272	3.56e-25	60
ERR20616158480	Chr4	100.000	60	0	1	60	5401258	5401317	3.56e-25	60
ERR20616158480	Chr4	100.000	60	0	1	60	5406296	5406355	3.56e-25	60
ERR20616158480	Chr4	100.000	60	0	1	60	5410511	5410570	3.56e-25	60
ERR20616158480	Chr3	100.000	60	0	1	60	2237	2178	3.56e-25	60
ERR20616158480	Chr3	100.000	60	0	1	60	7228	7169	3.56e-25	60
ERR20616158480	Chr3	100.000	60	0	1	60	12215	12156	3.56e-25	60
ERR20616158480	Chr3	100.000	60	0	1	60	8225015	8225074	3.56e-25	60
ERR20616158480	Chr3	100.000	60	0	1	60	8230029	8230088	3.56e-25	60
ERR20616158480	Chr3	100.000	60	0	1	60	8235063	8235122	3.56e-25	60
ERR20616158480	Chr2	100.000	60	0	1	60	2819	2760	3.56e-25	60
ERR20616158480	Chr2	100.000	60	0	1	60	7899	7840	3.56e-25	60
ERR20616158480	Chr2	100.000	60	0	1	60	12925	12866	3.56e-25	60
ERR20616158480	Chr2	100.000	60	0	1	60	7912756	7912815	3.56e-25	60
ERR20616158480	Chr1	100.000	60	0	1	60	6665515	6665574	3.56e-25	60
ERR20616157176	Chr8	100.000	60	0	1	60	3754	3695	3.56e-25	60
ERR20616157176	Chr8	100.000	60	0	1	60	8923	8864	3.56e-25	60
ERR20616157176	Chr8	100.000	60	0	1	60	13953	13894	3.56e-25	60
ERR20616157176	Chr8	100.000	60	0	1	60	1845215	1845274	3.56e-25	60
ERR20616157176	Chr8	100.000	60	0	1	60	1850352	1850411	3.56e-25	60
ERR20616157176	Chr8	100.000	60	0	1	60	1855418	1855477	3.56e-25	60
ERR20616157176	Chr8	100.000	60	0	1	60	1860440	1860499	3.56e-25	60
ERR20616157176	Chr8	100.000	60	0	1	60	1865581	1865640	3.56e-25	60
ERR20616157176	Chr8	100.000	60	0	1	60	1870722	1870781	3.56e-25	60
ERR20616157176	Chr8	100.000	60	0	1	60	1875849	1875908	3.56e-25	60
ERR20616157176	Chr8	100.000	60	0	1	60	1880971	1881030	3.56e-25	60
ERR20616157176	Chr8	100.000	60	0	1	60	1886101	1886160	3.56e-25	60
ERR20616157176	Chr8	100.000	60	0	1	60	1891096	1891155	3.56e-25	60
ERR20616157176	Chr8	100.000	60	0	1	60	1896187	1896246	3.56e-25	60
ERR20616157176	Chr8	100.000	60	0	1	60	1901196	1901255	3.56e-25	60
ERR20616157176	Chr7	100.000	60	0	1	60	2045	1986	3.56e-25	60
ERR20616157176	Chr7	100.000	60	0	1	60	7076	7017	3.56e-25	60
ERR20616157176	Chr7	100.000	60	0	1	60	4039518	4039577	3.56e-25	60
ERR20616157176	Chr7	100.000	60	0	1	60	4046979	4047038	3.56e-25	60
ERR20616157176	Chr7	100.000	60	0	1	60	4052008	4052067	3.56e-25	60
ERR20616157176	Chr7	100.000	60	0	1	60	4057166	4057225	3.56e-25	60
ERR20616157176	Chr7	100.000	60	0	1	60	4062197	4062256	3.56e-25	60
ERR20616157176	Chr7	100.000	60	0	1	60	4067224	4067283	3.56e-25	60
ERR20616157176	Chr7	100.000	60	0	1	60	4072330	4072389	3.56e-25	60
ERR20616157176	Chr7	100.000	60	0	1	60	4077323	4077382	3.56e-25	60
ERR20616157176	Chr6	100.000	60	0	1	60	2242	2183	3.56e-25	60
ERR20616157176	Chr6	100.000	60	0	1	60	7289	7230	3.56e-25	60
ERR20616157176	Chr6	100.000	60	0	1	60	12310	12251	3.56e-25	60
ERR20616157176	Chr6	100.000	60	0	1	60	17346	17287	3.56e-25	60
ERR20616157176	Chr6	100.000	60	0	1	60	22369	22310	3.56e-25	60
ERR20616157176	Chr6	100.000	60	0	1	60	6105892	6105951	3.56e-25	60
ERR20616157176	Chr6	100.000	60	0	1	60	6111007	6111066	3.56e-25	60
ERR20616157176	Chr6	100.000	60	0	1	60	6116052	6116111	3.56e-25	60
ERR20616157176	Chr6	100.000	60	0	1	60	6121093	6121152	3.56e-25	60
ERR20616157176	Chr6	100.000	60	0	1	60	6126254	6126313	3.56e-25	60
ERR20616157176	Chr6	100.000	60	0	1	60	6131295	6131354	3.56e-25	60
ERR20616157176	Chr5	100.000	60	0	1	60	1995	1936	3.56e-25	60
ERR20616157176	Chr5	100.000	60	0	1	60	4437901	4437960	3.56e-25	60
ERR20616157176	Chr5	100.000	60	0	1	60	4442928	4442987	3.56e-25	60
ERR20616157176	Chr5	100.000	60	0	1	60	4447970	4448029	3.56e-25	60
ERR20616157176	Chr5	100.000	60	0	1	60	4453023	4453082	3.56e-25	60
ERR20616157176	Chr5	100.000	60	0	1	60	4458066	4458125	3.56e-25	60
ERR20616157176	Chr4	100.000	60	0	1	60	2077	2018	3.56e-25	60
ERR20616157176	Chr4	100.000	60	0	1	60	7103	7044	3.56e-25	60
ERR20616157176	Chr4	100.000	60	0	1	60	12140	12081	3.56e-25	60
ERR20616157176	Chr4	100.000	60	0	1	60	5396837	5396896	3.56e-25	60
ERR20616157176	Chr4	100.000	60	0	1	60	5401882	5401941	3.56e-25	60
ERR20616157176	Chr4	100.000	60	0	1	60	5406920	5406979	3.56e-25	60
ERR20616157176	Chr4	100.000	60	0	1	60	5411135	5411194	3.56e-25	60
ERR20616157176	Chr3	100.000	60	0	1	60	1612	1553	3.56e-25	60
ERR20616157176	Chr3	100.000	60	0	1	60	6605	6546	3.56e-25	60
ERR20616157176	Chr3	100.000	60	0	1	60	11593	11534	3.56e-25	60
ERR20616157176	Chr3	100.000	60	0	1	60	8225639	8225698	3.56e-25	60
ERR20616157176	Chr3	100.000	60	0	1	60	8230653	8230712	3.56e-25	60
ERR20616157176	Chr3	100.000	60	0	1	60	8235687	8235746	3.56e-25	60
ERR20616157176	Chr2	100.000	60	0	1	60	2199	2140	3.56e-25	60
ERR20616157176	Chr2	100.000	60	0	1	60	7275	7216	3.56e-25	60
ERR20616157176	Chr2	100.000	60	0	1	60	12301	12242	3.56e-25	60
ERR20616157176	Chr2	100.000	60	0	1	60	7913380	7913439	3.56e-25	60
ERR20616157176	Chr1	100.000	60	0	1	60	6666139	6666198	3.56e-25	60
ERR20616154472	Chr4	100.000	60	0	1	60	5388552	5388493	3.56e-25	60
ERR20616153672	Chr5	100.000	60	0	1	60	4444548	4444607	3.56e-25	60
ERR20616153672	Chr5	98.333	60	0	1	60	4454633	4454691	5.96e-23	60
ERR20616153672	Chr5	98.333	60	0	1	60	4459681	4459739	5.96e-23	60
ERR20616153672	Chr5	96.667	60	0	1	60	466	409	2.77e-21	60
ERR20616153672	Chr5	96.667	60	0	1	60	4439512	4439569	2.77e-21	60
ERR20616153672	Chr5	96.667	60	0	1	60	4449591	4449648	2.77e-21	60
ERR20616153672	Chr3	100.000	60	0	1	60	8237302	8237361	3.56e-25	60
ERR20616153672	Chr3	100.000	58	0	3	60	8227258	8227315	4.61e-24	60
ERR20616153672	Chr3	98.333	60	0	1	60	5001	4943	5.96e-23	60
ERR20616153672	Chr3	98.333	60	0	1	60	8232266	8232324	5.96e-23	60
ERR20616153672	Chr3	96.667	60	0	1	60	9987	9930	2.77e-21	60
ERR20616153672	Chr8	98.333	60	1	1	60	1846830	1846889	1.66e-23	60
ERR20616153672	Chr8	98.333	60	0	1	60	7310	7252	5.96e-23	60
ERR20616153672	Chr8	98.333	60	0	1	60	1857032	1857090	5.96e-23	60
ERR20616153672	Chr8	98.333	60	0	1	60	1877451	1877509	5.96e-23	60
ERR20616153672	Chr8	98.333	60	0	1	60	1897777	1897835	5.96e-23	60
ERR20616153672	Chr8	96.721	61	1	1	60	1867190	1867250	7.71e-22	60
ERR20616153672	Chr8	96.667	60	0	1	60	2142	2085	2.77e-21	60
ERR20616153672	Chr8	96.667	60	0	1	60	1851964	1852021	2.77e-21	60
ERR20616153672	Chr8	96.667	60	0	1	60	1862050	1862107	2.77e-21	60
ERR20616153672	Chr8	96.667	60	0	1	60	1872329	1872386	2.77e-21	60
ERR20616153672	Chr8	96.667	60	0	1	60	1887707	1887764	2.77e-21	60
ERR20616153672	Chr8	96.667	60	0	1	60	1892680	1892737	2.77e-21	60
ERR20616153672	Chr8	96.552	58	0	3	60	12342	12287	3.59e-20	60
ERR20616153672	Chr7	98.333	60	0	1	60	4068822	4068880	5.96e-23	60
ERR20616153672	Chr7	96.667	60	0	1	60	438	381	2.77e-21	60
ERR20616153672	Chr7	96.667	60	0	1	60	5462	5405	2.77e-21	60
ERR20616153672	Chr7	96.667	60	0	1	60	4041127	4041184	2.77e-21	60
ERR20616153672	Chr7	96.667	60	0	1	60	4048589	4048646	2.77e-21	60
ERR20616153672	Chr7	96.667	60	0	1	60	4058779	4058836	2.77e-21	60
ERR20616153672	Chr7	96.667	60	0	1	60	4063811	4063868	2.77e-21	60
ERR20616153672	Chr7	96.667	60	0	1	60	4073928	4073985	2.77e-21	60
ERR20616153672	Chr7	96.552	58	0	3	60	4053626	4053681	3.59e-20	60
ERR20616153672	Chr7	95.000	60	0	1	60	4078920	4078976	4.64e-19	60
ERR20616153672	Chr6	98.333	60	0	1	60	631	573	5.96e-23	60
ERR20616153672	Chr6	98.333	60	0	1	60	6127870	6127928	5.96e-23	60
ERR20616153672	Chr6	96.667	60	0	1	60	5667	5610	2.77e-21	60
ERR20616153672	Chr6	96.667	60	0	1	60	10697	10640	2.77e-21	60
ERR20616153672	Chr6	96.667	60	0	1	60	20759	20702	2.77e-21	60
ERR20616153672	Chr6	96.667	60	0	1	60	6107506	6107563	2.77e-21	60
ERR20616153672	Chr6	96.667	60	0	1	60	6112620	6112677	2.77e-21	60
ERR20616153672	Chr6	96.667	60	0	1	60	6117664	6117721	2.77e-21	60
ERR20616153672	Chr6	96.667	60	0	1	60	6122709	6122766	2.77e-21	60
ERR20616153672	Chr6	96.667	60	0	1	60	6132910	6132967	2.77e-21	60
ERR20616153672	Chr6	96.552	58	0	3	60	15733	15678	3.59e-20	60
ERR20616153672	Chr4	96.667	60	0	1	60	467	410	2.77e-21	60
ERR20616153672	Chr4	96.667	60	0	1	60	5490	5433	2.77e-21	60
ERR20616153672	Chr4	96.667	60	0	1	60	10520	10463	2.77e-21	60
ERR20616153672	Chr4	96.667	60	0	1	60	5398448	5398505	2.77e-21	60
ERR20616153672	Chr4	96.667	60	0	1	60	5403499	5403556	2.77e-21	60
ERR20616153672	Chr4	95.161	62	0	1	60	5412747	5412807	3.59e-20	60
ERR20616153672	Chr2	96.667	60	0	1	60	618	561	2.77e-21	60
ERR20616153672	Chr2	96.667	60	0	1	60	5662	5605	2.77e-21	60
ERR20616153672	Chr2	96.667	60	0	1	60	10688	10631	2.77e-21	60
ERR20616153672	Chr1	96.667	60	0	1	60	6667751	6667808	2.77e-21	60
ERR20616155632	Chr8	100.000	60	0	1	60	1735	1676	3.56e-25	60
ERR20616155632	Chr8	100.000	60	0	1	60	1849	1790	3.56e-25	60
ERR20616155632	Chr8	100.000	60	0	1	60	6874	6815	3.56e-25	60
ERR20616155632	Chr8	100.000	60	0	1	60	6996	6937	3.56e-25	60
ERR20616155632	Chr8	100.000	60	0	1	60	12039	11980	3.56e-25	60
ERR20616155632	Chr8	100.000	60	0	1	60	17070	17011	3.56e-25	60
ERR20616155632	Chr8	100.000	60	0	1	60	1410791	1410850	3.56e-25	60
ERR20616155632	Chr8	100.000	60	0	1	60	1841315	1841374	3.56e-25	60
ERR20616155632	Chr8	100.000	60	0	1	60	1841682	1841741	3.56e-25	60
ERR20616155632	Chr8	100.000	60	0	1	60	1842071	1842130	3.56e-25	60
ERR20616155632	Chr8	100.000	60	0	1	60	1852275	1852334	3.56e-25	60
ERR20616155632	Chr8	100.000	60	0	1	60	1857331	1857390	3.56e-25	60
ERR20616155632	Chr8	100.000	60	0	1	60	1862362	1862421	3.56e-25	60
ERR20616155632	Chr8	100.000	60	0	1	60	1862477	1862536	3.56e-25	60
ERR20616155632	Chr8	100.000	60	0	1	60	1867502	1867561	3.56e-25	60
ERR20616155632	Chr8	100.000	60	0	1	60	1867616	1867675	3.56e-25	60
ERR20616155632	Chr8	100.000	60	0	1	60	1872635	1872694	3.56e-25	60
ERR20616155632	Chr8	100.000	60	0	1	60	1872749	1872808	3.56e-25	60
ERR20616155632	Chr8	100.000	60	0	1	60	1877759	1877818	3.56e-25	60
ERR20616155632	Chr8	100.000	60	0	1	60	1877872	1877931	3.56e-25	60
ERR20616155632	Chr8	100.000	60	0	1	60	1882892	1882951	3.56e-25	60
ERR20616155632	Chr8	100.000	60	0	1	60	1883005	1883064	3.56e-25	60
ERR20616155632	Chr8	100.000	60	0	1	60	1888003	1888062	3.56e-25	60
ERR20616155632	Chr8	100.000	60	0	1	60	1892986	1893045	3.56e-25	60
ERR20616155632	Chr8	100.000	60	0	1	60	1893100	1893159	3.56e-25	60
ERR20616155632	Chr8	100.000	60	0	1	60	1898102	1898161	3.56e-25	60
ERR20616155632	Chr8	96.667	60	2	1	60	1847247	1847306	7.71e-22	60
ERR20616155632	Chr8	100.000	51	0	1	51	1847180	1847230	3.59e-20	60
ERR20616155632	Chr7	100.000	60	0	1	60	5163	5104	3.56e-25	60
ERR20616155632	Chr7	100.000	60	0	1	60	10186	10127	3.56e-25	60
ERR20616155632	Chr7	100.000	60	0	1	60	4036414	4036473	3.56e-25	60
ERR20616155632	Chr7	100.000	60	0	1	60	4041425	4041484	3.56e-25	60
ERR20616155632	Chr7	100.000	60	0	1	60	4043874	4043933	3.56e-25	60
ERR20616155632	Chr7	100.000	60	0	1	60	4048887	4048946	3.56e-25	60
ERR20616155632	Chr7	100.000	60	0	1	60	4053935	4053994	3.56e-25	60
ERR20616155632	Chr7	100.000	60	0	1	60	4054049	4054108	3.56e-25	60
ERR20616155632	Chr7	100.000	60	0	1	60	4059078	4059137	3.56e-25	60
ERR20616155632	Chr7	100.000	60	0	1	60	4069125	4069184	3.56e-25	60
ERR20616155632	Chr7	100.000	60	0	1	60	4069238	4069297	3.56e-25	60
ERR20616155632	Chr7	100.000	60	0	1	60	4074223	4074282	3.56e-25	60
ERR20616155632	Chr7	98.333	60	1	1	60	12907	12848	1.66e-23	60
ERR20616155632	Chr7	96.667	60	2	1	60	12628	12569	7.71e-22	60
ERR20616155632	Chr6	100.000	60	0	1	60	319	260	3.56e-25	60
ERR20616155632	Chr6	100.000	60	0	1	60	5362	5303	3.56e-25	60
ERR20616155632	Chr6	100.000	60	0	1	60	10393	10334	3.56e-25	60
ERR20616155632	Chr6	100.000	60	0	1	60	15425	15366	3.56e-25	60
ERR20616155632	Chr6	100.000	60	0	1	60	20455	20396	3.56e-25	60
ERR20616155632	Chr6	100.000	60	0	1	60	6107774	6107833	3.56e-25	60
ERR20616155632	Chr6	100.000	60	0	1	60	6107888	6107947	3.56e-25	60
ERR20616155632	Chr6	100.000	60	0	1	60	6112931	6112990	3.56e-25	60
ERR20616155632	Chr6	100.000	60	0	1	60	6117974	6118033	3.56e-25	60
ERR20616155632	Chr6	100.000	60	0	1	60	6123019	6123078	3.56e-25	60
ERR20616155632	Chr6	100.000	60	0	1	60	6123139	6123198	3.56e-25	60
ERR20616155632	Chr6	100.000	60	0	1	60	6128176	6128235	3.56e-25	60
ERR20616155632	Chr6	100.000	60	0	1	60	6133221	6133280	3.56e-25	60
ERR20616155632	Chr6	98.333	60	1	1	60	6102787	6102846	1.66e-23	60
ERR20616155632	Chr6	96.667	60	2	1	60	25441	25382	7.71e-22	60
ERR20616155632	Chr5	100.000	60	0	1	60	5100	5041	3.56e-25	60
ERR20616155632	Chr5	100.000	60	0	1	60	4434757	4434816	3.56e-25	60
ERR20616155632	Chr5	100.000	60	0	1	60	4444861	4444920	3.56e-25	60
ERR20616155632	Chr5	100.000	60	0	1	60	4449901	4449960	3.56e-25	60
ERR20616155632	Chr5	100.000	60	0	1	60	4454945	4455004	3.56e-25	60
ERR20616155632	Chr5	100.000	60	0	1	60	4459995	4460054	3.56e-25	60
ERR20616155632	Chr5	96.667	60	2	1	60	4439823	4439882	7.71e-22	60
ERR20616155632	Chr4	100.000	60	0	1	60	5185	5126	3.56e-25	60
ERR20616155632	Chr4	100.000	60	0	1	60	10221	10162	3.56e-25	60
ERR20616155632	Chr4	100.000	60	0	1	60	15259	15200	3.56e-25	60
ERR20616155632	Chr4	100.000	60	0	1	60	5393752	5393811	3.56e-25	60
ERR20616155632	Chr4	100.000	60	0	1	60	5398777	5398836	3.56e-25	60
ERR20616155632	Chr4	100.000	60	0	1	60	5403800	5403859	3.56e-25	60
ERR20616155632	Chr4	100.000	60	0	1	60	5408029	5408088	3.56e-25	60
ERR20616155632	Chr4	100.000	60	0	1	60	5413063	5413122	3.56e-25	60
ERR20616155632	Chr4	100.000	58	0	1	58	5393437	5393494	4.61e-24	60
ERR20616155632	Chr3	100.000	60	0	1	60	4733	4674	3.56e-25	60
ERR20616155632	Chr3	100.000	60	0	1	60	9720	9661	3.56e-25	60
ERR20616155632	Chr3	100.000	60	0	1	60	14673	14614	3.56e-25	60
ERR20616155632	Chr3	100.000	60	0	1	60	8222555	8222614	3.56e-25	60
ERR20616155632	Chr3	100.000	60	0	1	60	8227569	8227628	3.56e-25	60
ERR20616155632	Chr3	100.000	60	0	1	60	8232579	8232638	3.56e-25	60
ERR20616155632	Chr3	100.000	60	0	1	60	8237615	8237674	3.56e-25	60
ERR20616155632	Chr2	100.000	60	0	1	60	314	255	3.56e-25	60
ERR20616155632	Chr2	100.000	60	0	1	60	5351	5292	3.56e-25	60
ERR20616155632	Chr2	100.000	60	0	1	60	10384	10325	3.56e-25	60
ERR20616155632	Chr2	100.000	60	0	1	60	15418	15359	3.56e-25	60
ERR20616155632	Chr2	100.000	60	0	1	60	7910274	7910333	3.56e-25	60
ERR20616155632	Chr1	100.000	60	0	1	60	6663023	6663082	3.56e-25	60
ERR20616155632	Chr1	100.000	53	0	1	53	6662292	6662344	2.77e-21	60
ERR20616156240	Chr8	98.333	60	1	1	60	3107	3166	1.66e-23	60
ERR20616156240	Chr8	98.333	60	1	1	60	8277	8336	1.66e-23	60
ERR20616156240	Chr8	98.333	60	1	1	60	13307	13366	1.66e-23	60
ERR20616156240	Chr8	98.333	60	1	1	60	1845862	1845803	1.66e-23	60
ERR20616156240	Chr8	98.333	60	1	1	60	1850999	1850940	1.66e-23	60
ERR20616156240	Chr8	98.333	60	1	1	60	1856065	1856006	1.66e-23	60
ERR20616156240	Chr8	98.333	60	1	1	60	1861085	1861026	1.66e-23	60
ERR20616156240	Chr8	98.333	60	1	1	60	1861151	1861092	1.66e-23	60
ERR20616156240	Chr8	98.333	60	1	1	60	1866228	1866169	1.66e-23	60
ERR20616156240	Chr8	98.333	60	1	1	60	1866294	1866235	1.66e-23	60
ERR20616156240	Chr8	98.333	60	1	1	60	1871435	1871376	1.66e-23	60
ERR20616156240	Chr8	98.333	60	1	1	60	1876558	1876499	1.66e-23	60
ERR20616156240	Chr8	98.333	60	1	1	60	1881617	1881558	1.66e-23	60
ERR20616156240	Chr8	98.333	60	1	1	60	1886813	1886754	1.66e-23	60
ERR20616156240	Chr8	98.333	60	1	1	60	1891738	1891679	1.66e-23	60
ERR20616156240	Chr8	98.333	60	1	1	60	1891804	1891745	1.66e-23	60
ERR20616156240	Chr8	98.333	60	1	1	60	1896828	1896769	1.66e-23	60
ERR20616156240	Chr8	98.333	60	1	1	60	1896894	1896835	1.66e-23	60
ERR20616156240	Chr8	98.333	60	1	1	60	1901840	1901781	1.66e-23	60
ERR20616156240	Chr8	96.721	61	1	1	60	3040	3100	7.71e-22	60
ERR20616156240	Chr8	96.721	61	1	1	60	8210	8270	7.71e-22	60
ERR20616156240	Chr8	96.721	61	1	1	60	13240	13300	7.71e-22	60
ERR20616156240	Chr8	96.721	61	1	1	60	1845929	1845869	7.71e-22	60
ERR20616156240	Chr8	96.721	61	1	1	60	1851066	1851006	7.71e-22	60
ERR20616156240	Chr8	96.721	61	1	1	60	1856132	1856072	7.71e-22	60
ERR20616156240	Chr8	96.721	61	1	1	60	1871369	1871309	7.71e-22	60
ERR20616156240	Chr8	96.667	60	2	1	60	1886747	1886688	7.71e-22	60
ERR20616156240	Chr8	96.721	61	1	1	60	1901907	1901847	7.71e-22	60
ERR20616156240	Chr8	95.082	61	2	1	60	1876492	1876432	3.59e-20	60
ERR20616156240	Chr8	96.296	54	1	8	60	1866354	1866301	6.00e-18	60
ERR20616156240	Chr8	96.296	54	1	8	60	1871495	1871442	6.00e-18	60
ERR20616156240	Chr8	96.296	54	1	8	60	1876618	1876565	6.00e-18	60
ERR20616156240	Chr8	96.296	54	1	8	60	1881745	1881692	6.00e-18	60
ERR20616156240	Chr8	96.296	54	1	8	60	1886873	1886820	6.00e-18	60
ERR20616156240	Chr8	96.296	54	1	8	60	1891864	1891811	6.00e-18	60
ERR20616156240	Chr7	98.333	60	1	1	60	1399	1458	1.66e-23	60
ERR20616156240	Chr7	98.333	60	1	1	60	6429	6488	1.66e-23	60
ERR20616156240	Chr7	98.333	60	1	1	60	4040164	4040105	1.66e-23	60
ERR20616156240	Chr7	98.333	60	1	1	60	4047625	4047566	1.66e-23	60
ERR20616156240	Chr7	98.333	60	1	1	60	4052654	4052595	1.66e-23	60
ERR20616156240	Chr7	98.333	60	1	1	60	4057812	4057753	1.66e-23	60
ERR20616156240	Chr7	98.333	60	1	1	60	4062843	4062784	1.66e-23	60
ERR20616156240	Chr7	98.333	60	1	1	60	4067868	4067809	1.66e-23	60
ERR20616156240	Chr7	98.333	60	1	1	60	4072973	4072914	1.66e-23	60
ERR20616156240	Chr7	98.333	60	1	1	60	4077968	4077909	1.66e-23	60
ERR20616156240	Chr7	96.721	61	1	1	60	1332	1392	7.71e-22	60
ERR20616156240	Chr7	96.721	61	1	1	60	6362	6422	7.71e-22	60
ERR20616156240	Chr7	96.721	61	1	1	60	4040231	4040171	7.71e-22	60
ERR20616156240	Chr7	96.721	61	1	1	60	4047692	4047632	7.71e-22	60
ERR20616156240	Chr7	96.721	61	1	1	60	4052721	4052661	7.71e-22	60
ERR20616156240	Chr7	96.721	61	1	1	60	4057879	4057819	7.71e-22	60
ERR20616156240	Chr7	96.721	61	1	1	60	4062910	4062850	7.71e-22	60
ERR20616156240	Chr7	96.721	61	1	1	60	4067935	4067875	7.71e-22	60
ERR20616156240	Chr7	96.721	61	1	1	60	4073040	4072980	7.71e-22	60
ERR20616156240	Chr7	96.721	61	1	1	60	4078035	4077975	7.71e-22	60
ERR20616156240	Chr6	98.333	60	1	1	60	1596	1655	1.66e-23	60
ERR20616156240	Chr6	98.333	60	1	1	60	6643	6702	1.66e-23	60
ERR20616156240	Chr6	98.333	60	1	1	60	11663	11722	1.66e-23	60
ERR20616156240	Chr6	98.333	60	1	1	60	16700	16759	1.66e-23	60
ERR20616156240	Chr6	98.333	60	1	1	60	21722	21781	1.66e-23	60
ERR20616156240	Chr6	98.333	60	1	1	60	6106539	6106480	1.66e-23	60
ERR20616156240	Chr6	98.333	60	1	1	60	6111654	6111595	1.66e-23	60
ERR20616156240	Chr6	98.333	60	1	1	60	6116699	6116640	1.66e-23	60
ERR20616156240	Chr6	98.333	60	1	1	60	6121739	6121680	1.66e-23	60
ERR20616156240	Chr6	98.333	60	1	1	60	6126900	6126841	1.66e-23	60
ERR20616156240	Chr6	98.333	60	1	1	60	6131941	6131882	1.66e-23	60
ERR20616156240	Chr6	96.721	61	1	1	60	1529	1589	7.71e-22	60
ERR20616156240	Chr6	96.721	61	1	1	60	6576	6636	7.71e-22	60
ERR20616156240	Chr6	96.721	61	1	1	60	11596	11656	7.71e-22	60
ERR20616156240	Chr6	96.721	61	1	1	60	16633	16693	7.71e-22	60
ERR20616156240	Chr6	96.721	61	1	1	60	21655	21715	7.71e-22	60
ERR20616156240	Chr6	96.721	61	1	1	60	6106606	6106546	7.71e-22	60
ERR20616156240	Chr6	96.721	61	1	1	60	6111721	6111661	7.71e-22	60
ERR20616156240	Chr6	96.721	61	1	1	60	6116766	6116706	7.71e-22	60
ERR20616156240	Chr6	96.721	61	1	1	60	6121806	6121746	7.71e-22	60
ERR20616156240	Chr6	96.721	61	1	1	60	6126967	6126907	7.71e-22	60
ERR20616156240	Chr6	96.721	61	1	1	60	6132008	6131948	7.71e-22	60
ERR20616156240	Chr5	98.333	60	1	1	60	1349	1408	1.66e-23	60
ERR20616156240	Chr5	98.333	60	1	1	60	4438547	4438488	1.66e-23	60
ERR20616156240	Chr5	98.333	60	1	1	60	4443575	4443516	1.66e-23	60
ERR20616156240	Chr5	98.333	60	1	1	60	4448616	4448557	1.66e-23	60
ERR20616156240	Chr5	98.333	60	1	1	60	4453670	4453611	1.66e-23	60
ERR20616156240	Chr5	98.333	60	1	1	60	4458713	4458654	1.66e-23	60
ERR20616156240	Chr5	96.721	61	1	1	60	1282	1342	7.71e-22	60
ERR20616156240	Chr5	96.721	61	1	1	60	4438614	4438554	7.71e-22	60
ERR20616156240	Chr5	96.721	61	1	1	60	4443642	4443582	7.71e-22	60
ERR20616156240	Chr5	96.721	61	1	1	60	4448683	4448623	7.71e-22	60
ERR20616156240	Chr5	96.721	61	1	1	60	4453737	4453677	7.71e-22	60
ERR20616156240	Chr5	96.721	61	1	1	60	4458780	4458720	7.71e-22	60
ERR20616156240	Chr4	98.333	60	1	1	60	1430	1489	1.66e-23	60
ERR20616156240	Chr4	98.333	60	1	1	60	6456	6515	1.66e-23	60
ERR20616156240	Chr4	98.333	60	1	1	60	11494	11553	1.66e-23	60
ERR20616156240	Chr4	98.333	60	1	1	60	5397484	5397425	1.66e-23	60
ERR20616156240	Chr4	98.333	60	1	1	60	5402529	5402470	1.66e-23	60
ERR20616156240	Chr4	98.333	60	1	1	60	5407567	5407508	1.66e-23	60
ERR20616156240	Chr4	98.333	60	1	1	60	5411782	5411723	1.66e-23	60
ERR20616156240	Chr4	96.721	61	1	1	60	1363	1423	7.71e-22	60
ERR20616156240	Chr4	96.721	61	1	1	60	6389	6449	7.71e-22	60
ERR20616156240	Chr4	96.721	61	1	1	60	11427	11487	7.71e-22	60
ERR20616156240	Chr4	96.721	61	1	1	60	5397551	5397491	7.71e-22	60
ERR20616156240	Chr4	96.721	61	1	1	60	5402596	5402536	7.71e-22	60
ERR20616156240	Chr4	96.721	61	1	1	60	5407634	5407574	7.71e-22	60
ERR20616156240	Chr4	96.721	61	1	1	60	5411849	5411789	7.71e-22	60
ERR20616156240	Chr3	98.333	60	1	1	60	967	1026	1.66e-23	60
ERR20616156240	Chr3	98.333	60	1	1	60	5958	6017	1.66e-23	60
ERR20616156240	Chr3	98.333	60	1	1	60	10947	11006	1.66e-23	60
ERR20616156240	Chr3	98.333	60	1	1	60	8226285	8226226	1.66e-23	60
ERR20616156240	Chr3	98.333	60	1	1	60	8231299	8231240	1.66e-23	60
ERR20616156240	Chr3	98.333	60	1	1	60	8236333	8236274	1.66e-23	60
ERR20616156240	Chr3	96.721	61	1	1	60	900	960	7.71e-22	60
ERR20616156240	Chr3	96.721	61	1	1	60	5891	5951	7.71e-22	60
ERR20616156240	Chr3	96.721	61	1	1	60	10880	10940	7.71e-22	60
ERR20616156240	Chr3	96.721	61	1	1	60	8226352	8226292	7.71e-22	60
ERR20616156240	Chr3	96.721	61	1	1	60	8231366	8231306	7.71e-22	60
ERR20616156240	Chr3	96.721	61	1	1	60	8236400	8236340	7.71e-22	60
ERR20616156240	Chr2	98.333	60	1	1	60	1554	1613	1.66e-23	60
ERR20616156240	Chr2	98.333	60	1	1	60	6629	6688	1.66e-23	60
ERR20616156240	Chr2	98.333	60	1	1	60	11655	11714	1.66e-23	60
ERR20616156240	Chr2	98.333	60	1	1	60	7914026	7913967	1.66e-23	60
ERR20616156240	Chr2	96.721	61	1	1	60	1487	1547	7.71e-22	60
ERR20616156240	Chr2	96.721	61	1	1	60	6562	6622	7.71e-22	60
ERR20616156240	Chr2	96.721	61	1	1	60	11588	11648	7.71e-22	60
ERR20616156240	Chr2	96.721	61	1	1	60	7914093	7914033	7.71e-22	60
ERR20616156240	Chr1	98.333	60	1	1	60	6666785	6666726	1.66e-23	60
ERR20616156240	Chr1	96.721	61	1	1	60	6666852	6666792	7.71e-22	60
ERR20616156232	Chr8	100.000	60	0	1	60	4208	4267	3.56e-25	60
ERR20616156232	Chr8	100.000	60	0	1	60	9377	9436	3.56e-25	60
ERR20616156232	Chr8	100.000	60	0	1	60	14407	14466	3.56e-25	60
ERR20616156232	Chr8	100.000	60	0	1	60	1844761	1844702	3.56e-25	60
ERR20616156232	Chr8	100.000	60	0	1	60	1849898	1849839	3.56e-25	60
ERR20616156232	Chr8	100.000	60	0	1	60	1854965	1854906	3.56e-25	60
ERR20616156232	Chr8	100.000	60	0	1	60	1859987	1859928	3.56e-25	60
ERR20616156232	Chr8	100.000	60	0	1	60	1865130	1865071	3.56e-25	60
ERR20616156232	Chr8	100.000	60	0	1	60	1890646	1890587	3.56e-25	60
ERR20616156232	Chr8	98.333	60	0	1	60	1870269	1870211	5.96e-23	60
ERR20616156232	Chr8	98.333	60	0	1	60	1875397	1875339	5.96e-23	60
ERR20616156232	Chr8	98.333	60	0	1	60	1880519	1880461	5.96e-23	60
ERR20616156232	Chr8	98.333	60	0	1	60	1885651	1885593	5.96e-23	60
ERR20616156232	Chr8	98.333	60	0	1	60	1895739	1895681	5.96e-23	60
ERR20616156232	Chr8	98.333	60	0	1	60	1900746	1900688	5.96e-23	60
ERR20616156232	Chr7	100.000	60	0	1	60	2499	2558	3.56e-25	60
ERR20616156232	Chr7	100.000	60	0	1	60	7530	7589	3.56e-25	60
ERR20616156232	Chr7	100.000	60	0	1	60	4039064	4039005	3.56e-25	60
ERR20616156232	Chr7	100.000	60	0	1	60	4046525	4046466	3.56e-25	60
ERR20616156232	Chr7	100.000	60	0	1	60	4051554	4051495	3.56e-25	60
ERR20616156232	Chr7	100.000	60	0	1	60	4061743	4061684	3.56e-25	60
ERR20616156232	Chr7	98.333	60	0	1	60	4056712	4056654	5.96e-23	60
ERR20616156232	Chr7	98.333	60	0	1	60	4066773	4066715	5.96e-23	60
ERR20616156232	Chr7	98.333	60	0	1	60	4071883	4071825	5.96e-23	60
ERR20616156232	Chr7	98.333	60	0	1	60	4076873	4076815	5.96e-23	60
ERR20616156232	Chr6	100.000	60	0	1	60	2696	2755	3.56e-25	60
ERR20616156232	Chr6	100.000	60	0	1	60	7743	7802	3.56e-25	60
ERR20616156232	Chr6	100.000	60	0	1	60	12763	12822	3.56e-25	60
ERR20616156232	Chr6	100.000	60	0	1	60	17800	17859	3.56e-25	60
ERR20616156232	Chr6	100.000	60	0	1	60	22823	22882	3.56e-25	60
ERR20616156232	Chr6	100.000	60	0	1	60	6105439	6105380	3.56e-25	60
ERR20616156232	Chr6	100.000	60	0	1	60	6110553	6110494	3.56e-25	60
ERR20616156232	Chr6	100.000	60	0	1	60	6115598	6115539	3.56e-25	60
ERR20616156232	Chr6	100.000	60	0	1	60	6120641	6120582	3.56e-25	60
ERR20616156232	Chr6	98.333	60	0	1	60	6125800	6125742	5.96e-23	60
ERR20616156232	Chr6	98.333	60	0	1	60	6130842	6130784	5.96e-23	60
ERR20616156232	Chr5	100.000	60	0	1	60	2449	2508	3.56e-25	60
ERR20616156232	Chr5	100.000	60	0	1	60	4437447	4437388	3.56e-25	60
ERR20616156232	Chr5	100.000	60	0	1	60	4442474	4442415	3.56e-25	60
ERR20616156232	Chr5	100.000	60	0	1	60	4447517	4447458	3.56e-25	60
ERR20616156232	Chr5	100.000	60	0	1	60	4452570	4452511	3.56e-25	60
ERR20616156232	Chr5	100.000	60	0	1	60	4457612	4457553	3.56e-25	60
ERR20616156232	Chr4	100.000	60	0	1	60	2531	2590	3.56e-25	60
ERR20616156232	Chr4	100.000	60	0	1	60	7557	7616	3.56e-25	60
ERR20616156232	Chr4	100.000	60	0	1	60	12594	12653	3.56e-25	60
ERR20616156232	Chr4	100.000	60	0	1	60	5396383	5396324	3.56e-25	60
ERR20616156232	Chr4	100.000	60	0	1	60	5401428	5401369	3.56e-25	60
ERR20616156232	Chr4	100.000	60	0	1	60	5406466	5406407	3.56e-25	60
ERR20616156232	Chr4	100.000	60	0	1	60	5410681	5410622	3.56e-25	60
ERR20616156232	Chr3	100.000	60	0	1	60	2067	2126	3.56e-25	60
ERR20616156232	Chr3	100.000	60	0	1	60	8225185	8225126	3.56e-25	60
ERR20616156232	Chr3	100.000	60	0	1	60	8230199	8230140	3.56e-25	60
ERR20616156232	Chr3	100.000	60	0	1	60	8235233	8235174	3.56e-25	60
ERR20616156232	Chr3	98.333	60	0	1	60	7059	7117	5.96e-23	60
ERR20616156232	Chr3	98.333	60	0	1	60	12046	12104	5.96e-23	60
ERR20616156232	Chr2	100.000	60	0	1	60	7729	7788	3.56e-25	60
ERR20616156232	Chr2	100.000	60	0	1	60	12755	12814	3.56e-25	60
ERR20616156232	Chr2	100.000	60	0	1	60	7912926	7912867	3.56e-25	60
ERR20616156232	Chr2	98.333	60	0	1	60	2650	2708	5.96e-23	60
ERR20616156232	Chr1	100.000	60	0	1	60	6665685	6665626	3.56e-25	60
ERR20616151240	Chr8	100.000	60	0	1	60	4208	4267	3.56e-25	60
ERR20616151240	Chr8	100.000	60	0	1	60	9377	9436	3.56e-25	60
ERR20616151240	Chr8	100.000	60	0	1	60	14407	14466	3.56e-25	60
ERR20616151240	Chr8	100.000	60	0	1	60	1844761	1844702	3.56e-25	60
ERR20616151240	Chr8	100.000	60	0	1	60	1849898	1849839	3.56e-25	60
ERR20616151240	Chr8	100.000	60	0	1	60	1854965	1854906	3.56e-25	60
ERR20616151240	Chr8	100.000	60	0	1	60	1859987	1859928	3.56e-25	60
ERR20616151240	Chr8	100.000	60	0	1	60	1865130	1865071	3.56e-25	60
ERR20616151240	Chr8	100.000	60	0	1	60	1890646	1890587	3.56e-25	60
ERR20616151240	Chr8	98.333	60	0	1	60	1870269	1870211	5.96e-23	60
ERR20616151240	Chr8	98.333	60	0	1	60	1875397	1875339	5.96e-23	60
ERR20616151240	Chr8	98.333	60	0	1	60	1880519	1880461	5.96e-23	60
ERR20616151240	Chr8	98.333	60	0	1	60	1885651	1885593	5.96e-23	60
ERR20616151240	Chr8	98.333	60	0	1	60	1895739	1895681	5.96e-23	60
ERR20616151240	Chr8	98.333	60	0	1	60	1900746	1900688	5.96e-23	60
ERR20616151240	Chr7	100.000	60	0	1	60	2499	2558	3.56e-25	60
ERR20616151240	Chr7	100.000	60	0	1	60	7530	7589	3.56e-25	60
ERR20616151240	Chr7	100.000	60	0	1	60	4039064	4039005	3.56e-25	60
ERR20616151240	Chr7	100.000	60	0	1	60	4046525	4046466	3.56e-25	60
ERR20616151240	Chr7	100.000	60	0	1	60	4051554	4051495	3.56e-25	60
ERR20616151240	Chr7	100.000	60	0	1	60	4061743	4061684	3.56e-25	60
ERR20616151240	Chr7	98.333	60	0	1	60	4056712	4056654	5.96e-23	60
ERR20616151240	Chr7	98.333	60	0	1	60	4066773	4066715	5.96e-23	60
ERR20616151240	Chr7	98.333	60	0	1	60	4071883	4071825	5.96e-23	60
ERR20616151240	Chr7	98.333	60	0	1	60	4076873	4076815	5.96e-23	60
ERR20616151240	Chr6	100.000	60	0	1	60	2696	2755	3.56e-25	60
ERR20616151240	Chr6	100.000	60	0	1	60	7743	7802	3.56e-25	60
ERR20616151240	Chr6	100.000	60	0	1	60	12763	12822	3.56e-25	60
ERR20616151240	Chr6	100.000	60	0	1	60	17800	17859	3.56e-25	60
ERR20616151240	Chr6	100.000	60	0	1	60	22823	22882	3.56e-25	60
ERR20616151240	Chr6	100.000	60	0	1	60	6105439	6105380	3.56e-25	60
ERR20616151240	Chr6	100.000	60	0	1	60	6110553	6110494	3.56e-25	60
ERR20616151240	Chr6	100.000	60	0	1	60	6115598	6115539	3.56e-25	60
ERR20616151240	Chr6	100.000	60	0	1	60	6120641	6120582	3.56e-25	60
ERR20616151240	Chr6	98.333	60	0	1	60	6125800	6125742	5.96e-23	60
ERR20616151240	Chr6	98.333	60	0	1	60	6130842	6130784	5.96e-23	60
ERR20616151240	Chr5	100.000	60	0	1	60	2449	2508	3.56e-25	60
ERR20616151240	Chr5	100.000	60	0	1	60	4437447	4437388	3.56e-25	60
ERR20616151240	Chr5	100.000	60	0	1	60	4442474	4442415	3.56e-25	60
ERR20616151240	Chr5	100.000	60	0	1	60	4447517	4447458	3.56e-25	60
ERR20616151240	Chr5	100.000	60	0	1	60	4452570	4452511	3.56e-25	60
ERR20616151240	Chr5	100.000	60	0	1	60	4457612	4457553	3.56e-25	60
ERR20616151240	Chr4	100.000	60	0	1	60	2531	2590	3.56e-25	60
ERR20616151240	Chr4	100.000	60	0	1	60	7557	7616	3.56e-25	60
ERR20616151240	Chr4	100.000	60	0	1	60	12594	12653	3.56e-25	60
ERR20616151240	Chr4	100.000	60	0	1	60	5396383	5396324	3.56e-25	60
ERR20616151240	Chr4	100.000	60	0	1	60	5401428	5401369	3.56e-25	60
ERR20616151240	Chr4	100.000	60	0	1	60	5406466	5406407	3.56e-25	60
ERR20616151240	Chr4	100.000	60	0	1	60	5410681	5410622	3.56e-25	60
ERR20616151240	Chr3	100.000	60	0	1	60	2067	2126	3.56e-25	60
ERR20616151240	Chr3	100.000	60	0	1	60	8225185	8225126	3.56e-25	60
ERR20616151240	Chr3	100.000	60	0	1	60	8230199	8230140	3.56e-25	60
ERR20616151240	Chr3	100.000	60	0	1	60	8235233	8235174	3.56e-25	60
ERR20616151240	Chr3	98.333	60	0	1	60	7059	7117	5.96e-23	60
ERR20616151240	Chr3	98.333	60	0	1	60	12046	12104	5.96e-23	60
ERR20616151240	Chr2	100.000	60	0	1	60	7729	7788	3.56e-25	60
ERR20616151240	Chr2	100.000	60	0	1	60	12755	12814	3.56e-25	60
ERR20616151240	Chr2	100.000	60	0	1	60	7912926	7912867	3.56e-25	60
ERR20616151240	Chr2	98.333	60	0	1	60	2650	2708	5.96e-23	60
ERR20616151240	Chr1	100.000	60	0	1	60	6665685	6665626	3.56e-25	60
ERR20616151272	Chr8	100.000	60	0	1	60	4273	4214	3.56e-25	60
ERR20616151272	Chr8	100.000	60	0	1	60	9442	9383	3.56e-25	60
ERR20616151272	Chr8	100.000	60	0	1	60	14472	14413	3.56e-25	60
ERR20616151272	Chr8	100.000	60	0	1	60	1844696	1844755	3.56e-25	60
ERR20616151272	Chr8	100.000	60	0	1	60	1849833	1849892	3.56e-25	60
ERR20616151272	Chr8	100.000	60	0	1	60	1854900	1854959	3.56e-25	60
ERR20616151272	Chr8	100.000	60	0	1	60	1859922	1859981	3.56e-25	60
ERR20616151272	Chr8	100.000	60	0	1	60	1865065	1865124	3.56e-25	60
ERR20616151272	Chr8	100.000	60	0	1	60	1890581	1890640	3.56e-25	60
ERR20616151272	Chr8	98.333	60	0	1	60	1870205	1870263	5.96e-23	60
ERR20616151272	Chr8	98.333	60	0	1	60	1875333	1875391	5.96e-23	60
ERR20616151272	Chr8	98.333	60	0	1	60	1880455	1880513	5.96e-23	60
ERR20616151272	Chr8	98.333	60	0	1	60	1885587	1885645	5.96e-23	60
ERR20616151272	Chr8	98.333	60	0	1	60	1895675	1895733	5.96e-23	60
ERR20616151272	Chr8	98.333	60	0	1	60	1900682	1900740	5.96e-23	60
ERR20616151272	Chr7	100.000	60	0	1	60	2564	2505	3.56e-25	60
ERR20616151272	Chr7	100.000	60	0	1	60	7595	7536	3.56e-25	60
ERR20616151272	Chr7	100.000	60	0	1	60	4038999	4039058	3.56e-25	60
ERR20616151272	Chr7	100.000	60	0	1	60	4046460	4046519	3.56e-25	60
ERR20616151272	Chr7	100.000	60	0	1	60	4051489	4051548	3.56e-25	60
ERR20616151272	Chr7	100.000	60	0	1	60	4061678	4061737	3.56e-25	60
ERR20616151272	Chr7	98.333	60	0	1	60	4056648	4056706	5.96e-23	60
ERR20616151272	Chr7	98.333	60	0	1	60	4066709	4066767	5.96e-23	60
ERR20616151272	Chr7	98.333	60	0	1	60	4071819	4071877	5.96e-23	60
ERR20616151272	Chr7	98.333	60	0	1	60	4076809	4076867	5.96e-23	60
ERR20616151272	Chr6	100.000	60	0	1	60	2761	2702	3.56e-25	60
ERR20616151272	Chr6	100.000	60	0	1	60	7808	7749	3.56e-25	60
ERR20616151272	Chr6	100.000	60	0	1	60	12828	12769	3.56e-25	60
ERR20616151272	Chr6	100.000	60	0	1	60	17865	17806	3.56e-25	60
ERR20616151272	Chr6	100.000	60	0	1	60	22888	22829	3.56e-25	60
ERR20616151272	Chr6	100.000	60	0	1	60	6105374	6105433	3.56e-25	60
ERR20616151272	Chr6	100.000	60	0	1	60	6110488	6110547	3.56e-25	60
ERR20616151272	Chr6	100.000	60	0	1	60	6115533	6115592	3.56e-25	60
ERR20616151272	Chr6	100.000	60	0	1	60	6120576	6120635	3.56e-25	60
ERR20616151272	Chr6	98.333	60	0	1	60	6125736	6125794	5.96e-23	60
ERR20616151272	Chr6	98.333	60	0	1	60	6130778	6130836	5.96e-23	60
ERR20616151272	Chr5	100.000	60	0	1	60	2514	2455	3.56e-25	60
ERR20616151272	Chr5	100.000	60	0	1	60	4437382	4437441	3.56e-25	60
ERR20616151272	Chr5	100.000	60	0	1	60	4442409	4442468	3.56e-25	60
ERR20616151272	Chr5	100.000	60	0	1	60	4447452	4447511	3.56e-25	60
ERR20616151272	Chr5	100.000	60	0	1	60	4452505	4452564	3.56e-25	60
ERR20616151272	Chr5	100.000	60	0	1	60	4457547	4457606	3.56e-25	60
ERR20616151272	Chr4	100.000	60	0	1	60	2596	2537	3.56e-25	60
ERR20616151272	Chr4	100.000	60	0	1	60	7622	7563	3.56e-25	60
ERR20616151272	Chr4	100.000	60	0	1	60	12659	12600	3.56e-25	60
ERR20616151272	Chr4	100.000	60	0	1	60	5396318	5396377	3.56e-25	60
ERR20616151272	Chr4	100.000	60	0	1	60	5401363	5401422	3.56e-25	60
ERR20616151272	Chr4	100.000	60	0	1	60	5406401	5406460	3.56e-25	60
ERR20616151272	Chr4	100.000	60	0	1	60	5410616	5410675	3.56e-25	60
ERR20616151272	Chr3	100.000	60	0	1	60	2132	2073	3.56e-25	60
ERR20616151272	Chr3	100.000	60	0	1	60	8225120	8225179	3.56e-25	60
ERR20616151272	Chr3	100.000	60	0	1	60	8230134	8230193	3.56e-25	60
ERR20616151272	Chr3	100.000	60	0	1	60	8235168	8235227	3.56e-25	60
ERR20616151272	Chr3	98.333	60	0	1	60	7123	7065	5.96e-23	60
ERR20616151272	Chr3	98.333	60	0	1	60	12110	12052	5.96e-23	60
ERR20616151272	Chr2	100.000	60	0	1	60	7794	7735	3.56e-25	60
ERR20616151272	Chr2	100.000	60	0	1	60	12820	12761	3.56e-25	60
ERR20616151272	Chr2	100.000	60	0	1	60	7912861	7912920	3.56e-25	60
ERR20616151272	Chr2	98.333	60	0	1	60	2714	2656	5.96e-23	60
ERR20616151272	Chr1	100.000	60	0	1	60	6665620	6665679	3.56e-25	60
ERR20616156888	Chr8	100.000	60	0	1	60	4283	4224	3.56e-25	60
ERR20616156888	Chr8	100.000	60	0	1	60	9452	9393	3.56e-25	60
ERR20616156888	Chr8	100.000	60	0	1	60	14482	14423	3.56e-25	60
ERR20616156888	Chr8	100.000	60	0	1	60	1844686	1844745	3.56e-25	60
ERR20616156888	Chr8	100.000	60	0	1	60	1849823	1849882	3.56e-25	60
ERR20616156888	Chr8	100.000	60	0	1	60	1854890	1854949	3.56e-25	60
ERR20616156888	Chr8	100.000	60	0	1	60	1859912	1859971	3.56e-25	60
ERR20616156888	Chr8	100.000	60	0	1	60	1865055	1865114	3.56e-25	60
ERR20616156888	Chr8	100.000	60	0	1	60	1890571	1890630	3.56e-25	60
ERR20616156888	Chr8	98.333	60	0	1	60	1870195	1870253	5.96e-23	60
ERR20616156888	Chr8	98.333	60	0	1	60	1875323	1875381	5.96e-23	60
ERR20616156888	Chr8	98.333	60	0	1	60	1880445	1880503	5.96e-23	60
ERR20616156888	Chr8	98.333	60	0	1	60	1885577	1885635	5.96e-23	60
ERR20616156888	Chr8	98.333	60	0	1	60	1895665	1895723	5.96e-23	60
ERR20616156888	Chr8	98.333	60	0	1	60	1900672	1900730	5.96e-23	60
ERR20616156888	Chr7	100.000	60	0	1	60	2574	2515	3.56e-25	60
ERR20616156888	Chr7	100.000	60	0	1	60	7605	7546	3.56e-25	60
ERR20616156888	Chr7	100.000	60	0	1	60	4038989	4039048	3.56e-25	60
ERR20616156888	Chr7	100.000	60	0	1	60	4046450	4046509	3.56e-25	60
ERR20616156888	Chr7	100.000	60	0	1	60	4051479	4051538	3.56e-25	60
ERR20616156888	Chr7	100.000	60	0	1	60	4061668	4061727	3.56e-25	60
ERR20616156888	Chr7	98.333	60	0	1	60	4056638	4056696	5.96e-23	60
ERR20616156888	Chr7	98.333	60	0	1	60	4066699	4066757	5.96e-23	60
ERR20616156888	Chr7	98.333	60	0	1	60	4071809	4071867	5.96e-23	60
ERR20616156888	Chr7	98.333	60	0	1	60	4076799	4076857	5.96e-23	60
ERR20616156888	Chr6	100.000	60	0	1	60	2771	2712	3.56e-25	60
ERR20616156888	Chr6	100.000	60	0	1	60	7818	7759	3.56e-25	60
ERR20616156888	Chr6	100.000	60	0	1	60	12838	12779	3.56e-25	60
ERR20616156888	Chr6	100.000	60	0	1	60	17875	17816	3.56e-25	60
ERR20616156888	Chr6	100.000	60	0	1	60	22898	22839	3.56e-25	60
ERR20616156888	Chr6	100.000	60	0	1	60	6105364	6105423	3.56e-25	60
ERR20616156888	Chr6	100.000	60	0	1	60	6110478	6110537	3.56e-25	60
ERR20616156888	Chr6	100.000	60	0	1	60	6115523	6115582	3.56e-25	60
ERR20616156888	Chr6	100.000	60	0	1	60	6120566	6120625	3.56e-25	60
ERR20616156888	Chr6	98.333	60	0	1	60	6125726	6125784	5.96e-23	60
ERR20616156888	Chr6	98.333	60	0	1	60	6130768	6130826	5.96e-23	60
ERR20616156888	Chr5	100.000	60	0	1	60	2524	2465	3.56e-25	60
ERR20616156888	Chr5	100.000	60	0	1	60	4437372	4437431	3.56e-25	60
ERR20616156888	Chr5	100.000	60	0	1	60	4442399	4442458	3.56e-25	60
ERR20616156888	Chr5	100.000	60	0	1	60	4447442	4447501	3.56e-25	60
ERR20616156888	Chr5	100.000	60	0	1	60	4452495	4452554	3.56e-25	60
ERR20616156888	Chr5	100.000	60	0	1	60	4457537	4457596	3.56e-25	60
ERR20616156888	Chr4	100.000	60	0	1	60	2606	2547	3.56e-25	60
ERR20616156888	Chr4	100.000	60	0	1	60	7632	7573	3.56e-25	60
ERR20616156888	Chr4	100.000	60	0	1	60	12669	12610	3.56e-25	60
ERR20616156888	Chr4	100.000	60	0	1	60	5396308	5396367	3.56e-25	60
ERR20616156888	Chr4	100.000	60	0	1	60	5401353	5401412	3.56e-25	60
ERR20616156888	Chr4	100.000	60	0	1	60	5406391	5406450	3.56e-25	60
ERR20616156888	Chr4	100.000	60	0	1	60	5410606	5410665	3.56e-25	60
ERR20616156888	Chr3	100.000	60	0	1	60	2142	2083	3.56e-25	60
ERR20616156888	Chr3	100.000	60	0	1	60	8225110	8225169	3.56e-25	60
ERR20616156888	Chr3	100.000	60	0	1	60	8230124	8230183	3.56e-25	60
ERR20616156888	Chr3	100.000	60	0	1	60	8235158	8235217	3.56e-25	60
ERR20616156888	Chr3	98.333	60	0	1	60	7133	7075	5.96e-23	60
ERR20616156888	Chr3	98.333	60	0	1	60	12120	12062	5.96e-23	60
ERR20616156888	Chr2	100.000	60	0	1	60	7804	7745	3.56e-25	60
ERR20616156888	Chr2	100.000	60	0	1	60	12830	12771	3.56e-25	60
ERR20616156888	Chr2	100.000	60	0	1	60	7912851	7912910	3.56e-25	60
ERR20616156888	Chr2	98.333	60	0	1	60	2724	2666	5.96e-23	60
ERR20616156888	Chr1	100.000	60	0	1	60	6665610	6665669	3.56e-25	60
ERR20616152976	Chr8	98.333	60	1	1	60	614	555	1.66e-23	60
ERR20616152976	Chr8	98.333	60	1	1	60	5752	5693	1.66e-23	60
ERR20616152976	Chr8	98.333	60	1	1	60	10921	10862	1.66e-23	60
ERR20616152976	Chr8	98.333	60	1	1	60	15951	15892	1.66e-23	60
ERR20616152976	Chr8	98.333	60	1	1	60	1843216	1843275	1.66e-23	60
ERR20616152976	Chr8	98.333	60	1	1	60	1848354	1848413	1.66e-23	60
ERR20616152976	Chr8	98.333	60	1	1	60	1853420	1853479	1.66e-23	60
ERR20616152976	Chr8	98.333	60	1	1	60	1858443	1858502	1.66e-23	60
ERR20616152976	Chr8	98.333	60	1	1	60	1863586	1863645	1.66e-23	60
ERR20616152976	Chr8	98.333	60	1	1	60	1868727	1868786	1.66e-23	60
ERR20616152976	Chr8	98.333	60	1	1	60	1873859	1873918	1.66e-23	60
ERR20616152976	Chr8	98.333	60	1	1	60	1878979	1879038	1.66e-23	60
ERR20616152976	Chr8	98.333	60	1	1	60	1884115	1884174	1.66e-23	60
ERR20616152976	Chr8	98.333	60	1	1	60	1889111	1889170	1.66e-23	60
ERR20616152976	Chr8	98.333	60	1	1	60	1894205	1894264	1.66e-23	60
ERR20616152976	Chr8	98.333	60	1	1	60	1899207	1899266	1.66e-23	60
ERR20616152976	Chr7	98.333	60	1	1	60	4044	3985	1.66e-23	60
ERR20616152976	Chr7	98.333	60	1	1	60	9075	9016	1.66e-23	60
ERR20616152976	Chr7	98.333	60	1	1	60	11520	11461	1.66e-23	60
ERR20616152976	Chr7	98.333	60	1	1	60	4037521	4037580	1.66e-23	60
ERR20616152976	Chr7	98.333	60	1	1	60	4042547	4042606	1.66e-23	60
ERR20616152976	Chr7	98.333	60	1	1	60	4044981	4045040	1.66e-23	60
ERR20616152976	Chr7	98.333	60	1	1	60	4050009	4050068	1.66e-23	60
ERR20616152976	Chr7	98.333	60	1	1	60	4055170	4055229	1.66e-23	60
ERR20616152976	Chr7	98.333	60	1	1	60	4060200	4060259	1.66e-23	60
ERR20616152976	Chr7	98.333	60	1	1	60	4065235	4065294	1.66e-23	60
ERR20616152976	Chr7	98.333	60	1	1	60	4070346	4070405	1.66e-23	60
ERR20616152976	Chr7	98.333	60	1	1	60	4075337	4075396	1.66e-23	60
ERR20616152976	Chr6	98.333	60	1	1	60	4240	4181	1.66e-23	60
ERR20616152976	Chr6	98.333	60	1	1	60	9287	9228	1.66e-23	60
ERR20616152976	Chr6	98.333	60	1	1	60	14306	14247	1.66e-23	60
ERR20616152976	Chr6	98.333	60	1	1	60	19345	19286	1.66e-23	60
ERR20616152976	Chr6	98.333	60	1	1	60	24367	24308	1.66e-23	60
ERR20616152976	Chr6	98.333	60	1	1	60	6103894	6103953	1.66e-23	60
ERR20616152976	Chr6	98.333	60	1	1	60	6109009	6109068	1.66e-23	60
ERR20616152976	Chr6	98.333	60	1	1	60	6114053	6114112	1.66e-23	60
ERR20616152976	Chr6	98.333	60	1	1	60	6119096	6119155	1.66e-23	60
ERR20616152976	Chr6	98.333	60	1	1	60	6124258	6124317	1.66e-23	60
ERR20616152976	Chr6	98.333	60	1	1	60	6129298	6129357	1.66e-23	60
ERR20616152976	Chr5	98.333	60	1	1	60	3993	3934	1.66e-23	60
ERR20616152976	Chr5	98.333	60	1	1	60	4435902	4435961	1.66e-23	60
ERR20616152976	Chr5	98.333	60	1	1	60	4440929	4440988	1.66e-23	60
ERR20616152976	Chr5	98.333	60	1	1	60	4445971	4446030	1.66e-23	60
ERR20616152976	Chr5	98.333	60	1	1	60	4451024	4451083	1.66e-23	60
ERR20616152976	Chr5	98.333	60	1	1	60	4456068	4456127	1.66e-23	60
ERR20616152976	Chr4	98.333	60	1	1	60	4075	4016	1.66e-23	60
ERR20616152976	Chr4	98.333	60	1	1	60	9102	9043	1.66e-23	60
ERR20616152976	Chr4	98.333	60	1	1	60	14140	14081	1.66e-23	60
ERR20616152976	Chr4	98.333	60	1	1	60	5394838	5394897	1.66e-23	60
ERR20616152976	Chr4	98.333	60	1	1	60	5399885	5399944	1.66e-23	60
ERR20616152976	Chr4	98.333	60	1	1	60	5404922	5404981	1.66e-23	60
ERR20616152976	Chr4	98.333	60	1	1	60	5409136	5409195	1.66e-23	60
ERR20616152976	Chr3	98.333	60	1	1	60	3611	3552	1.66e-23	60
ERR20616152976	Chr3	98.333	60	1	1	60	8603	8544	1.66e-23	60
ERR20616152976	Chr3	98.333	60	1	1	60	13588	13529	1.66e-23	60
ERR20616152976	Chr3	98.333	60	1	1	60	8223640	8223699	1.66e-23	60
ERR20616152976	Chr3	98.333	60	1	1	60	8228655	8228714	1.66e-23	60
ERR20616152976	Chr3	98.333	60	1	1	60	8233689	8233748	1.66e-23	60
ERR20616152976	Chr2	98.333	60	1	1	60	4189	4130	1.66e-23	60
ERR20616152976	Chr2	98.333	60	1	1	60	9274	9215	1.66e-23	60
ERR20616152976	Chr2	98.333	60	1	1	60	14299	14240	1.66e-23	60
ERR20616152976	Chr2	98.333	60	1	1	60	7911381	7911440	1.66e-23	60
ERR20616152976	Chr1	98.333	60	1	1	60	6664142	6664201	1.66e-23	60
ERR20616155064	Chr8	100.000	60	0	1	60	615	556	3.56e-25	60
ERR20616155064	Chr8	100.000	60	0	1	60	5753	5694	3.56e-25	60
ERR20616155064	Chr8	100.000	60	0	1	60	10922	10863	3.56e-25	60
ERR20616155064	Chr8	100.000	60	0	1	60	15952	15893	3.56e-25	60
ERR20616155064	Chr8	100.000	60	0	1	60	1843215	1843274	3.56e-25	60
ERR20616155064	Chr8	100.000	60	0	1	60	1848353	1848412	3.56e-25	60
ERR20616155064	Chr8	100.000	60	0	1	60	1853419	1853478	3.56e-25	60
ERR20616155064	Chr8	100.000	60	0	1	60	1858442	1858501	3.56e-25	60
ERR20616155064	Chr8	100.000	60	0	1	60	1863585	1863644	3.56e-25	60
ERR20616155064	Chr8	100.000	60	0	1	60	1868726	1868785	3.56e-25	60
ERR20616155064	Chr8	100.000	60	0	1	60	1873858	1873917	3.56e-25	60
ERR20616155064	Chr8	100.000	60	0	1	60	1878978	1879037	3.56e-25	60
ERR20616155064	Chr8	100.000	60	0	1	60	1884114	1884173	3.56e-25	60
ERR20616155064	Chr8	100.000	60	0	1	60	1889110	1889169	3.56e-25	60
ERR20616155064	Chr8	100.000	60	0	1	60	1894204	1894263	3.56e-25	60
ERR20616155064	Chr8	100.000	60	0	1	60	1899206	1899265	3.56e-25	60
ERR20616155064	Chr7	100.000	60	0	1	60	4045	3986	3.56e-25	60
ERR20616155064	Chr7	100.000	60	0	1	60	9076	9017	3.56e-25	60
ERR20616155064	Chr7	100.000	60	0	1	60	11521	11462	3.56e-25	60
ERR20616155064	Chr7	100.000	60	0	1	60	4037520	4037579	3.56e-25	60
ERR20616155064	Chr7	100.000	60	0	1	60	4042546	4042605	3.56e-25	60
ERR20616155064	Chr7	100.000	60	0	1	60	4044980	4045039	3.56e-25	60
ERR20616155064	Chr7	100.000	60	0	1	60	4050008	4050067	3.56e-25	60
ERR20616155064	Chr7	100.000	60	0	1	60	4055169	4055228	3.56e-25	60
ERR20616155064	Chr7	100.000	60	0	1	60	4060199	4060258	3.56e-25	60
ERR20616155064	Chr7	100.000	60	0	1	60	4065234	4065293	3.56e-25	60
ERR20616155064	Chr7	100.000	60	0	1	60	4070345	4070404	3.56e-25	60
ERR20616155064	Chr7	100.000	60	0	1	60	4075336	4075395	3.56e-25	60
ERR20616155064	Chr6	100.000	60	0	1	60	4241	4182	3.56e-25	60
ERR20616155064	Chr6	100.000	60	0	1	60	9288	9229	3.56e-25	60
ERR20616155064	Chr6	100.000	60	0	1	60	14307	14248	3.56e-25	60
ERR20616155064	Chr6	100.000	60	0	1	60	19346	19287	3.56e-25	60
ERR20616155064	Chr6	100.000	60	0	1	60	24368	24309	3.56e-25	60
ERR20616155064	Chr6	100.000	60	0	1	60	6103893	6103952	3.56e-25	60
ERR20616155064	Chr6	100.000	60	0	1	60	6109008	6109067	3.56e-25	60
ERR20616155064	Chr6	100.000	60	0	1	60	6114052	6114111	3.56e-25	60
ERR20616155064	Chr6	100.000	60	0	1	60	6119095	6119154	3.56e-25	60
ERR20616155064	Chr6	100.000	60	0	1	60	6124257	6124316	3.56e-25	60
ERR20616155064	Chr6	100.000	60	0	1	60	6129297	6129356	3.56e-25	60
ERR20616155064	Chr5	100.000	60	0	1	60	3994	3935	3.56e-25	60
ERR20616155064	Chr5	100.000	60	0	1	60	4435901	4435960	3.56e-25	60
ERR20616155064	Chr5	100.000	60	0	1	60	4440928	4440987	3.56e-25	60
ERR20616155064	Chr5	100.000	60	0	1	60	4445970	4446029	3.56e-25	60
ERR20616155064	Chr5	100.000	60	0	1	60	4451023	4451082	3.56e-25	60
ERR20616155064	Chr5	100.000	60	0	1	60	4456067	4456126	3.56e-25	60
ERR20616155064	Chr4	100.000	60	0	1	60	4076	4017	3.56e-25	60
ERR20616155064	Chr4	100.000	60	0	1	60	9103	9044	3.56e-25	60
ERR20616155064	Chr4	100.000	60	0	1	60	14141	14082	3.56e-25	60
ERR20616155064	Chr4	100.000	60	0	1	60	5394837	5394896	3.56e-25	60
ERR20616155064	Chr4	100.000	60	0	1	60	5399884	5399943	3.56e-25	60
ERR20616155064	Chr4	100.000	60	0	1	60	5404921	5404980	3.56e-25	60
ERR20616155064	Chr4	100.000	60	0	1	60	5409135	5409194	3.56e-25	60
ERR20616155064	Chr3	100.000	60	0	1	60	3612	3553	3.56e-25	60
ERR20616155064	Chr3	100.000	60	0	1	60	8604	8545	3.56e-25	60
ERR20616155064	Chr3	100.000	60	0	1	60	13589	13530	3.56e-25	60
ERR20616155064	Chr3	100.000	60	0	1	60	8223639	8223698	3.56e-25	60
ERR20616155064	Chr3	100.000	60	0	1	60	8228654	8228713	3.56e-25	60
ERR20616155064	Chr3	100.000	60	0	1	60	8233688	8233747	3.56e-25	60
ERR20616155064	Chr2	100.000	60	0	1	60	4190	4131	3.56e-25	60
ERR20616155064	Chr2	100.000	60	0	1	60	9275	9216	3.56e-25	60
ERR20616155064	Chr2	100.000	60	0	1	60	14300	14241	3.56e-25	60
ERR20616155064	Chr2	100.000	60	0	1	60	7911380	7911439	3.56e-25	60
ERR20616155064	Chr1	100.000	60	0	1	60	6664141	6664200	3.56e-25	60
