ER2061623_V62224	cluster0	100.000	36	0	0	1	36	70	105	2.62e-17	67.6
ER2061623_V65436	cluster0	100.000	36	0	0	1	36	70	105	2.62e-17	67.6
ER2061623_V61768	cluster0	100.000	35	0	0	1	35	71	105	9.10e-17	65.8
ER2061623_V65464	cluster0	100.000	34	0	0	1	34	72	105	3.15e-16	63.9
ER2061623_V6104	cluster1	100.000	28	0	0	62	89	59	86	2.03e-12	52.8
ER2061623_V65892	cluster0	100.000	37	0	0	1	37	105	69	7.53e-18	69.4
ER2061623_V64816	cluster0	100.000	36	0	0	1	36	70	105	2.62e-17	67.6
ER2061623_V64916	cluster0	97.297	37	1	0	1	37	105	69	3.51e-16	63.9
ER2061623_V6336	cluster0	98.182	55	1	0	1	55	105	51	5.53e-26	97.1
ER2061623_V65500	cluster0	95.918	49	2	0	1	49	57	105	4.87e-21	80.5
