ER2061616_V68244	MoTER2	100.000	31	0	0	1	31	85	55	3.81e-13	31
ER2061616_V62120	MoTER2	100.000	31	0	0	1	31	85	55	3.81e-13	31
ER2061616_V66284	MoTER2	100.000	30	0	0	1	30	84	55	1.30e-12	30
ER2061616_V66348	MoTER2	100.000	30	0	0	1	30	84	55	1.30e-12	30
ER2061616_V65804	MoTER2	100.000	29	0	0	1	29	83	55	4.46e-12	29
ER2061616_V67936	MoTER2	100.000	29	0	0	1	29	83	55	4.46e-12	29
ER2061616_V62312	MoTER2	100.000	29	0	0	1	29	83	55	4.46e-12	29
ER2061616_V64048	MoTER2	100.000	29	0	0	1	29	83	55	4.46e-12	29
ER2061616_V61520	MoTER2	100.000	34	0	0	1	34	88	55	8.96e-15	34
ER2061616_V69212	MoTER2	100.000	36	0	0	1	36	90	55	7.53e-16	36
ER2061616_V69812	MoTER2	100.000	36	0	0	1	36	90	55	7.53e-16	36
ER2061616_V64608	MoTER2	100.000	35	0	0	1	35	89	55	2.60e-15	35
ER2061616_V610092	MoTER2	100.000	35	0	0	1	35	89	55	2.60e-15	35
ER2061616_V64976	MoTER2	100.000	67	0	0	24	90	785	851	1.37e-32	90
ER2061616_V64976	MoTER1	100.000	67	0	0	24	90	785	851	1.37e-32	90
ER2061616_V63812	MoTER2	100.000	34	0	0	1	34	88	55	8.96e-15	34
ER2061616_V68992	MoTER2	100.000	33	0	0	1	33	87	55	3.08e-14	33
ER2061616_V66960	MoTER2	100.000	33	0	0	1	33	87	55	3.08e-14	33
ER2061616_V62448	MoTER2	100.000	33	0	0	1	33	87	55	3.08e-14	33
ER2061616_V64588	MoTER2	100.000	32	0	0	1	32	86	55	1.11e-13	32
ER2061616_V62564	MoTER1	100.000	28	0	0	1	28	1309	1282	1.77e-11	31
ER2061616_V62564	MoTER1	100.000	28	0	0	1	28	1376	1349	1.77e-11	31
ER2061616_V69016	MoTER2	100.000	31	0	0	1	31	85	55	3.81e-13	31
ER2061616_V61500	MoTER2	100.000	31	0	0	1	31	85	55	3.81e-13	31
ER2061616_V69708	MoTER2	100.000	31	0	0	1	31	85	55	3.81e-13	31
ER2061616_V6848	MoTER2	100.000	30	0	0	1	30	55	84	1.30e-12	30
ER2061616_V68108	MoTER2	100.000	33	0	0	1	33	55	87	3.08e-14	33
ER2061616_V66700	MoTER1	98.901	91	1	0	1	91	2653	2563	2.95e-44	91
ER2061616_V69892	MoTER2	100.000	35	0	0	1	35	55	89	2.60e-15	35
ER2061616_V68988	MoTER2	100.000	33	0	0	1	33	55	87	3.36e-14	35
ER2061616_V65588	MoTER2	100.000	37	0	0	1	37	55	91	2.18e-16	37
ER2061616_V68260	MoTER2	100.000	39	0	0	1	39	55	93	1.81e-17	39
ER2061616_V68260	MoTER1	97.436	39	1	0	1	39	55	93	8.43e-16	39
ER2061616_V66352	MoTER2	100.000	30	0	0	1	30	55	84	1.30e-12	30
ER2061616_V64612	MoTER2	100.000	28	0	0	1	28	55	82	1.52e-11	28
ER2061616_V67156	MoTER2	98.361	61	1	0	1	61	115	55	8.87e-28	61
ER2061616_V67156	MoTER1	96.721	61	2	0	1	61	115	55	4.13e-26	61
ER2061616_V6960	MoTER2	100.000	34	0	0	1	34	55	88	9.35e-15	35
ER2061616_V68284	MoTER2	97.101	69	2	0	1	69	55	123	1.77e-30	72
ER2061616_V68284	MoTER1	95.652	69	3	0	1	69	55	123	8.23e-29	72
ER2061616_V69208	MoTER2	100.000	36	0	0	1	36	55	90	7.53e-16	36
