ERR20616091624	Chr3	91.489	47	4	2	48	7883972	7884018	1.95e-11	48
ERR20616091624	Chr1	91.489	47	4	2	48	4668	4714	1.95e-11	48
ERR20616091624	Chr1	91.489	47	4	2	48	12322	12368	1.95e-11	48
ERR20616091624	Chr1	91.489	47	4	2	48	20568	20614	1.95e-11	48
ERR20616091624	Chr1	91.489	47	4	2	48	28835	28881	1.95e-11	48
ERR20616091624	Chr1	91.489	47	4	2	48	37056	37102	1.95e-11	48
ERR20616091624	Chr1	91.489	47	4	2	48	45250	45296	1.95e-11	48
ERR20616091624	Chr1	91.489	47	4	2	48	53518	53564	1.95e-11	48
ERR20616091624	Chr1	91.489	47	4	2	48	61780	61826	1.95e-11	48
ERR20616091624	Chr1	91.489	47	4	2	48	70061	70107	1.95e-11	48
ERR20616091624	Chr1	91.489	47	4	2	48	78328	78374	1.95e-11	48
ERR20616091624	Chr1	91.489	47	4	2	48	86462	86508	1.95e-11	48
ERR20616091624	Chr1	91.489	47	4	2	48	94774	94820	1.95e-11	48
ERR20616091624	Chr1	91.489	47	4	2	48	103084	103130	1.95e-11	48
ERR20616091624	Chr1	91.489	47	4	2	48	121346	121392	1.95e-11	48
ERR20616091624	Chr1	91.489	47	4	2	48	129571	129617	1.95e-11	48
ERR20616091624	Chr1	91.489	47	4	2	48	137750	137796	1.95e-11	48
ERR20616091624	Chr1	91.489	47	4	2	48	145994	146040	1.95e-11	48
ERR20616091624	Chr1	91.489	47	4	2	48	154214	154260	1.95e-11	48
ERR20616091624	Chr1	91.489	47	4	2	48	162432	162478	1.95e-11	48
ERR20616091624	Chr1	91.489	47	4	2	48	170671	170717	1.95e-11	48
ERR20616091624	Chr1	91.489	47	4	2	48	178907	178953	1.95e-11	48
ERR20616091624	Chr1	91.489	47	4	2	48	195502	195548	1.95e-11	48
ERR20616091624	Chr1	91.489	47	4	2	48	203717	203763	1.95e-11	48
ERR20616091624	Chr1	91.489	47	4	2	48	211947	211993	1.95e-11	48
ERR20616091624	Chr1	91.489	47	4	2	48	220177	220223	1.95e-11	48
ERR20616091624	Chr1	91.489	47	4	2	48	228482	228528	1.95e-11	48
ERR20616091624	Chr1	91.489	47	4	2	48	236781	236827	1.95e-11	48
ERR20616091624	Chr1	91.489	47	4	2	48	245085	245131	1.95e-11	48
ERR20616091624	Chr1	91.489	47	4	2	48	253388	253434	1.95e-11	48
ERR20616091624	Chr1	91.489	47	4	2	48	261688	261734	1.95e-11	48
ERR20616091624	Chr1	91.489	47	4	2	48	269990	270036	1.95e-11	48
ERR20616091624	Chr1	91.489	47	4	2	48	278292	278338	1.95e-11	48
ERR20616091624	Chr1	91.489	47	4	2	48	286603	286649	1.95e-11	48
ERR20616095488	Chr1	100.000	60	0	1	60	8733	8792	3.56e-25	60
ERR20616095488	Chr1	100.000	60	0	1	60	16961	17020	3.56e-25	60
ERR20616095488	Chr1	100.000	60	0	1	60	33491	33550	3.56e-25	60
ERR20616095488	Chr1	100.000	60	0	1	60	41709	41768	3.56e-25	60
ERR20616095488	Chr1	100.000	60	0	1	60	49903	49962	3.56e-25	60
ERR20616095488	Chr1	100.000	60	0	1	60	66440	66499	3.56e-25	60
ERR20616095488	Chr1	100.000	60	0	1	60	82828	82887	3.56e-25	60
ERR20616095488	Chr1	100.000	60	0	1	60	91131	91190	3.56e-25	60
ERR20616095488	Chr1	100.000	60	0	1	60	99444	99503	3.56e-25	60
ERR20616095488	Chr1	100.000	60	0	1	60	125984	126043	3.56e-25	60
ERR20616095488	Chr1	100.000	60	0	1	60	134145	134204	3.56e-25	60
ERR20616095488	Chr1	100.000	60	0	1	60	142396	142455	3.56e-25	60
ERR20616095488	Chr1	100.000	60	0	1	60	150641	150700	3.56e-25	60
ERR20616095488	Chr1	100.000	60	0	1	60	167076	167135	3.56e-25	60
ERR20616095488	Chr1	100.000	60	0	1	60	175321	175380	3.56e-25	60
ERR20616095488	Chr1	100.000	60	0	1	60	200144	200203	3.56e-25	60
ERR20616095488	Chr1	100.000	60	0	1	60	216578	216637	3.56e-25	60
ERR20616095488	Chr1	100.000	60	0	1	60	233149	233208	3.56e-25	60
ERR20616095488	Chr1	100.000	60	0	1	60	241450	241509	3.56e-25	60
ERR20616095488	Chr1	100.000	60	0	1	60	249755	249814	3.56e-25	60
ERR20616095488	Chr1	100.000	60	0	1	60	258056	258115	3.56e-25	60
ERR20616095488	Chr1	100.000	60	0	1	60	266354	266413	3.56e-25	60
ERR20616095488	Chr1	100.000	60	0	1	60	274657	274716	3.56e-25	60
ERR20616095488	Chr1	100.000	60	0	1	60	282960	283019	3.56e-25	60
ERR20616095488	Chr1	100.000	60	0	1	60	291268	291327	3.56e-25	60
ERR20616095488	Chr1	98.333	60	0	1	60	1109	1167	5.96e-23	60
ERR20616095488	Chr1	98.333	60	0	1	60	58177	58235	5.96e-23	60
ERR20616095488	Chr1	98.333	60	0	1	60	74725	74783	5.96e-23	60
ERR20616095488	Chr1	98.333	60	0	1	60	117769	117827	5.96e-23	60
ERR20616095488	Chr1	98.333	60	0	1	60	158858	158916	5.96e-23	60
ERR20616095488	Chr1	98.333	60	0	1	60	208361	208419	5.96e-23	60
ERR20616095488	Chr1	98.333	60	0	1	60	224847	224905	5.96e-23	60
ERR20616095488	Chr1	96.721	61	1	1	60	25221	25281	7.71e-22	60
ERR20616092984	Chr1	100.000	60	0	1	60	8733	8792	3.56e-25	60
ERR20616092984	Chr1	100.000	60	0	1	60	16961	17020	3.56e-25	60
ERR20616092984	Chr1	100.000	60	0	1	60	33491	33550	3.56e-25	60
ERR20616092984	Chr1	100.000	60	0	1	60	41709	41768	3.56e-25	60
ERR20616092984	Chr1	100.000	60	0	1	60	49903	49962	3.56e-25	60
ERR20616092984	Chr1	100.000	60	0	1	60	66440	66499	3.56e-25	60
ERR20616092984	Chr1	100.000	60	0	1	60	82828	82887	3.56e-25	60
ERR20616092984	Chr1	100.000	60	0	1	60	91131	91190	3.56e-25	60
ERR20616092984	Chr1	100.000	60	0	1	60	99444	99503	3.56e-25	60
ERR20616092984	Chr1	100.000	60	0	1	60	125984	126043	3.56e-25	60
ERR20616092984	Chr1	100.000	60	0	1	60	134145	134204	3.56e-25	60
ERR20616092984	Chr1	100.000	60	0	1	60	142396	142455	3.56e-25	60
ERR20616092984	Chr1	100.000	60	0	1	60	150641	150700	3.56e-25	60
ERR20616092984	Chr1	100.000	60	0	1	60	167076	167135	3.56e-25	60
ERR20616092984	Chr1	100.000	60	0	1	60	175321	175380	3.56e-25	60
ERR20616092984	Chr1	100.000	60	0	1	60	200144	200203	3.56e-25	60
ERR20616092984	Chr1	100.000	60	0	1	60	216578	216637	3.56e-25	60
ERR20616092984	Chr1	100.000	60	0	1	60	233149	233208	3.56e-25	60
ERR20616092984	Chr1	100.000	60	0	1	60	241450	241509	3.56e-25	60
ERR20616092984	Chr1	100.000	60	0	1	60	249755	249814	3.56e-25	60
ERR20616092984	Chr1	100.000	60	0	1	60	258056	258115	3.56e-25	60
ERR20616092984	Chr1	100.000	60	0	1	60	266354	266413	3.56e-25	60
ERR20616092984	Chr1	100.000	60	0	1	60	274657	274716	3.56e-25	60
ERR20616092984	Chr1	100.000	60	0	1	60	282960	283019	3.56e-25	60
ERR20616092984	Chr1	100.000	60	0	1	60	291268	291327	3.56e-25	60
ERR20616092984	Chr1	98.333	60	0	1	60	1109	1167	5.96e-23	60
ERR20616092984	Chr1	98.333	60	0	1	60	58177	58235	5.96e-23	60
ERR20616092984	Chr1	98.333	60	0	1	60	74725	74783	5.96e-23	60
ERR20616092984	Chr1	98.333	60	0	1	60	117769	117827	5.96e-23	60
ERR20616092984	Chr1	98.333	60	0	1	60	158858	158916	5.96e-23	60
ERR20616092984	Chr1	98.333	60	0	1	60	208361	208419	5.96e-23	60
ERR20616092984	Chr1	98.333	60	0	1	60	224847	224905	5.96e-23	60
ERR20616092984	Chr1	96.721	61	1	1	60	25221	25281	7.71e-22	60
ERR20616099056	Chr1	98.333	60	1	1	60	8733	8792	1.66e-23	60
ERR20616099056	Chr1	98.333	60	1	1	60	16961	17020	1.66e-23	60
ERR20616099056	Chr1	98.333	60	1	1	60	33491	33550	1.66e-23	60
ERR20616099056	Chr1	98.333	60	1	1	60	41709	41768	1.66e-23	60
ERR20616099056	Chr1	98.333	60	1	1	60	49903	49962	1.66e-23	60
ERR20616099056	Chr1	98.333	60	1	1	60	66440	66499	1.66e-23	60
ERR20616099056	Chr1	98.333	60	1	1	60	82828	82887	1.66e-23	60
ERR20616099056	Chr1	98.333	60	1	1	60	91131	91190	1.66e-23	60
ERR20616099056	Chr1	98.333	60	1	1	60	99444	99503	1.66e-23	60
ERR20616099056	Chr1	98.333	60	1	1	60	125984	126043	1.66e-23	60
ERR20616099056	Chr1	98.333	60	1	1	60	134145	134204	1.66e-23	60
ERR20616099056	Chr1	98.333	60	1	1	60	142396	142455	1.66e-23	60
ERR20616099056	Chr1	98.333	60	1	1	60	150641	150700	1.66e-23	60
ERR20616099056	Chr1	98.333	60	1	1	60	167076	167135	1.66e-23	60
ERR20616099056	Chr1	98.333	60	1	1	60	175321	175380	1.66e-23	60
ERR20616099056	Chr1	98.333	60	1	1	60	200144	200203	1.66e-23	60
ERR20616099056	Chr1	98.333	60	1	1	60	216578	216637	1.66e-23	60
ERR20616099056	Chr1	98.333	60	1	1	60	233149	233208	1.66e-23	60
ERR20616099056	Chr1	98.333	60	1	1	60	241450	241509	1.66e-23	60
ERR20616099056	Chr1	98.333	60	1	1	60	249755	249814	1.66e-23	60
ERR20616099056	Chr1	98.333	60	1	1	60	258056	258115	1.66e-23	60
ERR20616099056	Chr1	98.333	60	1	1	60	266354	266413	1.66e-23	60
ERR20616099056	Chr1	98.333	60	1	1	60	274657	274716	1.66e-23	60
ERR20616099056	Chr1	98.333	60	1	1	60	282960	283019	1.66e-23	60
ERR20616099056	Chr1	98.333	60	1	1	60	291268	291327	1.66e-23	60
ERR20616099056	Chr1	96.667	60	1	1	60	1109	1167	2.77e-21	60
ERR20616099056	Chr1	96.667	60	1	1	60	58177	58235	2.77e-21	60
ERR20616099056	Chr1	96.667	60	1	1	60	74725	74783	2.77e-21	60
ERR20616099056	Chr1	96.667	60	1	1	60	117769	117827	2.77e-21	60
ERR20616099056	Chr1	96.667	60	1	1	60	158858	158916	2.77e-21	60
ERR20616099056	Chr1	96.667	60	1	1	60	208361	208419	2.77e-21	60
ERR20616099056	Chr1	96.667	60	1	1	60	224847	224905	2.77e-21	60
ERR20616099056	Chr1	95.082	61	2	1	60	25221	25281	3.59e-20	60
ERR20616092200	Chr1	100.000	60	0	1	60	8795	8736	3.56e-25	60
ERR20616092200	Chr1	100.000	60	0	1	60	17023	16964	3.56e-25	60
ERR20616092200	Chr1	100.000	60	0	1	60	33553	33494	3.56e-25	60
ERR20616092200	Chr1	100.000	60	0	1	60	41771	41712	3.56e-25	60
ERR20616092200	Chr1	100.000	60	0	1	60	49965	49906	3.56e-25	60
ERR20616092200	Chr1	100.000	60	0	1	60	66502	66443	3.56e-25	60
ERR20616092200	Chr1	100.000	60	0	1	60	82890	82831	3.56e-25	60
ERR20616092200	Chr1	100.000	60	0	1	60	91193	91134	3.56e-25	60
ERR20616092200	Chr1	100.000	60	0	1	60	99506	99447	3.56e-25	60
ERR20616092200	Chr1	100.000	60	0	1	60	126046	125987	3.56e-25	60
ERR20616092200	Chr1	100.000	60	0	1	60	134207	134148	3.56e-25	60
ERR20616092200	Chr1	100.000	60	0	1	60	142458	142399	3.56e-25	60
ERR20616092200	Chr1	100.000	60	0	1	60	150703	150644	3.56e-25	60
ERR20616092200	Chr1	100.000	60	0	1	60	167138	167079	3.56e-25	60
ERR20616092200	Chr1	100.000	60	0	1	60	175383	175324	3.56e-25	60
ERR20616092200	Chr1	100.000	60	0	1	60	200206	200147	3.56e-25	60
ERR20616092200	Chr1	100.000	60	0	1	60	216640	216581	3.56e-25	60
ERR20616092200	Chr1	100.000	60	0	1	60	233211	233152	3.56e-25	60
ERR20616092200	Chr1	100.000	60	0	1	60	241512	241453	3.56e-25	60
ERR20616092200	Chr1	100.000	60	0	1	60	249817	249758	3.56e-25	60
ERR20616092200	Chr1	100.000	60	0	1	60	258118	258059	3.56e-25	60
ERR20616092200	Chr1	100.000	60	0	1	60	266416	266357	3.56e-25	60
ERR20616092200	Chr1	100.000	60	0	1	60	274719	274660	3.56e-25	60
ERR20616092200	Chr1	100.000	60	0	1	60	283022	282963	3.56e-25	60
ERR20616092200	Chr1	100.000	60	0	1	60	291330	291271	3.56e-25	60
ERR20616092200	Chr1	98.333	60	0	1	60	1170	1112	5.96e-23	60
ERR20616092200	Chr1	98.333	60	0	1	60	58238	58180	5.96e-23	60
ERR20616092200	Chr1	98.333	60	0	1	60	74786	74728	5.96e-23	60
ERR20616092200	Chr1	98.333	60	0	1	60	117830	117772	5.96e-23	60
ERR20616092200	Chr1	98.333	60	0	1	60	158919	158861	5.96e-23	60
ERR20616092200	Chr1	98.333	60	0	1	60	208422	208364	5.96e-23	60
ERR20616092200	Chr1	98.333	60	0	1	60	224908	224850	5.96e-23	60
ERR20616097800	Chr1	100.000	55	0	1	55	8787	8733	1.87e-22	55
ERR20616097800	Chr1	100.000	55	0	1	55	17015	16961	1.87e-22	55
ERR20616097800	Chr1	100.000	55	0	1	55	33545	33491	1.87e-22	55
ERR20616097800	Chr1	100.000	55	0	1	55	41763	41709	1.87e-22	55
ERR20616097800	Chr1	100.000	55	0	1	55	49957	49903	1.87e-22	55
ERR20616097800	Chr1	100.000	55	0	1	55	66494	66440	1.87e-22	55
ERR20616097800	Chr1	100.000	55	0	1	55	82882	82828	1.87e-22	55
ERR20616097800	Chr1	100.000	55	0	1	55	91185	91131	1.87e-22	55
ERR20616097800	Chr1	100.000	55	0	1	55	99498	99444	1.87e-22	55
ERR20616097800	Chr1	100.000	55	0	1	55	126038	125984	1.87e-22	55
ERR20616097800	Chr1	100.000	55	0	1	55	134199	134145	1.87e-22	55
ERR20616097800	Chr1	100.000	55	0	1	55	142450	142396	1.87e-22	55
ERR20616097800	Chr1	100.000	55	0	1	55	150695	150641	1.87e-22	55
ERR20616097800	Chr1	100.000	55	0	1	55	167130	167076	1.87e-22	55
ERR20616097800	Chr1	100.000	55	0	1	55	175375	175321	1.87e-22	55
ERR20616097800	Chr1	100.000	55	0	1	55	200198	200144	1.87e-22	55
ERR20616097800	Chr1	100.000	55	0	1	55	216632	216578	1.87e-22	55
ERR20616097800	Chr1	100.000	55	0	1	55	233203	233149	1.87e-22	55
ERR20616097800	Chr1	100.000	55	0	1	55	241504	241450	1.87e-22	55
ERR20616097800	Chr1	100.000	55	0	1	55	249809	249755	1.87e-22	55
ERR20616097800	Chr1	100.000	55	0	1	55	258110	258056	1.87e-22	55
ERR20616097800	Chr1	100.000	55	0	1	55	266408	266354	1.87e-22	55
ERR20616097800	Chr1	100.000	55	0	1	55	274711	274657	1.87e-22	55
ERR20616097800	Chr1	100.000	55	0	1	55	283014	282960	1.87e-22	55
ERR20616097800	Chr1	100.000	55	0	1	55	291322	291268	1.87e-22	55
ERR20616097800	Chr1	98.182	55	0	1	55	1162	1109	3.13e-20	55
ERR20616097800	Chr1	98.182	55	0	1	55	58230	58177	3.13e-20	55
ERR20616097800	Chr1	98.182	55	0	1	55	74778	74725	3.13e-20	55
ERR20616097800	Chr1	98.182	55	0	1	55	117822	117769	3.13e-20	55
ERR20616097800	Chr1	98.182	55	0	1	55	158911	158858	3.13e-20	55
ERR20616097800	Chr1	98.182	55	0	1	55	208414	208361	3.13e-20	55
ERR20616097800	Chr1	98.182	55	0	1	55	224900	224847	3.13e-20	55
ERR20616097800	Chr1	96.429	56	1	1	55	25276	25221	4.05e-19	55
ERR20616092920	Chr1	100.000	60	0	1	60	887	946	3.56e-25	60
ERR20616092920	Chr1	100.000	60	0	1	60	8511	8570	3.56e-25	60
ERR20616092920	Chr1	100.000	60	0	1	60	57955	58014	3.56e-25	60
ERR20616092920	Chr1	100.000	60	0	1	60	66218	66277	3.56e-25	60
ERR20616092920	Chr1	100.000	60	0	1	60	74503	74562	3.56e-25	60
ERR20616092920	Chr1	100.000	60	0	1	60	82606	82665	3.56e-25	60
ERR20616092920	Chr1	100.000	60	0	1	60	90909	90968	3.56e-25	60
ERR20616092920	Chr1	100.000	60	0	1	60	99222	99281	3.56e-25	60
ERR20616092920	Chr1	100.000	60	0	1	60	125762	125821	3.56e-25	60
ERR20616092920	Chr1	100.000	60	0	1	60	142174	142233	3.56e-25	60
ERR20616092920	Chr1	100.000	60	0	1	60	150419	150478	3.56e-25	60
ERR20616092920	Chr1	100.000	60	0	1	60	158636	158695	3.56e-25	60
ERR20616092920	Chr1	100.000	60	0	1	60	166854	166913	3.56e-25	60
ERR20616092920	Chr1	100.000	60	0	1	60	216356	216415	3.56e-25	60
ERR20616092920	Chr1	100.000	60	0	1	60	224625	224684	3.56e-25	60
ERR20616092920	Chr1	100.000	60	0	1	60	232927	232986	3.56e-25	60
ERR20616092920	Chr1	100.000	60	0	1	60	241228	241287	3.56e-25	60
ERR20616092920	Chr1	100.000	60	0	1	60	249533	249592	3.56e-25	60
ERR20616092920	Chr1	100.000	60	0	1	60	257834	257893	3.56e-25	60
ERR20616092920	Chr1	100.000	60	0	1	60	266132	266191	3.56e-25	60
ERR20616092920	Chr1	100.000	60	0	1	60	274435	274494	3.56e-25	60
ERR20616092920	Chr1	100.000	60	0	1	60	282738	282797	3.56e-25	60
ERR20616092920	Chr1	100.000	60	0	1	60	291046	291105	3.56e-25	60
ERR20616092920	Chr1	98.333	60	0	1	60	16740	16798	5.96e-23	60
ERR20616092920	Chr1	98.333	60	0	1	60	25000	25058	5.96e-23	60
ERR20616092920	Chr1	98.333	60	0	1	60	33270	33328	5.96e-23	60
ERR20616092920	Chr1	98.333	60	0	1	60	41488	41546	5.96e-23	60
ERR20616092920	Chr1	98.333	60	0	1	60	49682	49740	5.96e-23	60
ERR20616092920	Chr1	98.333	60	0	1	60	133924	133982	5.96e-23	60
ERR20616092920	Chr1	98.333	60	0	1	60	175100	175158	5.96e-23	60
ERR20616092920	Chr1	98.333	60	0	1	60	199923	199981	5.96e-23	60
ERR20616092920	Chr1	98.333	60	0	1	60	208140	208198	5.96e-23	60
ERR20616092920	Chr1	95.000	60	2	1	60	117549	117607	1.29e-19	60
ERR20616092920	Chr1	91.525	59	4	1	58	2513529	2513587	1.00e-15	60
ERR20616092920	Chr1	100.000	33	0	1	33	183335	183367	3.64e-10	60
ERR20616097696	Chr1	100.000	58	0	1	58	887	944	4.37e-24	58
ERR20616097696	Chr1	100.000	58	0	1	58	8511	8568	4.37e-24	58
ERR20616097696	Chr1	100.000	58	0	1	58	57955	58012	4.37e-24	58
ERR20616097696	Chr1	100.000	58	0	1	58	66218	66275	4.37e-24	58
ERR20616097696	Chr1	100.000	58	0	1	58	74503	74560	4.37e-24	58
ERR20616097696	Chr1	100.000	58	0	1	58	82606	82663	4.37e-24	58
ERR20616097696	Chr1	100.000	58	0	1	58	90909	90966	4.37e-24	58
ERR20616097696	Chr1	100.000	58	0	1	58	99222	99279	4.37e-24	58
ERR20616097696	Chr1	100.000	58	0	1	58	125762	125819	4.37e-24	58
ERR20616097696	Chr1	100.000	58	0	1	58	142174	142231	4.37e-24	58
ERR20616097696	Chr1	100.000	58	0	1	58	150419	150476	4.37e-24	58
ERR20616097696	Chr1	100.000	58	0	1	58	158636	158693	4.37e-24	58
ERR20616097696	Chr1	100.000	58	0	1	58	166854	166911	4.37e-24	58
ERR20616097696	Chr1	100.000	58	0	1	58	216356	216413	4.37e-24	58
ERR20616097696	Chr1	100.000	58	0	1	58	224625	224682	4.37e-24	58
ERR20616097696	Chr1	100.000	58	0	1	58	232927	232984	4.37e-24	58
ERR20616097696	Chr1	100.000	58	0	1	58	241228	241285	4.37e-24	58
ERR20616097696	Chr1	100.000	58	0	1	58	249533	249590	4.37e-24	58
ERR20616097696	Chr1	100.000	58	0	1	58	257834	257891	4.37e-24	58
ERR20616097696	Chr1	100.000	58	0	1	58	266132	266189	4.37e-24	58
ERR20616097696	Chr1	100.000	58	0	1	58	274435	274492	4.37e-24	58
ERR20616097696	Chr1	100.000	58	0	1	58	282738	282795	4.37e-24	58
ERR20616097696	Chr1	100.000	58	0	1	58	291046	291103	4.37e-24	58
ERR20616097696	Chr1	98.276	58	0	1	58	16740	16796	7.32e-22	58
ERR20616097696	Chr1	98.276	58	0	1	58	25000	25056	7.32e-22	58
ERR20616097696	Chr1	98.276	58	0	1	58	33270	33326	7.32e-22	58
ERR20616097696	Chr1	98.276	58	0	1	58	41488	41544	7.32e-22	58
ERR20616097696	Chr1	98.276	58	0	1	58	49682	49738	7.32e-22	58
ERR20616097696	Chr1	98.276	58	0	1	58	133924	133980	7.32e-22	58
ERR20616097696	Chr1	98.276	58	0	1	58	175100	175156	7.32e-22	58
ERR20616097696	Chr1	98.276	58	0	1	58	199923	199979	7.32e-22	58
ERR20616097696	Chr1	98.276	58	0	1	58	208140	208196	7.32e-22	58
ERR20616097696	Chr1	94.828	58	2	1	58	117549	117605	1.58e-18	58
ERR20616097696	Chr1	91.525	59	4	1	58	2513529	2513587	9.53e-16	58
ERR20616097696	Chr1	100.000	33	0	1	33	183335	183367	3.45e-10	58
ERR20616091624	Chr3	91.489	47	4	2	48	7883972	7884018	1.95e-11	48
ERR20616091624	Chr1	91.489	47	4	2	48	4668	4714	1.95e-11	48
ERR20616091624	Chr1	91.489	47	4	2	48	12322	12368	1.95e-11	48
ERR20616091624	Chr1	91.489	47	4	2	48	20568	20614	1.95e-11	48
ERR20616091624	Chr1	91.489	47	4	2	48	28835	28881	1.95e-11	48
ERR20616091624	Chr1	91.489	47	4	2	48	37056	37102	1.95e-11	48
ERR20616091624	Chr1	91.489	47	4	2	48	45250	45296	1.95e-11	48
ERR20616091624	Chr1	91.489	47	4	2	48	53518	53564	1.95e-11	48
ERR20616091624	Chr1	91.489	47	4	2	48	61780	61826	1.95e-11	48
ERR20616091624	Chr1	91.489	47	4	2	48	70061	70107	1.95e-11	48
ERR20616091624	Chr1	91.489	47	4	2	48	78328	78374	1.95e-11	48
ERR20616091624	Chr1	91.489	47	4	2	48	86462	86508	1.95e-11	48
ERR20616091624	Chr1	91.489	47	4	2	48	94774	94820	1.95e-11	48
ERR20616091624	Chr1	91.489	47	4	2	48	103084	103130	1.95e-11	48
ERR20616091624	Chr1	91.489	47	4	2	48	121346	121392	1.95e-11	48
ERR20616091624	Chr1	91.489	47	4	2	48	129571	129617	1.95e-11	48
ERR20616091624	Chr1	91.489	47	4	2	48	137750	137796	1.95e-11	48
ERR20616091624	Chr1	91.489	47	4	2	48	145994	146040	1.95e-11	48
ERR20616091624	Chr1	91.489	47	4	2	48	154214	154260	1.95e-11	48
ERR20616091624	Chr1	91.489	47	4	2	48	162432	162478	1.95e-11	48
ERR20616091624	Chr1	91.489	47	4	2	48	170671	170717	1.95e-11	48
ERR20616091624	Chr1	91.489	47	4	2	48	178907	178953	1.95e-11	48
ERR20616091624	Chr1	91.489	47	4	2	48	195502	195548	1.95e-11	48
ERR20616091624	Chr1	91.489	47	4	2	48	203717	203763	1.95e-11	48
ERR20616091624	Chr1	91.489	47	4	2	48	211947	211993	1.95e-11	48
ERR20616091624	Chr1	91.489	47	4	2	48	220177	220223	1.95e-11	48
ERR20616091624	Chr1	91.489	47	4	2	48	228482	228528	1.95e-11	48
ERR20616091624	Chr1	91.489	47	4	2	48	236781	236827	1.95e-11	48
ERR20616091624	Chr1	91.489	47	4	2	48	245085	245131	1.95e-11	48
ERR20616091624	Chr1	91.489	47	4	2	48	253388	253434	1.95e-11	48
ERR20616091624	Chr1	91.489	47	4	2	48	261688	261734	1.95e-11	48
ERR20616091624	Chr1	91.489	47	4	2	48	269990	270036	1.95e-11	48
ERR20616091624	Chr1	91.489	47	4	2	48	278292	278338	1.95e-11	48
ERR20616091624	Chr1	91.489	47	4	2	48	286603	286649	1.95e-11	48
ERR206160916	Chr1	100.000	60	0	1	60	887	946	3.56e-25	60
ERR206160916	Chr1	100.000	60	0	1	60	8511	8570	3.56e-25	60
ERR206160916	Chr1	100.000	60	0	1	60	57955	58014	3.56e-25	60
ERR206160916	Chr1	100.000	60	0	1	60	66218	66277	3.56e-25	60
ERR206160916	Chr1	100.000	60	0	1	60	74503	74562	3.56e-25	60
ERR206160916	Chr1	100.000	60	0	1	60	82606	82665	3.56e-25	60
ERR206160916	Chr1	100.000	60	0	1	60	90909	90968	3.56e-25	60
ERR206160916	Chr1	100.000	60	0	1	60	99222	99281	3.56e-25	60
ERR206160916	Chr1	100.000	60	0	1	60	125762	125821	3.56e-25	60
ERR206160916	Chr1	100.000	60	0	1	60	142174	142233	3.56e-25	60
ERR206160916	Chr1	100.000	60	0	1	60	150419	150478	3.56e-25	60
ERR206160916	Chr1	100.000	60	0	1	60	158636	158695	3.56e-25	60
ERR206160916	Chr1	100.000	60	0	1	60	166854	166913	3.56e-25	60
ERR206160916	Chr1	100.000	60	0	1	60	216356	216415	3.56e-25	60
ERR206160916	Chr1	100.000	60	0	1	60	224625	224684	3.56e-25	60
ERR206160916	Chr1	100.000	60	0	1	60	232927	232986	3.56e-25	60
ERR206160916	Chr1	100.000	60	0	1	60	241228	241287	3.56e-25	60
ERR206160916	Chr1	100.000	60	0	1	60	249533	249592	3.56e-25	60
ERR206160916	Chr1	100.000	60	0	1	60	257834	257893	3.56e-25	60
ERR206160916	Chr1	100.000	60	0	1	60	266132	266191	3.56e-25	60
ERR206160916	Chr1	100.000	60	0	1	60	274435	274494	3.56e-25	60
ERR206160916	Chr1	100.000	60	0	1	60	282738	282797	3.56e-25	60
ERR206160916	Chr1	100.000	60	0	1	60	291046	291105	3.56e-25	60
ERR206160916	Chr1	98.333	60	0	1	60	16740	16798	5.96e-23	60
ERR206160916	Chr1	98.333	60	0	1	60	25000	25058	5.96e-23	60
ERR206160916	Chr1	98.333	60	0	1	60	33270	33328	5.96e-23	60
ERR206160916	Chr1	98.333	60	0	1	60	41488	41546	5.96e-23	60
ERR206160916	Chr1	98.333	60	0	1	60	49682	49740	5.96e-23	60
ERR206160916	Chr1	98.333	60	0	1	60	133924	133982	5.96e-23	60
ERR206160916	Chr1	98.333	60	0	1	60	175100	175158	5.96e-23	60
ERR206160916	Chr1	98.333	60	0	1	60	199923	199981	5.96e-23	60
ERR206160916	Chr1	98.333	60	0	1	60	208140	208198	5.96e-23	60
ERR206160916	Chr1	95.000	60	2	1	60	117549	117607	1.29e-19	60
ERR206160916	Chr1	91.525	59	4	1	58	2513529	2513587	1.00e-15	60
ERR206160916	Chr1	100.000	33	0	1	33	183335	183367	3.64e-10	60
ERR20616094496	Chr1	100.000	60	0	1	60	955	896	3.56e-25	60
ERR20616094496	Chr1	100.000	60	0	1	60	8579	8520	3.56e-25	60
ERR20616094496	Chr1	100.000	60	0	1	60	58023	57964	3.56e-25	60
ERR20616094496	Chr1	100.000	60	0	1	60	66286	66227	3.56e-25	60
ERR20616094496	Chr1	100.000	60	0	1	60	74571	74512	3.56e-25	60
ERR20616094496	Chr1	100.000	60	0	1	60	82674	82615	3.56e-25	60
ERR20616094496	Chr1	100.000	60	0	1	60	90977	90918	3.56e-25	60
ERR20616094496	Chr1	100.000	60	0	1	60	99290	99231	3.56e-25	60
ERR20616094496	Chr1	100.000	60	0	1	60	125830	125771	3.56e-25	60
ERR20616094496	Chr1	100.000	60	0	1	60	142242	142183	3.56e-25	60
ERR20616094496	Chr1	100.000	60	0	1	60	150487	150428	3.56e-25	60
ERR20616094496	Chr1	100.000	60	0	1	60	158704	158645	3.56e-25	60
ERR20616094496	Chr1	100.000	60	0	1	60	166922	166863	3.56e-25	60
ERR20616094496	Chr1	100.000	60	0	1	60	216424	216365	3.56e-25	60
ERR20616094496	Chr1	100.000	60	0	1	60	224693	224634	3.56e-25	60
ERR20616094496	Chr1	100.000	60	0	1	60	232995	232936	3.56e-25	60
ERR20616094496	Chr1	100.000	60	0	1	60	241296	241237	3.56e-25	60
ERR20616094496	Chr1	100.000	60	0	1	60	249601	249542	3.56e-25	60
ERR20616094496	Chr1	100.000	60	0	1	60	257902	257843	3.56e-25	60
ERR20616094496	Chr1	100.000	60	0	1	60	266200	266141	3.56e-25	60
ERR20616094496	Chr1	100.000	60	0	1	60	274503	274444	3.56e-25	60
ERR20616094496	Chr1	100.000	60	0	1	60	282806	282747	3.56e-25	60
ERR20616094496	Chr1	100.000	60	0	1	60	291114	291055	3.56e-25	60
ERR20616094496	Chr1	98.333	60	0	1	60	16807	16749	5.96e-23	60
ERR20616094496	Chr1	98.333	60	0	1	60	25067	25009	5.96e-23	60
ERR20616094496	Chr1	98.333	60	0	1	60	33337	33279	5.96e-23	60
ERR20616094496	Chr1	98.333	60	0	1	60	41555	41497	5.96e-23	60
ERR20616094496	Chr1	98.333	60	0	1	60	49749	49691	5.96e-23	60
ERR20616094496	Chr1	98.333	60	0	1	60	133991	133933	5.96e-23	60
ERR20616094496	Chr1	98.333	60	0	1	60	175167	175109	5.96e-23	60
ERR20616094496	Chr1	98.333	60	0	1	60	199990	199932	5.96e-23	60
ERR20616094496	Chr1	98.333	60	0	1	60	208207	208149	5.96e-23	60
ERR20616095744	Chr7	95.000	60	3	1	60	2974098	2974039	3.59e-20	60
ERR20616095744	Chr6	94.915	59	3	2	60	1219719	1219777	1.29e-19	60
ERR20616095744	Chr3	94.915	59	3	2	60	284851	284793	1.29e-19	60
ERR20616095744	Chr3	94.915	59	3	2	60	288218	288276	1.29e-19	60
ERR20616095744	Chr3	96.000	50	2	1	50	1455178	1455227	2.79e-16	60
ERR20616095744	Chr1	96.296	54	2	2	55	3765315	3765368	1.67e-18	60
ERR20616098944	Chr1	100.000	60	0	1	60	1208	1149	3.56e-25	60
ERR20616098944	Chr1	100.000	60	0	1	60	17061	17002	3.56e-25	60
ERR20616098944	Chr1	100.000	60	0	1	60	25322	25263	3.56e-25	60
ERR20616098944	Chr1	100.000	60	0	1	60	33591	33532	3.56e-25	60
ERR20616098944	Chr1	100.000	60	0	1	60	41809	41750	3.56e-25	60
ERR20616098944	Chr1	100.000	60	0	1	60	50003	49944	3.56e-25	60
ERR20616098944	Chr1	100.000	60	0	1	60	58276	58217	3.56e-25	60
ERR20616098944	Chr1	100.000	60	0	1	60	66540	66481	3.56e-25	60
ERR20616098944	Chr1	100.000	60	0	1	60	74824	74765	3.56e-25	60
ERR20616098944	Chr1	100.000	60	0	1	60	82928	82869	3.56e-25	60
ERR20616098944	Chr1	100.000	60	0	1	60	91231	91172	3.56e-25	60
ERR20616098944	Chr1	100.000	60	0	1	60	99544	99485	3.56e-25	60
ERR20616098944	Chr1	100.000	60	0	1	60	117868	117809	3.56e-25	60
ERR20616098944	Chr1	100.000	60	0	1	60	126084	126025	3.56e-25	60
ERR20616098944	Chr1	100.000	60	0	1	60	134245	134186	3.56e-25	60
ERR20616098944	Chr1	100.000	60	0	1	60	142496	142437	3.56e-25	60
ERR20616098944	Chr1	100.000	60	0	1	60	158957	158898	3.56e-25	60
ERR20616098944	Chr1	100.000	60	0	1	60	167176	167117	3.56e-25	60
ERR20616098944	Chr1	100.000	60	0	1	60	175421	175362	3.56e-25	60
ERR20616098944	Chr1	100.000	60	0	1	60	200244	200185	3.56e-25	60
ERR20616098944	Chr1	100.000	60	0	1	60	208460	208401	3.56e-25	60
ERR20616098944	Chr1	100.000	60	0	1	60	216678	216619	3.56e-25	60
ERR20616098944	Chr1	100.000	60	0	1	60	224946	224887	3.56e-25	60
ERR20616098944	Chr1	100.000	60	0	1	60	233249	233190	3.56e-25	60
ERR20616098944	Chr1	100.000	60	0	1	60	241550	241491	3.56e-25	60
ERR20616098944	Chr1	100.000	60	0	1	60	249855	249796	3.56e-25	60
ERR20616098944	Chr1	100.000	60	0	1	60	258156	258097	3.56e-25	60
ERR20616098944	Chr1	100.000	60	0	1	60	266454	266395	3.56e-25	60
ERR20616098944	Chr1	100.000	60	0	1	60	274757	274698	3.56e-25	60
ERR20616098944	Chr1	100.000	60	0	1	60	283060	283001	3.56e-25	60
ERR20616098944	Chr1	100.000	60	0	1	60	291368	291309	3.56e-25	60
ERR20616098944	Chr1	98.333	60	0	1	60	8832	8774	5.96e-23	60
ERR20616098944	Chr1	98.333	60	0	1	60	150740	150682	5.96e-23	60
ERR20616097080	Chr7	100.000	57	0	4	60	4029453	4029397	1.66e-23	60
ERR20616098848	Chr8	100.000	60	0	1	60	3313	3254	3.56e-25	60
ERR20616098848	Chr8	100.000	60	0	1	60	8483	8424	3.56e-25	60
ERR20616098848	Chr8	100.000	60	0	1	60	13513	13454	3.56e-25	60
ERR20616098848	Chr8	100.000	60	0	1	60	1845656	1845715	3.56e-25	60
ERR20616098848	Chr8	100.000	60	0	1	60	1850793	1850852	3.56e-25	60
ERR20616098848	Chr8	100.000	60	0	1	60	1855859	1855918	3.56e-25	60
ERR20616098848	Chr8	100.000	60	0	1	60	1866021	1866080	3.56e-25	60
ERR20616098848	Chr8	100.000	60	0	1	60	1896622	1896681	3.56e-25	60
ERR20616098848	Chr8	100.000	60	0	1	60	1901633	1901692	3.56e-25	60
ERR20616098848	Chr8	98.333	60	0	1	60	1860880	1860938	5.96e-23	60
ERR20616098848	Chr8	98.333	60	0	1	60	1871162	1871220	5.96e-23	60
ERR20616098848	Chr8	98.333	60	0	1	60	1876286	1876344	5.96e-23	60
ERR20616098848	Chr8	98.333	60	0	1	60	1881410	1881468	5.96e-23	60
ERR20616098848	Chr8	98.333	60	0	1	60	1886538	1886596	5.96e-23	60
ERR20616098848	Chr8	98.333	60	0	1	60	1891533	1891591	5.96e-23	60
ERR20616098848	Chr7	100.000	60	0	1	60	1605	1546	3.56e-25	60
ERR20616098848	Chr7	100.000	60	0	1	60	6635	6576	3.56e-25	60
ERR20616098848	Chr7	100.000	60	0	1	60	4039958	4040017	3.56e-25	60
ERR20616098848	Chr7	100.000	60	0	1	60	4047419	4047478	3.56e-25	60
ERR20616098848	Chr7	100.000	60	0	1	60	4052448	4052507	3.56e-25	60
ERR20616098848	Chr7	100.000	60	0	1	60	4057606	4057665	3.56e-25	60
ERR20616098848	Chr7	100.000	60	0	1	60	4062637	4062696	3.56e-25	60
ERR20616098848	Chr7	100.000	60	0	1	60	4067662	4067721	3.56e-25	60
ERR20616098848	Chr7	100.000	60	0	1	60	4072767	4072826	3.56e-25	60
ERR20616098848	Chr7	100.000	60	0	1	60	4077762	4077821	3.56e-25	60
ERR20616098848	Chr6	100.000	60	0	1	60	1802	1743	3.56e-25	60
ERR20616098848	Chr6	100.000	60	0	1	60	6849	6790	3.56e-25	60
ERR20616098848	Chr6	100.000	60	0	1	60	11869	11810	3.56e-25	60
ERR20616098848	Chr6	100.000	60	0	1	60	16906	16847	3.56e-25	60
ERR20616098848	Chr6	100.000	60	0	1	60	21928	21869	3.56e-25	60
ERR20616098848	Chr6	100.000	60	0	1	60	6106333	6106392	3.56e-25	60
ERR20616098848	Chr6	100.000	60	0	1	60	6111448	6111507	3.56e-25	60
ERR20616098848	Chr6	100.000	60	0	1	60	6116493	6116552	3.56e-25	60
ERR20616098848	Chr6	100.000	60	0	1	60	6121533	6121592	3.56e-25	60
ERR20616098848	Chr6	100.000	60	0	1	60	6126694	6126753	3.56e-25	60
ERR20616098848	Chr6	100.000	60	0	1	60	6131735	6131794	3.56e-25	60
ERR20616098848	Chr5	100.000	60	0	1	60	1555	1496	3.56e-25	60
ERR20616098848	Chr5	100.000	60	0	1	60	4438341	4438400	3.56e-25	60
ERR20616098848	Chr5	100.000	60	0	1	60	4443369	4443428	3.56e-25	60
ERR20616098848	Chr5	100.000	60	0	1	60	4448410	4448469	3.56e-25	60
ERR20616098848	Chr5	100.000	60	0	1	60	4453464	4453523	3.56e-25	60
ERR20616098848	Chr5	100.000	60	0	1	60	4458507	4458566	3.56e-25	60
ERR20616098848	Chr4	100.000	60	0	1	60	1636	1577	3.56e-25	60
ERR20616098848	Chr4	100.000	60	0	1	60	6662	6603	3.56e-25	60
ERR20616098848	Chr4	100.000	60	0	1	60	11700	11641	3.56e-25	60
ERR20616098848	Chr4	100.000	60	0	1	60	5397278	5397337	3.56e-25	60
ERR20616098848	Chr4	100.000	60	0	1	60	5402323	5402382	3.56e-25	60
ERR20616098848	Chr4	100.000	60	0	1	60	5407361	5407420	3.56e-25	60
ERR20616098848	Chr4	100.000	60	0	1	60	5411576	5411635	3.56e-25	60
ERR20616098848	Chr3	100.000	60	0	1	60	1173	1114	3.56e-25	60
ERR20616098848	Chr3	100.000	60	0	1	60	6164	6105	3.56e-25	60
ERR20616098848	Chr3	100.000	60	0	1	60	11153	11094	3.56e-25	60
ERR20616098848	Chr3	100.000	60	0	1	60	8226079	8226138	3.56e-25	60
ERR20616098848	Chr3	100.000	60	0	1	60	8231093	8231152	3.56e-25	60
ERR20616098848	Chr3	100.000	60	0	1	60	8236127	8236186	3.56e-25	60
ERR20616098848	Chr2	100.000	60	0	1	60	1760	1701	3.56e-25	60
ERR20616098848	Chr2	100.000	60	0	1	60	6835	6776	3.56e-25	60
ERR20616098848	Chr2	100.000	60	0	1	60	11861	11802	3.56e-25	60
ERR20616098848	Chr2	100.000	60	0	1	60	7913820	7913879	3.56e-25	60
ERR20616098848	Chr1	100.000	60	0	1	60	6666579	6666638	3.56e-25	60
ERR20616097936	Chr8	100.000	60	0	1	60	3317	3258	3.56e-25	60
ERR20616097936	Chr8	100.000	60	0	1	60	8487	8428	3.56e-25	60
ERR20616097936	Chr8	100.000	60	0	1	60	13517	13458	3.56e-25	60
ERR20616097936	Chr8	100.000	60	0	1	60	1845652	1845711	3.56e-25	60
ERR20616097936	Chr8	100.000	60	0	1	60	1850789	1850848	3.56e-25	60
ERR20616097936	Chr8	100.000	60	0	1	60	1855855	1855914	3.56e-25	60
ERR20616097936	Chr8	100.000	60	0	1	60	1866017	1866076	3.56e-25	60
ERR20616097936	Chr8	100.000	60	0	1	60	1896618	1896677	3.56e-25	60
ERR20616097936	Chr8	100.000	60	0	1	60	1901629	1901688	3.56e-25	60
ERR20616097936	Chr8	98.333	60	0	1	60	1860876	1860934	5.96e-23	60
ERR20616097936	Chr8	98.333	60	0	1	60	1871158	1871216	5.96e-23	60
ERR20616097936	Chr8	98.333	60	0	1	60	1876282	1876340	5.96e-23	60
ERR20616097936	Chr8	98.333	60	0	1	60	1881406	1881464	5.96e-23	60
ERR20616097936	Chr8	98.333	60	0	1	60	1886534	1886592	5.96e-23	60
ERR20616097936	Chr8	98.333	60	0	1	60	1891529	1891587	5.96e-23	60
ERR20616097936	Chr7	100.000	60	0	1	60	1609	1550	3.56e-25	60
ERR20616097936	Chr7	100.000	60	0	1	60	6639	6580	3.56e-25	60
ERR20616097936	Chr7	100.000	60	0	1	60	4039954	4040013	3.56e-25	60
ERR20616097936	Chr7	100.000	60	0	1	60	4047415	4047474	3.56e-25	60
ERR20616097936	Chr7	100.000	60	0	1	60	4052444	4052503	3.56e-25	60
ERR20616097936	Chr7	100.000	60	0	1	60	4057602	4057661	3.56e-25	60
ERR20616097936	Chr7	100.000	60	0	1	60	4062633	4062692	3.56e-25	60
ERR20616097936	Chr7	100.000	60	0	1	60	4067658	4067717	3.56e-25	60
ERR20616097936	Chr7	100.000	60	0	1	60	4072763	4072822	3.56e-25	60
ERR20616097936	Chr7	100.000	60	0	1	60	4077758	4077817	3.56e-25	60
ERR20616097936	Chr6	100.000	60	0	1	60	1806	1747	3.56e-25	60
ERR20616097936	Chr6	100.000	60	0	1	60	6853	6794	3.56e-25	60
ERR20616097936	Chr6	100.000	60	0	1	60	11873	11814	3.56e-25	60
ERR20616097936	Chr6	100.000	60	0	1	60	16910	16851	3.56e-25	60
ERR20616097936	Chr6	100.000	60	0	1	60	21932	21873	3.56e-25	60
ERR20616097936	Chr6	100.000	60	0	1	60	6106329	6106388	3.56e-25	60
ERR20616097936	Chr6	100.000	60	0	1	60	6111444	6111503	3.56e-25	60
ERR20616097936	Chr6	100.000	60	0	1	60	6116489	6116548	3.56e-25	60
ERR20616097936	Chr6	100.000	60	0	1	60	6121529	6121588	3.56e-25	60
ERR20616097936	Chr6	100.000	60	0	1	60	6126690	6126749	3.56e-25	60
ERR20616097936	Chr6	100.000	60	0	1	60	6131731	6131790	3.56e-25	60
ERR20616097936	Chr5	100.000	60	0	1	60	1559	1500	3.56e-25	60
ERR20616097936	Chr5	100.000	60	0	1	60	4438337	4438396	3.56e-25	60
ERR20616097936	Chr5	100.000	60	0	1	60	4443365	4443424	3.56e-25	60
ERR20616097936	Chr5	100.000	60	0	1	60	4448406	4448465	3.56e-25	60
ERR20616097936	Chr5	100.000	60	0	1	60	4453460	4453519	3.56e-25	60
ERR20616097936	Chr5	100.000	60	0	1	60	4458503	4458562	3.56e-25	60
ERR20616097936	Chr4	100.000	60	0	1	60	1640	1581	3.56e-25	60
ERR20616097936	Chr4	100.000	60	0	1	60	6666	6607	3.56e-25	60
ERR20616097936	Chr4	100.000	60	0	1	60	11704	11645	3.56e-25	60
ERR20616097936	Chr4	100.000	60	0	1	60	5397274	5397333	3.56e-25	60
ERR20616097936	Chr4	100.000	60	0	1	60	5402319	5402378	3.56e-25	60
ERR20616097936	Chr4	100.000	60	0	1	60	5407357	5407416	3.56e-25	60
ERR20616097936	Chr4	100.000	60	0	1	60	5411572	5411631	3.56e-25	60
ERR20616097936	Chr3	100.000	60	0	1	60	1177	1118	3.56e-25	60
ERR20616097936	Chr3	100.000	60	0	1	60	6168	6109	3.56e-25	60
ERR20616097936	Chr3	100.000	60	0	1	60	11157	11098	3.56e-25	60
ERR20616097936	Chr3	100.000	60	0	1	60	8226075	8226134	3.56e-25	60
ERR20616097936	Chr3	100.000	60	0	1	60	8231089	8231148	3.56e-25	60
ERR20616097936	Chr3	100.000	60	0	1	60	8236123	8236182	3.56e-25	60
ERR20616097936	Chr2	100.000	60	0	1	60	1764	1705	3.56e-25	60
ERR20616097936	Chr2	100.000	60	0	1	60	6839	6780	3.56e-25	60
ERR20616097936	Chr2	100.000	60	0	1	60	11865	11806	3.56e-25	60
ERR20616097936	Chr2	100.000	60	0	1	60	7913816	7913875	3.56e-25	60
ERR20616097936	Chr1	100.000	60	0	1	60	6666575	6666634	3.56e-25	60
ERR20616098160	Chr8	100.000	60	0	1	60	3312	3253	3.56e-25	60
ERR20616098160	Chr8	100.000	60	0	1	60	8482	8423	3.56e-25	60
ERR20616098160	Chr8	100.000	60	0	1	60	13512	13453	3.56e-25	60
ERR20616098160	Chr8	100.000	60	0	1	60	1845657	1845716	3.56e-25	60
ERR20616098160	Chr8	100.000	60	0	1	60	1850794	1850853	3.56e-25	60
ERR20616098160	Chr8	100.000	60	0	1	60	1855860	1855919	3.56e-25	60
ERR20616098160	Chr8	100.000	60	0	1	60	1866022	1866081	3.56e-25	60
ERR20616098160	Chr8	100.000	60	0	1	60	1896623	1896682	3.56e-25	60
ERR20616098160	Chr8	100.000	60	0	1	60	1901634	1901693	3.56e-25	60
ERR20616098160	Chr8	98.333	60	0	1	60	1860881	1860939	5.96e-23	60
ERR20616098160	Chr8	98.333	60	0	1	60	1871163	1871221	5.96e-23	60
ERR20616098160	Chr8	98.333	60	0	1	60	1876287	1876345	5.96e-23	60
ERR20616098160	Chr8	98.333	60	0	1	60	1881411	1881469	5.96e-23	60
ERR20616098160	Chr8	98.333	60	0	1	60	1886539	1886597	5.96e-23	60
ERR20616098160	Chr8	98.333	60	0	1	60	1891534	1891592	5.96e-23	60
ERR20616098160	Chr7	100.000	60	0	1	60	1604	1545	3.56e-25	60
ERR20616098160	Chr7	100.000	60	0	1	60	6634	6575	3.56e-25	60
ERR20616098160	Chr7	100.000	60	0	1	60	4039959	4040018	3.56e-25	60
ERR20616098160	Chr7	100.000	60	0	1	60	4047420	4047479	3.56e-25	60
ERR20616098160	Chr7	100.000	60	0	1	60	4052449	4052508	3.56e-25	60
ERR20616098160	Chr7	100.000	60	0	1	60	4057607	4057666	3.56e-25	60
ERR20616098160	Chr7	100.000	60	0	1	60	4062638	4062697	3.56e-25	60
ERR20616098160	Chr7	100.000	60	0	1	60	4067663	4067722	3.56e-25	60
ERR20616098160	Chr7	100.000	60	0	1	60	4072768	4072827	3.56e-25	60
ERR20616098160	Chr7	100.000	60	0	1	60	4077763	4077822	3.56e-25	60
ERR20616098160	Chr6	100.000	60	0	1	60	1801	1742	3.56e-25	60
ERR20616098160	Chr6	100.000	60	0	1	60	6848	6789	3.56e-25	60
ERR20616098160	Chr6	100.000	60	0	1	60	11868	11809	3.56e-25	60
ERR20616098160	Chr6	100.000	60	0	1	60	16905	16846	3.56e-25	60
ERR20616098160	Chr6	100.000	60	0	1	60	21927	21868	3.56e-25	60
ERR20616098160	Chr6	100.000	60	0	1	60	6106334	6106393	3.56e-25	60
ERR20616098160	Chr6	100.000	60	0	1	60	6111449	6111508	3.56e-25	60
ERR20616098160	Chr6	100.000	60	0	1	60	6116494	6116553	3.56e-25	60
ERR20616098160	Chr6	100.000	60	0	1	60	6121534	6121593	3.56e-25	60
ERR20616098160	Chr6	100.000	60	0	1	60	6126695	6126754	3.56e-25	60
ERR20616098160	Chr6	100.000	60	0	1	60	6131736	6131795	3.56e-25	60
ERR20616098160	Chr5	100.000	60	0	1	60	1554	1495	3.56e-25	60
ERR20616098160	Chr5	100.000	60	0	1	60	4438342	4438401	3.56e-25	60
ERR20616098160	Chr5	100.000	60	0	1	60	4443370	4443429	3.56e-25	60
ERR20616098160	Chr5	100.000	60	0	1	60	4448411	4448470	3.56e-25	60
ERR20616098160	Chr5	100.000	60	0	1	60	4453465	4453524	3.56e-25	60
ERR20616098160	Chr5	100.000	60	0	1	60	4458508	4458567	3.56e-25	60
ERR20616098160	Chr4	100.000	60	0	1	60	1635	1576	3.56e-25	60
ERR20616098160	Chr4	100.000	60	0	1	60	6661	6602	3.56e-25	60
ERR20616098160	Chr4	100.000	60	0	1	60	11699	11640	3.56e-25	60
ERR20616098160	Chr4	100.000	60	0	1	60	5397279	5397338	3.56e-25	60
ERR20616098160	Chr4	100.000	60	0	1	60	5402324	5402383	3.56e-25	60
ERR20616098160	Chr4	100.000	60	0	1	60	5407362	5407421	3.56e-25	60
ERR20616098160	Chr4	100.000	60	0	1	60	5411577	5411636	3.56e-25	60
ERR20616098160	Chr3	100.000	60	0	1	60	1172	1113	3.56e-25	60
ERR20616098160	Chr3	100.000	60	0	1	60	6163	6104	3.56e-25	60
ERR20616098160	Chr3	100.000	60	0	1	60	11152	11093	3.56e-25	60
ERR20616098160	Chr3	100.000	60	0	1	60	8226080	8226139	3.56e-25	60
ERR20616098160	Chr3	100.000	60	0	1	60	8231094	8231153	3.56e-25	60
ERR20616098160	Chr3	100.000	60	0	1	60	8236128	8236187	3.56e-25	60
ERR20616098160	Chr2	100.000	60	0	1	60	1759	1700	3.56e-25	60
ERR20616098160	Chr2	100.000	60	0	1	60	6834	6775	3.56e-25	60
ERR20616098160	Chr2	100.000	60	0	1	60	11860	11801	3.56e-25	60
ERR20616098160	Chr2	100.000	60	0	1	60	7913821	7913880	3.56e-25	60
ERR20616098160	Chr1	100.000	60	0	1	60	6666580	6666639	3.56e-25	60
ERR20616092352	Chr3	100.000	46	0	4	49	7883093	7883138	1.55e-17	49
ERR20616092352	Chr1	100.000	46	0	4	49	3796	3841	1.55e-17	49
ERR20616092352	Chr1	100.000	46	0	4	49	11450	11495	1.55e-17	49
ERR20616092352	Chr1	100.000	46	0	4	49	19692	19737	1.55e-17	49
ERR20616092352	Chr1	100.000	46	0	4	49	27958	28003	1.55e-17	49
ERR20616092352	Chr1	100.000	46	0	4	49	36179	36224	1.55e-17	49
ERR20616092352	Chr1	100.000	46	0	4	49	44375	44420	1.55e-17	49
ERR20616092352	Chr1	100.000	46	0	4	49	52642	52687	1.55e-17	49
ERR20616092352	Chr1	100.000	46	0	4	49	60903	60948	1.55e-17	49
ERR20616092352	Chr1	100.000	46	0	4	49	69185	69230	1.55e-17	49
ERR20616092352	Chr1	100.000	46	0	4	49	77450	77495	1.55e-17	49
ERR20616092352	Chr1	100.000	46	0	4	49	85585	85630	1.55e-17	49
ERR20616092352	Chr1	100.000	46	0	4	49	93895	93940	1.55e-17	49
ERR20616092352	Chr1	100.000	46	0	4	49	102205	102250	1.55e-17	49
ERR20616092352	Chr1	100.000	46	0	4	49	120470	120515	1.55e-17	49
ERR20616092352	Chr1	100.000	46	0	4	49	128697	128742	1.55e-17	49
ERR20616092352	Chr1	100.000	46	0	4	49	136875	136920	1.55e-17	49
ERR20616092352	Chr1	100.000	46	0	4	49	145120	145165	1.55e-17	49
ERR20616092352	Chr1	100.000	46	0	4	49	153341	153386	1.55e-17	49
ERR20616092352	Chr1	100.000	46	0	4	49	161558	161603	1.55e-17	49
ERR20616092352	Chr1	100.000	46	0	4	49	169794	169839	1.55e-17	49
ERR20616092352	Chr1	100.000	46	0	4	49	178030	178075	1.55e-17	49
ERR20616092352	Chr1	100.000	46	0	4	49	194626	194671	1.55e-17	49
ERR20616092352	Chr1	100.000	46	0	4	49	202842	202887	1.55e-17	49
ERR20616092352	Chr1	100.000	46	0	4	49	211070	211115	1.55e-17	49
ERR20616092352	Chr1	100.000	46	0	4	49	219300	219345	1.55e-17	49
ERR20616092352	Chr1	100.000	46	0	4	49	227606	227651	1.55e-17	49
ERR20616092352	Chr1	100.000	46	0	4	49	235903	235948	1.55e-17	49
ERR20616092352	Chr1	100.000	46	0	4	49	244207	244252	1.55e-17	49
ERR20616092352	Chr1	100.000	46	0	4	49	252510	252555	1.55e-17	49
ERR20616092352	Chr1	100.000	46	0	4	49	260811	260856	1.55e-17	49
ERR20616092352	Chr1	100.000	46	0	4	49	269112	269157	1.55e-17	49
ERR20616092352	Chr1	100.000	46	0	4	49	277415	277460	1.55e-17	49
ERR20616092352	Chr1	100.000	46	0	4	49	285725	285770	1.55e-17	49
ERR20616097872	Chr8	98.333	60	1	1	60	1960	1901	1.66e-23	60
ERR20616097872	Chr8	98.333	60	1	1	60	12162	12103	1.66e-23	60
ERR20616097872	Chr8	98.333	60	1	1	60	1847014	1847073	1.66e-23	60
ERR20616097872	Chr8	98.333	60	1	1	60	1852146	1852205	1.66e-23	60
ERR20616097872	Chr8	98.333	60	1	1	60	1867373	1867432	1.66e-23	60
ERR20616097872	Chr8	96.721	61	1	1	60	7126	7066	7.71e-22	60
ERR20616097872	Chr7	98.333	60	1	1	60	256	197	1.66e-23	60
ERR20616097872	Chr7	98.333	60	1	1	60	5280	5221	1.66e-23	60
ERR20616097872	Chr7	98.333	60	1	1	60	4041308	4041367	1.66e-23	60
ERR20616097872	Chr7	98.333	60	1	1	60	4048771	4048830	1.66e-23	60
ERR20616097872	Chr7	98.333	60	1	1	60	4053806	4053865	1.66e-23	60
ERR20616097872	Chr7	98.333	60	1	1	60	4058962	4059021	1.66e-23	60
ERR20616097872	Chr7	98.333	60	1	1	60	4069000	4069059	1.66e-23	60
ERR20616097872	Chr7	98.333	60	1	1	60	4074106	4074165	1.66e-23	60
ERR20616097872	Chr7	98.333	60	1	1	60	4079098	4079157	1.66e-23	60
ERR20616097872	Chr7	96.667	60	1	1	60	4063992	4064050	2.77e-21	60
ERR20616097872	Chr6	98.333	60	1	1	60	448	389	1.66e-23	60
ERR20616097872	Chr6	98.333	60	1	1	60	5485	5426	1.66e-23	60
ERR20616097872	Chr6	98.333	60	1	1	60	10516	10457	1.66e-23	60
ERR20616097872	Chr6	98.333	60	1	1	60	15554	15495	1.66e-23	60
ERR20616097872	Chr6	98.333	60	1	1	60	20577	20518	1.66e-23	60
ERR20616097872	Chr6	98.333	60	1	1	60	6107688	6107747	1.66e-23	60
ERR20616097872	Chr6	98.333	60	1	1	60	6112801	6112860	1.66e-23	60
ERR20616097872	Chr6	98.333	60	1	1	60	6117846	6117905	1.66e-23	60
ERR20616097872	Chr6	98.333	60	1	1	60	6122890	6122949	1.66e-23	60
ERR20616097872	Chr6	98.333	60	1	1	60	6128053	6128112	1.66e-23	60
ERR20616097872	Chr6	98.333	60	1	1	60	6133091	6133150	1.66e-23	60
ERR20616097872	Chr5	98.333	60	1	1	60	284	225	1.66e-23	60
ERR20616097872	Chr5	98.333	60	1	1	60	4439694	4439753	1.66e-23	60
ERR20616097872	Chr5	98.333	60	1	1	60	4444733	4444792	1.66e-23	60
ERR20616097872	Chr5	98.333	60	1	1	60	4449773	4449832	1.66e-23	60
ERR20616097872	Chr5	98.333	60	1	1	60	4454817	4454876	1.66e-23	60
ERR20616097872	Chr5	98.333	60	1	1	60	4459865	4459924	1.66e-23	60
ERR20616097872	Chr4	98.333	60	1	1	60	285	226	1.66e-23	60
ERR20616097872	Chr4	98.333	60	1	1	60	5308	5249	1.66e-23	60
ERR20616097872	Chr4	98.333	60	1	1	60	10338	10279	1.66e-23	60
ERR20616097872	Chr4	98.333	60	1	1	60	5398630	5398689	1.66e-23	60
ERR20616097872	Chr4	96.721	61	1	1	60	5403682	5403742	7.71e-22	60
ERR20616097872	Chr4	96.721	61	1	1	60	5412933	5412993	7.71e-22	60
ERR20616097872	Chr3	98.333	60	1	1	60	9806	9747	1.66e-23	60
ERR20616097872	Chr3	98.333	60	1	1	60	8227440	8227499	1.66e-23	60
ERR20616097872	Chr3	98.333	60	1	1	60	8232450	8232509	1.66e-23	60
ERR20616097872	Chr3	98.333	60	1	1	60	8237486	8237545	1.66e-23	60
ERR20616097872	Chr3	96.667	60	1	1	60	4818	4760	2.77e-21	60
ERR20616097872	Chr2	98.333	60	1	1	60	5480	5421	1.66e-23	60
ERR20616097872	Chr2	98.333	60	1	1	60	10506	10447	1.66e-23	60
ERR20616097872	Chr2	96.721	61	1	1	60	7915176	7915236	7.71e-22	60
ERR20616097872	Chr2	96.667	60	1	1	60	441	383	2.77e-21	60
ERR20616097872	Chr1	98.333	60	1	1	60	6667933	6667992	1.66e-23	60
ERR20616094000	Chr1	100.000	60	0	1	60	969	910	3.56e-25	60
ERR20616094000	Chr1	100.000	60	0	1	60	8593	8534	3.56e-25	60
ERR20616094000	Chr1	100.000	60	0	1	60	58037	57978	3.56e-25	60
ERR20616094000	Chr1	100.000	60	0	1	60	66300	66241	3.56e-25	60
ERR20616094000	Chr1	100.000	60	0	1	60	74585	74526	3.56e-25	60
ERR20616094000	Chr1	100.000	60	0	1	60	82688	82629	3.56e-25	60
ERR20616094000	Chr1	100.000	60	0	1	60	90991	90932	3.56e-25	60
ERR20616094000	Chr1	100.000	60	0	1	60	99304	99245	3.56e-25	60
ERR20616094000	Chr1	100.000	60	0	1	60	125844	125785	3.56e-25	60
ERR20616094000	Chr1	100.000	60	0	1	60	142256	142197	3.56e-25	60
ERR20616094000	Chr1	100.000	60	0	1	60	150501	150442	3.56e-25	60
ERR20616094000	Chr1	100.000	60	0	1	60	158718	158659	3.56e-25	60
ERR20616094000	Chr1	100.000	60	0	1	60	166936	166877	3.56e-25	60
ERR20616094000	Chr1	100.000	60	0	1	60	216438	216379	3.56e-25	60
ERR20616094000	Chr1	100.000	60	0	1	60	224707	224648	3.56e-25	60
ERR20616094000	Chr1	100.000	60	0	1	60	233009	232950	3.56e-25	60
ERR20616094000	Chr1	100.000	60	0	1	60	241310	241251	3.56e-25	60
ERR20616094000	Chr1	100.000	60	0	1	60	249615	249556	3.56e-25	60
ERR20616094000	Chr1	100.000	60	0	1	60	257916	257857	3.56e-25	60
ERR20616094000	Chr1	100.000	60	0	1	60	266214	266155	3.56e-25	60
ERR20616094000	Chr1	100.000	60	0	1	60	274517	274458	3.56e-25	60
ERR20616094000	Chr1	100.000	60	0	1	60	282820	282761	3.56e-25	60
ERR20616094000	Chr1	100.000	60	0	1	60	291128	291069	3.56e-25	60
ERR20616094000	Chr1	98.333	60	0	1	60	16821	16763	5.96e-23	60
ERR20616094000	Chr1	98.333	60	0	1	60	25081	25023	5.96e-23	60
ERR20616094000	Chr1	98.333	60	0	1	60	33351	33293	5.96e-23	60
ERR20616094000	Chr1	98.333	60	0	1	60	41569	41511	5.96e-23	60
ERR20616094000	Chr1	98.333	60	0	1	60	49763	49705	5.96e-23	60
ERR20616094000	Chr1	98.333	60	0	1	60	134005	133947	5.96e-23	60
ERR20616094000	Chr1	98.333	60	0	1	60	175181	175123	5.96e-23	60
ERR20616094000	Chr1	98.333	60	0	1	60	200004	199946	5.96e-23	60
ERR20616094000	Chr1	98.333	60	0	1	60	208221	208163	5.96e-23	60
ERR20616094000	Chr1	95.000	60	2	1	60	117630	117572	1.29e-19	60
ERR20616096384	Chr5	100.000	60	0	1	60	2445712	2445653	3.56e-25	60
ERR20616097792	Chr8	100.000	42	0	1	42	2326	2285	1.95e-15	42
ERR20616097792	Chr8	100.000	42	0	1	42	7496	7455	1.95e-15	42
ERR20616097792	Chr8	100.000	42	0	1	42	12527	12486	1.95e-15	42
ERR20616097792	Chr8	100.000	42	0	1	42	1846643	1846684	1.95e-15	42
ERR20616097792	Chr8	100.000	42	0	1	42	1851780	1851821	1.95e-15	42
ERR20616097792	Chr8	100.000	42	0	1	42	1856846	1856887	1.95e-15	42
ERR20616097792	Chr8	100.000	42	0	1	42	1861864	1861905	1.95e-15	42
ERR20616097792	Chr8	100.000	42	0	1	42	1867009	1867050	1.95e-15	42
ERR20616097792	Chr8	100.000	42	0	1	42	1872147	1872188	1.95e-15	42
ERR20616097792	Chr8	100.000	42	0	1	42	1902617	1902658	1.95e-15	42
ERR20616097792	Chr8	97.619	42	1	1	42	2354	2313	9.05e-14	42
ERR20616097792	Chr8	97.619	42	1	1	42	7524	7483	9.05e-14	42
ERR20616097792	Chr8	97.619	42	1	1	42	12555	12514	9.05e-14	42
ERR20616097792	Chr8	97.619	42	1	1	42	1846615	1846656	9.05e-14	42
ERR20616097792	Chr8	97.619	42	1	1	42	1851752	1851793	9.05e-14	42
ERR20616097792	Chr8	97.619	42	1	1	42	1856818	1856859	9.05e-14	42
ERR20616097792	Chr8	97.619	42	1	1	42	1861836	1861877	9.05e-14	42
ERR20616097792	Chr8	97.619	42	1	1	42	1866981	1867022	9.05e-14	42
ERR20616097792	Chr8	97.619	42	1	1	42	1877242	1877283	9.05e-14	42
ERR20616097792	Chr8	97.619	42	1	1	42	1882372	1882413	9.05e-14	42
ERR20616097792	Chr8	97.619	42	1	1	42	1887498	1887539	9.05e-14	42
ERR20616097792	Chr8	97.619	42	1	1	42	1892487	1892528	9.05e-14	42
ERR20616097792	Chr8	97.619	42	1	1	42	1897577	1897618	9.05e-14	42
ERR20616097792	Chr8	97.619	42	1	1	42	1902589	1902630	9.05e-14	42
ERR20616097792	Chr8	95.349	43	1	1	42	1872118	1872160	4.21e-12	42
ERR20616097792	Chr7	100.000	42	0	1	42	619	578	1.95e-15	42
ERR20616097792	Chr7	100.000	42	0	1	42	5649	5608	1.95e-15	42
ERR20616097792	Chr7	100.000	42	0	1	42	4040944	4040985	1.95e-15	42
ERR20616097792	Chr7	100.000	42	0	1	42	4048405	4048446	1.95e-15	42
ERR20616097792	Chr7	100.000	42	0	1	42	4053436	4053477	1.95e-15	42
ERR20616097792	Chr7	100.000	42	0	1	42	4058594	4058635	1.95e-15	42
ERR20616097792	Chr7	100.000	42	0	1	42	4063625	4063666	1.95e-15	42
ERR20616097792	Chr7	100.000	42	0	1	42	4068646	4068687	1.95e-15	42
ERR20616097792	Chr7	100.000	42	0	1	42	4073750	4073791	1.95e-15	42
ERR20616097792	Chr7	100.000	42	0	1	42	4078746	4078787	1.95e-15	42
ERR20616097792	Chr7	97.619	42	1	1	42	647	606	9.05e-14	42
ERR20616097792	Chr7	97.619	42	1	1	42	5677	5636	9.05e-14	42
ERR20616097792	Chr7	97.619	42	1	1	42	4040916	4040957	9.05e-14	42
ERR20616097792	Chr7	97.619	42	1	1	42	4048377	4048418	9.05e-14	42
ERR20616097792	Chr7	97.619	42	1	1	42	4053408	4053449	9.05e-14	42
ERR20616097792	Chr7	97.619	42	1	1	42	4058566	4058607	9.05e-14	42
ERR20616097792	Chr7	97.619	42	1	1	42	4063597	4063638	9.05e-14	42
ERR20616097792	Chr7	97.619	42	1	1	42	4068618	4068659	9.05e-14	42
ERR20616097792	Chr7	97.619	42	1	1	42	4073722	4073763	9.05e-14	42
ERR20616097792	Chr7	97.619	42	1	1	42	4078718	4078759	9.05e-14	42
ERR20616097792	Chr6	100.000	42	0	1	42	815	774	1.95e-15	42
ERR20616097792	Chr6	100.000	42	0	1	42	5861	5820	1.95e-15	42
ERR20616097792	Chr6	100.000	42	0	1	42	10882	10841	1.95e-15	42
ERR20616097792	Chr6	100.000	42	0	1	42	15919	15878	1.95e-15	42
ERR20616097792	Chr6	100.000	42	0	1	42	20940	20899	1.95e-15	42
ERR20616097792	Chr6	100.000	42	0	1	42	6107321	6107362	1.95e-15	42
ERR20616097792	Chr6	100.000	42	0	1	42	6112435	6112476	1.95e-15	42
ERR20616097792	Chr6	100.000	42	0	1	42	6117480	6117521	1.95e-15	42
ERR20616097792	Chr6	100.000	42	0	1	42	6122521	6122562	1.95e-15	42
ERR20616097792	Chr6	100.000	42	0	1	42	6127682	6127723	1.95e-15	42
ERR20616097792	Chr6	100.000	42	0	1	42	6132722	6132763	1.95e-15	42
ERR20616097792	Chr6	97.619	42	1	1	42	843	802	9.05e-14	42
ERR20616097792	Chr6	97.619	42	1	1	42	5889	5848	9.05e-14	42
ERR20616097792	Chr6	97.619	42	1	1	42	10910	10869	9.05e-14	42
ERR20616097792	Chr6	97.619	42	1	1	42	15947	15906	9.05e-14	42
ERR20616097792	Chr6	97.619	42	1	1	42	20968	20927	9.05e-14	42
ERR20616097792	Chr6	97.619	42	1	1	42	6107293	6107334	9.05e-14	42
ERR20616097792	Chr6	97.619	42	1	1	42	6112407	6112448	9.05e-14	42
ERR20616097792	Chr6	97.619	42	1	1	42	6117452	6117493	9.05e-14	42
ERR20616097792	Chr6	97.619	42	1	1	42	6122493	6122534	9.05e-14	42
ERR20616097792	Chr6	97.619	42	1	1	42	6127654	6127695	9.05e-14	42
ERR20616097792	Chr6	97.619	42	1	1	42	6132694	6132735	9.05e-14	42
ERR20616097792	Chr5	100.000	42	0	1	42	651	610	1.95e-15	42
ERR20616097792	Chr5	100.000	42	0	1	42	4439328	4439369	1.95e-15	42
ERR20616097792	Chr5	100.000	42	0	1	42	4444356	4444397	1.95e-15	42
ERR20616097792	Chr5	100.000	42	0	1	42	4449397	4449438	1.95e-15	42
ERR20616097792	Chr5	100.000	42	0	1	42	4454450	4454491	1.95e-15	42
ERR20616097792	Chr5	100.000	42	0	1	42	4459494	4459535	1.95e-15	42
ERR20616097792	Chr5	97.619	42	1	1	42	4439300	4439341	9.05e-14	42
ERR20616097792	Chr5	97.619	42	1	1	42	4444328	4444369	9.05e-14	42
ERR20616097792	Chr5	97.619	42	1	1	42	4449369	4449410	9.05e-14	42
ERR20616097792	Chr5	97.619	42	1	1	42	4454422	4454463	9.05e-14	42
ERR20616097792	Chr5	97.619	42	1	1	42	4459466	4459507	9.05e-14	42
ERR20616097792	Chr4	100.000	42	0	1	42	649	608	1.95e-15	42
ERR20616097792	Chr4	100.000	42	0	1	42	5675	5634	1.95e-15	42
ERR20616097792	Chr4	100.000	42	0	1	42	10712	10671	1.95e-15	42
ERR20616097792	Chr4	100.000	42	0	1	42	5398265	5398306	1.95e-15	42
ERR20616097792	Chr4	100.000	42	0	1	42	5403311	5403352	1.95e-15	42
ERR20616097792	Chr4	100.000	42	0	1	42	5412563	5412604	1.95e-15	42
ERR20616097792	Chr4	97.619	42	1	1	42	677	636	9.05e-14	42
ERR20616097792	Chr4	97.619	42	1	1	42	5703	5662	9.05e-14	42
ERR20616097792	Chr4	97.619	42	1	1	42	10740	10699	9.05e-14	42
ERR20616097792	Chr4	97.619	42	1	1	42	5398237	5398278	9.05e-14	42
ERR20616097792	Chr4	97.619	42	1	1	42	5403283	5403324	9.05e-14	42
ERR20616097792	Chr4	97.619	42	1	1	42	5412535	5412576	9.05e-14	42
ERR20616097792	Chr3	100.000	42	0	1	42	5178	5137	1.95e-15	42
ERR20616097792	Chr3	100.000	42	0	1	42	10167	10126	1.95e-15	42
ERR20616097792	Chr3	100.000	42	0	1	42	8227066	8227107	1.95e-15	42
ERR20616097792	Chr3	100.000	42	0	1	42	8232081	8232122	1.95e-15	42
ERR20616097792	Chr3	100.000	42	0	1	42	8237116	8237157	1.95e-15	42
ERR20616097792	Chr3	97.619	42	1	1	42	215	174	9.05e-14	42
ERR20616097792	Chr3	97.619	42	1	1	42	5206	5165	9.05e-14	42
ERR20616097792	Chr3	97.619	42	1	1	42	10195	10154	9.05e-14	42
ERR20616097792	Chr3	97.619	42	1	1	42	8227038	8227079	9.05e-14	42
ERR20616097792	Chr3	97.619	42	1	1	42	8232053	8232094	9.05e-14	42
ERR20616097792	Chr3	97.619	42	1	1	42	8237088	8237129	9.05e-14	42
ERR20616097792	Chr3	100.000	31	0	1	31	187	157	2.53e-09	42
ERR20616097792	Chr2	100.000	42	0	1	42	775	734	1.95e-15	42
ERR20616097792	Chr2	100.000	42	0	1	42	5848	5807	1.95e-15	42
ERR20616097792	Chr2	100.000	42	0	1	42	10874	10833	1.95e-15	42
ERR20616097792	Chr2	100.000	42	0	1	42	7914807	7914848	1.95e-15	42
ERR20616097792	Chr2	97.619	42	1	1	42	803	762	9.05e-14	42
ERR20616097792	Chr2	97.619	42	1	1	42	5876	5835	9.05e-14	42
ERR20616097792	Chr2	97.619	42	1	1	42	10902	10861	9.05e-14	42
ERR20616097792	Chr2	97.619	42	1	1	42	7914779	7914820	9.05e-14	42
ERR20616097792	Chr1	100.000	42	0	1	42	6667566	6667607	1.95e-15	42
ERR20616097792	Chr1	97.619	42	1	1	42	6667538	6667579	9.05e-14	42
ERR20616094912	Chr1	100.000	60	0	1	60	17041	16982	3.56e-25	60
ERR20616094912	Chr1	100.000	60	0	1	60	33571	33512	3.56e-25	60
ERR20616094912	Chr1	100.000	60	0	1	60	41789	41730	3.56e-25	60
ERR20616094912	Chr1	100.000	60	0	1	60	49983	49924	3.56e-25	60
ERR20616094912	Chr1	100.000	60	0	1	60	66520	66461	3.56e-25	60
ERR20616094912	Chr1	100.000	60	0	1	60	82908	82849	3.56e-25	60
ERR20616094912	Chr1	100.000	60	0	1	60	91211	91152	3.56e-25	60
ERR20616094912	Chr1	100.000	60	0	1	60	99524	99465	3.56e-25	60
ERR20616094912	Chr1	100.000	60	0	1	60	126064	126005	3.56e-25	60
ERR20616094912	Chr1	100.000	60	0	1	60	134225	134166	3.56e-25	60
ERR20616094912	Chr1	100.000	60	0	1	60	142476	142417	3.56e-25	60
ERR20616094912	Chr1	100.000	60	0	1	60	167156	167097	3.56e-25	60
ERR20616094912	Chr1	100.000	60	0	1	60	175401	175342	3.56e-25	60
ERR20616094912	Chr1	100.000	60	0	1	60	200224	200165	3.56e-25	60
ERR20616094912	Chr1	100.000	60	0	1	60	216658	216599	3.56e-25	60
ERR20616094912	Chr1	100.000	60	0	1	60	233229	233170	3.56e-25	60
ERR20616094912	Chr1	100.000	60	0	1	60	241530	241471	3.56e-25	60
ERR20616094912	Chr1	100.000	60	0	1	60	249835	249776	3.56e-25	60
ERR20616094912	Chr1	100.000	60	0	1	60	258136	258077	3.56e-25	60
ERR20616094912	Chr1	100.000	60	0	1	60	266434	266375	3.56e-25	60
ERR20616094912	Chr1	100.000	60	0	1	60	274737	274678	3.56e-25	60
ERR20616094912	Chr1	100.000	60	0	1	60	283040	282981	3.56e-25	60
ERR20616094912	Chr1	100.000	60	0	1	60	291348	291289	3.56e-25	60
ERR20616094912	Chr1	98.333	60	0	1	60	1188	1130	5.96e-23	60
ERR20616094912	Chr1	98.333	60	0	1	60	8812	8754	5.96e-23	60
ERR20616094912	Chr1	98.333	60	0	1	60	58256	58198	5.96e-23	60
ERR20616094912	Chr1	98.333	60	0	1	60	74804	74746	5.96e-23	60
ERR20616094912	Chr1	98.333	60	0	1	60	117848	117790	5.96e-23	60
ERR20616094912	Chr1	98.333	60	0	1	60	150720	150662	5.96e-23	60
ERR20616094912	Chr1	98.333	60	0	1	60	158937	158879	5.96e-23	60
ERR20616094912	Chr1	98.333	60	0	1	60	208440	208382	5.96e-23	60
ERR20616094912	Chr1	98.333	60	0	1	60	224926	224868	5.96e-23	60
ERR20616094912	Chr1	96.721	61	1	1	60	25302	25242	7.71e-22	60
