ERR2061624888	Chr8	96.875	32	1	1	32	1847135	1847104	5.46e-08	56	TelYs	1847056	revT
ERR2061624888	Chr8	96.875	32	1	1	32	1903098	1903067	5.46e-08	56	TelYs	1903019	revT
ERR2061624888	Chr5	96.875	32	1	1	32	4449893	4449862	5.46e-08	56	TelYs	4449814	revT
ERR2061624888	Chr4	96.875	32	1	1	32	163	194	5.46e-08	56	TelYs	146	revF
ERR2061624888	Chr4	100.000	28	0	5	32	5191	5218	1.97e-07	56	TelYs	5170	revF
ERR2061624888	Chr3	96.875	32	1	1	32	8227561	8227530	5.46e-08	56	TelYs	8227482	revT
ERR2061624888	Chr3	96.875	32	1	1	32	8232571	8232540	5.46e-08	56	TelYs	8232492	revT
ERR2061624888	Chr2	96.875	32	1	1	32	7915298	7915267	5.46e-08	56	TelYs	7915219	revT
ERR2061624888	Chr1	96.875	32	1	1	32	6668054	6668023	5.46e-08	56	TelYs	6667975	revT
ERR2061624952	Chr1	91.667	60	5	1	60	6988	7047	7.77e-17	60	TelYs	6999	revF
ERR2061624952	Chr1	91.667	60	5	1	60	15200	15259	7.77e-17	60	TelYs	15211	revF
ERR2061624952	Chr1	91.667	60	5	1	60	23461	23520	7.77e-17	60	TelYs	23472	revF
ERR2061624952	Chr1	91.667	60	5	1	60	31726	31785	7.77e-17	60	TelYs	31737	revF
ERR2061624952	Chr1	91.667	60	5	1	60	39946	40005	7.77e-17	60	TelYs	39957	revF
ERR2061624952	Chr1	91.667	60	5	1	60	48141	48200	7.77e-17	60	TelYs	48152	revF
ERR2061624952	Chr1	91.667	60	5	1	60	56411	56470	7.77e-17	60	TelYs	56422	revF
ERR2061624952	Chr1	91.667	60	5	1	60	64672	64731	7.77e-17	60	TelYs	64683	revF
ERR2061624952	Chr1	91.667	60	5	1	60	81060	81119	7.77e-17	60	TelYs	81071	revF
ERR2061624952	Chr1	91.667	60	5	1	60	89360	89419	7.77e-17	60	TelYs	89371	revF
ERR2061624952	Chr1	91.667	60	5	1	60	97673	97732	7.77e-17	60	TelYs	97684	revF
ERR2061624952	Chr1	91.667	60	5	1	60	105984	106043	7.77e-17	60	TelYs	105995	revF
ERR2061624952	Chr1	91.667	60	5	1	60	124224	124283	7.77e-17	60	TelYs	124235	revF
ERR2061624952	Chr1	91.667	60	5	1	60	132381	132440	7.77e-17	60	TelYs	132392	revF
ERR2061624952	Chr1	91.667	60	5	1	60	140632	140691	7.77e-17	60	TelYs	140643	revF
ERR2061624952	Chr1	91.667	60	5	1	60	148879	148938	7.77e-17	60	TelYs	148890	revF
ERR2061624952	Chr1	91.667	60	5	1	60	157093	157152	7.77e-17	60	TelYs	157104	revF
ERR2061624952	Chr1	91.667	60	5	1	60	165310	165369	7.77e-17	60	TelYs	165321	revF
ERR2061624952	Chr1	91.667	60	5	1	60	173565	173624	7.77e-17	60	TelYs	173576	revF
ERR2061624952	Chr1	91.667	60	5	1	60	181795	181854	7.77e-17	60	TelYs	181806	revF
ERR2061624952	Chr1	91.667	60	5	1	60	198392	198451	7.77e-17	60	TelYs	198403	revF
ERR2061624952	Chr1	91.667	60	5	1	60	206609	206668	7.77e-17	60	TelYs	206620	revF
ERR2061624952	Chr1	91.667	60	5	1	60	223076	223135	7.77e-17	60	TelYs	223087	revF
ERR2061624952	Chr1	91.667	60	5	1	60	231380	231439	7.77e-17	60	TelYs	231391	revF
ERR2061624952	Chr1	91.667	60	5	1	60	239679	239738	7.77e-17	60	TelYs	239690	revF
ERR2061624952	Chr1	91.667	60	5	1	60	247983	248042	7.77e-17	60	TelYs	247994	revF
ERR2061624952	Chr1	91.667	60	5	1	60	256285	256344	7.77e-17	60	TelYs	256296	revF
ERR2061624952	Chr1	91.667	60	5	1	60	264585	264644	7.77e-17	60	TelYs	264596	revF
ERR2061624952	Chr1	91.667	60	5	1	60	272888	272947	7.77e-17	60	TelYs	272899	revF
ERR2061624952	Chr1	91.667	60	5	1	60	281190	281249	7.77e-17	60	TelYs	281201	revF
ERR2061624952	Chr1	91.667	60	5	1	60	289500	289559	7.77e-17	60	TelYs	289511	revF
ERR2061624952	Chr1	88.710	62	5	1	60	72958	73019	4.67e-14	60	TelYs	72971	revF
ERR2061624952	Chr2	92.453	53	4	8	60	5372938	5372886	1.30e-14	60	TelYs	5372838	revT
ERR20616245504	Chr1	100.000	60	0	1	60	7082	7023	3.56e-25	60	TelYs	6975	revT
ERR20616245504	Chr1	100.000	60	0	1	60	15294	15235	3.56e-25	60	TelYs	15187	revT
ERR20616245504	Chr1	100.000	60	0	1	60	23555	23496	3.56e-25	60	TelYs	23448	revT
ERR20616245504	Chr1	100.000	60	0	1	60	31820	31761	3.56e-25	60	TelYs	31713	revT
ERR20616245504	Chr1	100.000	60	0	1	60	40040	39981	3.56e-25	60	TelYs	39933	revT
ERR20616245504	Chr1	100.000	60	0	1	60	48235	48176	3.56e-25	60	TelYs	48128	revT
ERR20616245504	Chr1	100.000	60	0	1	60	56505	56446	3.56e-25	60	TelYs	56398	revT
ERR20616245504	Chr1	100.000	60	0	1	60	64766	64707	3.56e-25	60	TelYs	64659	revT
ERR20616245504	Chr1	100.000	60	0	1	60	73054	72995	3.56e-25	60	TelYs	72947	revT
ERR20616245504	Chr1	100.000	60	0	1	60	81154	81095	3.56e-25	60	TelYs	81047	revT
ERR20616245504	Chr1	100.000	60	0	1	60	89454	89395	3.56e-25	60	TelYs	89347	revT
ERR20616245504	Chr1	100.000	60	0	1	60	97767	97708	3.56e-25	60	TelYs	97660	revT
ERR20616245504	Chr1	100.000	60	0	1	60	106078	106019	3.56e-25	60	TelYs	105971	revT
ERR20616245504	Chr1	100.000	60	0	1	60	124318	124259	3.56e-25	60	TelYs	124211	revT
ERR20616245504	Chr1	100.000	60	0	1	60	132475	132416	3.56e-25	60	TelYs	132368	revT
ERR20616245504	Chr1	100.000	60	0	1	60	140726	140667	3.56e-25	60	TelYs	140619	revT
ERR20616245504	Chr1	100.000	60	0	1	60	148973	148914	3.56e-25	60	TelYs	148866	revT
ERR20616245504	Chr1	100.000	60	0	1	60	157187	157128	3.56e-25	60	TelYs	157080	revT
ERR20616245504	Chr1	100.000	60	0	1	60	165404	165345	3.56e-25	60	TelYs	165297	revT
ERR20616245504	Chr1	100.000	60	0	1	60	173659	173600	3.56e-25	60	TelYs	173552	revT
ERR20616245504	Chr1	100.000	60	0	1	60	181889	181830	3.56e-25	60	TelYs	181782	revT
ERR20616245504	Chr1	100.000	60	0	1	60	198486	198427	3.56e-25	60	TelYs	198379	revT
ERR20616245504	Chr1	100.000	60	0	1	60	206703	206644	3.56e-25	60	TelYs	206596	revT
ERR20616245504	Chr1	100.000	60	0	1	60	223170	223111	3.56e-25	60	TelYs	223063	revT
ERR20616245504	Chr1	100.000	60	0	1	60	231474	231415	3.56e-25	60	TelYs	231367	revT
ERR20616245504	Chr1	100.000	60	0	1	60	239773	239714	3.56e-25	60	TelYs	239666	revT
ERR20616245504	Chr1	100.000	60	0	1	60	248077	248018	3.56e-25	60	TelYs	247970	revT
ERR20616245504	Chr1	100.000	60	0	1	60	256379	256320	3.56e-25	60	TelYs	256272	revT
ERR20616245504	Chr1	100.000	60	0	1	60	264679	264620	3.56e-25	60	TelYs	264572	revT
ERR20616245504	Chr1	100.000	60	0	1	60	272982	272923	3.56e-25	60	TelYs	272875	revT
ERR20616245504	Chr1	100.000	60	0	1	60	281284	281225	3.56e-25	60	TelYs	281177	revT
ERR20616245504	Chr1	100.000	60	0	1	60	289594	289535	3.56e-25	60	TelYs	289487	revT
ERR20616245504	Chr2	98.333	60	1	1	60	5372851	5372910	1.66e-23	60	TelYs	5372862	revF
ERR206162412616	Chr8	100.000	60	0	1	60	3163	3104	3.56e-25	60	TelYs	3056	revT
ERR206162412616	Chr8	100.000	60	0	1	60	8333	8274	3.56e-25	60	TelYs	8226	revT
ERR206162412616	Chr8	100.000	60	0	1	60	13363	13304	3.56e-25	60	TelYs	13256	revT
ERR206162412616	Chr8	100.000	60	0	1	60	1845806	1845865	3.56e-25	60	TelYs	1845817	revF
ERR206162412616	Chr8	100.000	60	0	1	60	1850943	1851002	3.56e-25	60	TelYs	1850954	revF
ERR206162412616	Chr8	100.000	60	0	1	60	1856009	1856068	3.56e-25	60	TelYs	1856020	revF
ERR206162412616	Chr8	100.000	60	0	1	60	1861029	1861088	3.56e-25	60	TelYs	1861040	revF
ERR206162412616	Chr8	100.000	60	0	1	60	1866172	1866231	3.56e-25	60	TelYs	1866183	revF
ERR206162412616	Chr8	100.000	60	0	1	60	1881561	1881620	3.56e-25	60	TelYs	1881572	revF
ERR206162412616	Chr8	100.000	60	0	1	60	1891682	1891741	3.56e-25	60	TelYs	1891693	revF
ERR206162412616	Chr8	100.000	60	0	1	60	1896772	1896831	3.56e-25	60	TelYs	1896783	revF
ERR206162412616	Chr8	100.000	60	0	1	60	1901784	1901843	3.56e-25	60	TelYs	1901795	revF
ERR206162412616	Chr8	98.361	61	0	1	60	1871312	1871372	1.66e-23	60	TelYs	1871324	revF
ERR206162412616	Chr8	98.333	60	1	1	60	1886691	1886750	1.66e-23	60	TelYs	1886702	revF
ERR206162412616	Chr8	96.721	61	1	1	60	1876435	1876495	7.71e-22	60	TelYs	1876447	revF
ERR206162412616	Chr8	96.667	60	1	1	60	3228	3170	2.77e-21	60	TelYs	3122	revT
ERR206162412616	Chr8	96.667	60	1	1	60	8398	8340	2.77e-21	60	TelYs	8292	revT
ERR206162412616	Chr8	96.667	60	1	1	60	13428	13370	2.77e-21	60	TelYs	13322	revT
ERR206162412616	Chr8	96.667	60	1	1	60	1845741	1845799	2.77e-21	60	TelYs	1845751	revF
ERR206162412616	Chr8	96.667	60	1	1	60	1850878	1850936	2.77e-21	60	TelYs	1850888	revF
ERR206162412616	Chr8	96.667	60	1	1	60	1855944	1856002	2.77e-21	60	TelYs	1855954	revF
ERR206162412616	Chr8	96.667	60	1	1	60	1860964	1861022	2.77e-21	60	TelYs	1860974	revF
ERR206162412616	Chr8	96.667	60	1	1	60	1876370	1876428	2.77e-21	60	TelYs	1876380	revF
ERR206162412616	Chr8	96.667	60	1	1	60	1891617	1891675	2.77e-21	60	TelYs	1891627	revF
ERR206162412616	Chr8	95.082	61	1	1	60	1866106	1866165	3.59e-20	60	TelYs	1866117	revF
ERR206162412616	Chr8	95.082	61	1	1	60	1871246	1871305	3.59e-20	60	TelYs	1871257	revF
ERR206162412616	Chr7	100.000	60	0	1	60	1455	1396	3.56e-25	60	TelYs	1348	revT
ERR206162412616	Chr7	100.000	60	0	1	60	6485	6426	3.56e-25	60	TelYs	6378	revT
ERR206162412616	Chr7	100.000	60	0	1	60	4040108	4040167	3.56e-25	60	TelYs	4040119	revF
ERR206162412616	Chr7	100.000	60	0	1	60	4047569	4047628	3.56e-25	60	TelYs	4047580	revF
ERR206162412616	Chr7	100.000	60	0	1	60	4052598	4052657	3.56e-25	60	TelYs	4052609	revF
ERR206162412616	Chr7	100.000	60	0	1	60	4057756	4057815	3.56e-25	60	TelYs	4057767	revF
ERR206162412616	Chr7	100.000	60	0	1	60	4062787	4062846	3.56e-25	60	TelYs	4062798	revF
ERR206162412616	Chr7	100.000	60	0	1	60	4067812	4067871	3.56e-25	60	TelYs	4067823	revF
ERR206162412616	Chr7	100.000	60	0	1	60	4072917	4072976	3.56e-25	60	TelYs	4072928	revF
ERR206162412616	Chr7	100.000	60	0	1	60	4077912	4077971	3.56e-25	60	TelYs	4077923	revF
ERR206162412616	Chr7	96.667	60	1	1	60	1520	1462	2.77e-21	60	TelYs	1414	revT
ERR206162412616	Chr7	96.667	60	1	1	60	6550	6492	2.77e-21	60	TelYs	6444	revT
ERR206162412616	Chr7	96.667	60	1	1	60	4040043	4040101	2.77e-21	60	TelYs	4040053	revF
ERR206162412616	Chr7	96.667	60	1	1	60	4047504	4047562	2.77e-21	60	TelYs	4047514	revF
ERR206162412616	Chr7	96.667	60	1	1	60	4052533	4052591	2.77e-21	60	TelYs	4052543	revF
ERR206162412616	Chr7	96.667	60	1	1	60	4057691	4057749	2.77e-21	60	TelYs	4057701	revF
ERR206162412616	Chr7	96.667	60	1	1	60	4062722	4062780	2.77e-21	60	TelYs	4062732	revF
ERR206162412616	Chr7	96.667	60	1	1	60	4067746	4067804	2.77e-21	60	TelYs	4067756	revF
ERR206162412616	Chr7	96.667	60	1	1	60	4072852	4072910	2.77e-21	60	TelYs	4072862	revF
ERR206162412616	Chr7	96.667	60	1	1	60	4077847	4077905	2.77e-21	60	TelYs	4077857	revF
ERR206162412616	Chr6	100.000	60	0	1	60	1652	1593	3.56e-25	60	TelYs	1545	revT
ERR206162412616	Chr6	100.000	60	0	1	60	6699	6640	3.56e-25	60	TelYs	6592	revT
ERR206162412616	Chr6	100.000	60	0	1	60	11719	11660	3.56e-25	60	TelYs	11612	revT
ERR206162412616	Chr6	100.000	60	0	1	60	16756	16697	3.56e-25	60	TelYs	16649	revT
ERR206162412616	Chr6	100.000	60	0	1	60	21778	21719	3.56e-25	60	TelYs	21671	revT
ERR206162412616	Chr6	100.000	60	0	1	60	6106483	6106542	3.56e-25	60	TelYs	6106494	revF
ERR206162412616	Chr6	100.000	60	0	1	60	6111598	6111657	3.56e-25	60	TelYs	6111609	revF
ERR206162412616	Chr6	100.000	60	0	1	60	6116643	6116702	3.56e-25	60	TelYs	6116654	revF
ERR206162412616	Chr6	100.000	60	0	1	60	6121683	6121742	3.56e-25	60	TelYs	6121694	revF
ERR206162412616	Chr6	100.000	60	0	1	60	6126844	6126903	3.56e-25	60	TelYs	6126855	revF
ERR206162412616	Chr6	100.000	60	0	1	60	6131885	6131944	3.56e-25	60	TelYs	6131896	revF
ERR206162412616	Chr6	96.667	60	1	1	60	1717	1659	2.77e-21	60	TelYs	1611	revT
ERR206162412616	Chr6	96.667	60	1	1	60	6764	6706	2.77e-21	60	TelYs	6658	revT
ERR206162412616	Chr6	96.667	60	1	1	60	11784	11726	2.77e-21	60	TelYs	11678	revT
ERR206162412616	Chr6	96.667	60	1	1	60	16821	16763	2.77e-21	60	TelYs	16715	revT
ERR206162412616	Chr6	96.667	60	1	1	60	21843	21785	2.77e-21	60	TelYs	21737	revT
ERR206162412616	Chr6	96.667	60	1	1	60	6106418	6106476	2.77e-21	60	TelYs	6106428	revF
ERR206162412616	Chr6	96.667	60	1	1	60	6111533	6111591	2.77e-21	60	TelYs	6111543	revF
ERR206162412616	Chr6	96.667	60	1	1	60	6116578	6116636	2.77e-21	60	TelYs	6116588	revF
ERR206162412616	Chr6	96.667	60	1	1	60	6121618	6121676	2.77e-21	60	TelYs	6121628	revF
ERR206162412616	Chr6	96.667	60	1	1	60	6126779	6126837	2.77e-21	60	TelYs	6126789	revF
ERR206162412616	Chr6	96.667	60	1	1	60	6131820	6131878	2.77e-21	60	TelYs	6131830	revF
ERR206162412616	Chr5	100.000	60	0	1	60	1405	1346	3.56e-25	60	TelYs	1298	revT
ERR206162412616	Chr5	100.000	60	0	1	60	4438491	4438550	3.56e-25	60	TelYs	4438502	revF
ERR206162412616	Chr5	100.000	60	0	1	60	4443519	4443578	3.56e-25	60	TelYs	4443530	revF
ERR206162412616	Chr5	100.000	60	0	1	60	4448560	4448619	3.56e-25	60	TelYs	4448571	revF
ERR206162412616	Chr5	100.000	60	0	1	60	4453614	4453673	3.56e-25	60	TelYs	4453625	revF
ERR206162412616	Chr5	100.000	60	0	1	60	4458657	4458716	3.56e-25	60	TelYs	4458668	revF
ERR206162412616	Chr5	96.667	60	1	1	60	1470	1412	2.77e-21	60	TelYs	1364	revT
ERR206162412616	Chr5	96.667	60	1	1	60	4438426	4438484	2.77e-21	60	TelYs	4438436	revF
ERR206162412616	Chr5	96.667	60	1	1	60	4443454	4443512	2.77e-21	60	TelYs	4443464	revF
ERR206162412616	Chr5	96.667	60	1	1	60	4448495	4448553	2.77e-21	60	TelYs	4448505	revF
ERR206162412616	Chr5	96.667	60	1	1	60	4453549	4453607	2.77e-21	60	TelYs	4453559	revF
ERR206162412616	Chr5	96.667	60	1	1	60	4458592	4458650	2.77e-21	60	TelYs	4458602	revF
ERR206162412616	Chr4	100.000	60	0	1	60	1486	1427	3.56e-25	60	TelYs	1379	revT
ERR206162412616	Chr4	100.000	60	0	1	60	6512	6453	3.56e-25	60	TelYs	6405	revT
ERR206162412616	Chr4	100.000	60	0	1	60	11550	11491	3.56e-25	60	TelYs	11443	revT
ERR206162412616	Chr4	100.000	60	0	1	60	5397428	5397487	3.56e-25	60	TelYs	5397439	revF
ERR206162412616	Chr4	100.000	60	0	1	60	5402473	5402532	3.56e-25	60	TelYs	5402484	revF
ERR206162412616	Chr4	100.000	60	0	1	60	5407511	5407570	3.56e-25	60	TelYs	5407522	revF
ERR206162412616	Chr4	100.000	60	0	1	60	5411726	5411785	3.56e-25	60	TelYs	5411737	revF
ERR206162412616	Chr4	96.667	60	1	1	60	1551	1493	2.77e-21	60	TelYs	1445	revT
ERR206162412616	Chr4	96.667	60	1	1	60	6577	6519	2.77e-21	60	TelYs	6471	revT
ERR206162412616	Chr4	96.667	60	1	1	60	11615	11557	2.77e-21	60	TelYs	11509	revT
ERR206162412616	Chr4	96.667	60	1	1	60	5397363	5397421	2.77e-21	60	TelYs	5397373	revF
ERR206162412616	Chr4	96.667	60	1	1	60	5402408	5402466	2.77e-21	60	TelYs	5402418	revF
ERR206162412616	Chr4	96.667	60	1	1	60	5407446	5407504	2.77e-21	60	TelYs	5407456	revF
ERR206162412616	Chr4	96.667	60	1	1	60	5411661	5411719	2.77e-21	60	TelYs	5411671	revF
ERR206162412616	Chr3	100.000	60	0	1	60	1023	964	3.56e-25	60	TelYs	916	revT
ERR206162412616	Chr3	100.000	60	0	1	60	6014	5955	3.56e-25	60	TelYs	5907	revT
ERR206162412616	Chr3	100.000	60	0	1	60	11003	10944	3.56e-25	60	TelYs	10896	revT
ERR206162412616	Chr3	100.000	60	0	1	60	8226229	8226288	3.56e-25	60	TelYs	8226240	revF
ERR206162412616	Chr3	100.000	60	0	1	60	8231243	8231302	3.56e-25	60	TelYs	8231254	revF
ERR206162412616	Chr3	100.000	60	0	1	60	8236277	8236336	3.56e-25	60	TelYs	8236288	revF
ERR206162412616	Chr3	96.667	60	1	1	60	1088	1030	2.77e-21	60	TelYs	982	revT
ERR206162412616	Chr3	96.667	60	1	1	60	6079	6021	2.77e-21	60	TelYs	5973	revT
ERR206162412616	Chr3	96.667	60	1	1	60	11068	11010	2.77e-21	60	TelYs	10962	revT
ERR206162412616	Chr3	96.667	60	1	1	60	8226164	8226222	2.77e-21	60	TelYs	8226174	revF
ERR206162412616	Chr3	96.667	60	1	1	60	8231178	8231236	2.77e-21	60	TelYs	8231188	revF
ERR206162412616	Chr3	96.667	60	1	1	60	8236212	8236270	2.77e-21	60	TelYs	8236222	revF
ERR206162412616	Chr2	100.000	60	0	1	60	1610	1551	3.56e-25	60	TelYs	1503	revT
ERR206162412616	Chr2	100.000	60	0	1	60	6685	6626	3.56e-25	60	TelYs	6578	revT
ERR206162412616	Chr2	100.000	60	0	1	60	11711	11652	3.56e-25	60	TelYs	11604	revT
ERR206162412616	Chr2	100.000	60	0	1	60	7913970	7914029	3.56e-25	60	TelYs	7913981	revF
ERR206162412616	Chr2	96.667	60	1	1	60	1675	1617	2.77e-21	60	TelYs	1569	revT
ERR206162412616	Chr2	96.667	60	1	1	60	6750	6692	2.77e-21	60	TelYs	6644	revT
ERR206162412616	Chr2	96.667	60	1	1	60	11776	11718	2.77e-21	60	TelYs	11670	revT
ERR206162412616	Chr2	96.667	60	1	1	60	7913905	7913963	2.77e-21	60	TelYs	7913915	revF
ERR206162412616	Chr1	100.000	60	0	1	60	6666729	6666788	3.56e-25	60	TelYs	6666740	revF
ERR206162412616	Chr1	96.667	60	1	1	60	6666664	6666722	2.77e-21	60	TelYs	6666674	revF
ERR20616246760	Chr8	100.000	60	0	1	60	3168	3109	3.56e-25	60	TelYs	3061	revT
ERR20616246760	Chr8	100.000	60	0	1	60	8338	8279	3.56e-25	60	TelYs	8231	revT
ERR20616246760	Chr8	100.000	60	0	1	60	13368	13309	3.56e-25	60	TelYs	13261	revT
ERR20616246760	Chr8	100.000	60	0	1	60	1845801	1845860	3.56e-25	60	TelYs	1845812	revF
ERR20616246760	Chr8	100.000	60	0	1	60	1850938	1850997	3.56e-25	60	TelYs	1850949	revF
ERR20616246760	Chr8	100.000	60	0	1	60	1856004	1856063	3.56e-25	60	TelYs	1856015	revF
ERR20616246760	Chr8	100.000	60	0	1	60	1861024	1861083	3.56e-25	60	TelYs	1861035	revF
ERR20616246760	Chr8	100.000	60	0	1	60	1866167	1866226	3.56e-25	60	TelYs	1866178	revF
ERR20616246760	Chr8	100.000	60	0	1	60	1881556	1881615	3.56e-25	60	TelYs	1881567	revF
ERR20616246760	Chr8	100.000	60	0	1	60	1891677	1891736	3.56e-25	60	TelYs	1891688	revF
ERR20616246760	Chr8	100.000	60	0	1	60	1896767	1896826	3.56e-25	60	TelYs	1896778	revF
ERR20616246760	Chr8	100.000	60	0	1	60	1901779	1901838	3.56e-25	60	TelYs	1901790	revF
ERR20616246760	Chr8	98.361	61	0	1	60	1871307	1871367	1.66e-23	60	TelYs	1871319	revF
ERR20616246760	Chr8	98.305	59	1	2	60	1886687	1886745	5.96e-23	60	TelYs	1886697	revF
ERR20616246760	Chr8	98.276	58	0	1	58	3233	3177	7.71e-22	60	TelYs	3129	revT
ERR20616246760	Chr8	98.276	58	0	1	58	8403	8347	7.71e-22	60	TelYs	8299	revT
ERR20616246760	Chr8	98.276	58	0	1	58	13433	13377	7.71e-22	60	TelYs	13329	revT
ERR20616246760	Chr8	98.276	58	0	1	58	1845736	1845792	7.71e-22	60	TelYs	1845744	revF
ERR20616246760	Chr8	98.276	58	0	1	58	1850873	1850929	7.71e-22	60	TelYs	1850881	revF
ERR20616246760	Chr8	98.276	58	0	1	58	1855939	1855995	7.71e-22	60	TelYs	1855947	revF
ERR20616246760	Chr8	98.276	58	0	1	58	1860959	1861015	7.71e-22	60	TelYs	1860967	revF
ERR20616246760	Chr8	98.276	58	0	1	58	1876365	1876421	7.71e-22	60	TelYs	1876373	revF
ERR20616246760	Chr8	96.721	61	1	1	60	1876430	1876490	7.71e-22	60	TelYs	1876442	revF
ERR20616246760	Chr8	98.276	58	0	1	58	1891612	1891668	7.71e-22	60	TelYs	1891620	revF
ERR20616246760	Chr8	96.610	59	0	1	58	1866101	1866158	9.97e-21	60	TelYs	1866110	revF
ERR20616246760	Chr8	96.610	59	0	1	58	1871241	1871298	9.97e-21	60	TelYs	1871250	revF
ERR20616246760	Chr7	100.000	60	0	1	60	1460	1401	3.56e-25	60	TelYs	1353	revT
ERR20616246760	Chr7	100.000	60	0	1	60	6490	6431	3.56e-25	60	TelYs	6383	revT
ERR20616246760	Chr7	100.000	60	0	1	60	4040103	4040162	3.56e-25	60	TelYs	4040114	revF
ERR20616246760	Chr7	100.000	60	0	1	60	4047564	4047623	3.56e-25	60	TelYs	4047575	revF
ERR20616246760	Chr7	100.000	60	0	1	60	4052593	4052652	3.56e-25	60	TelYs	4052604	revF
ERR20616246760	Chr7	100.000	60	0	1	60	4057751	4057810	3.56e-25	60	TelYs	4057762	revF
ERR20616246760	Chr7	100.000	60	0	1	60	4062782	4062841	3.56e-25	60	TelYs	4062793	revF
ERR20616246760	Chr7	100.000	60	0	1	60	4067807	4067866	3.56e-25	60	TelYs	4067818	revF
ERR20616246760	Chr7	100.000	60	0	1	60	4072912	4072971	3.56e-25	60	TelYs	4072923	revF
ERR20616246760	Chr7	100.000	60	0	1	60	4077907	4077966	3.56e-25	60	TelYs	4077918	revF
ERR20616246760	Chr7	98.276	58	0	1	58	1525	1469	7.71e-22	60	TelYs	1421	revT
ERR20616246760	Chr7	98.276	58	0	1	58	6555	6499	7.71e-22	60	TelYs	6451	revT
ERR20616246760	Chr7	98.276	58	0	1	58	4040038	4040094	7.71e-22	60	TelYs	4040046	revF
ERR20616246760	Chr7	98.276	58	0	1	58	4047499	4047555	7.71e-22	60	TelYs	4047507	revF
ERR20616246760	Chr7	98.276	58	0	1	58	4052528	4052584	7.71e-22	60	TelYs	4052536	revF
ERR20616246760	Chr7	98.276	58	0	1	58	4057686	4057742	7.71e-22	60	TelYs	4057694	revF
ERR20616246760	Chr7	98.276	58	0	1	58	4062717	4062773	7.71e-22	60	TelYs	4062725	revF
ERR20616246760	Chr7	98.276	58	0	1	58	4067741	4067797	7.71e-22	60	TelYs	4067749	revF
ERR20616246760	Chr7	98.276	58	0	1	58	4072847	4072903	7.71e-22	60	TelYs	4072855	revF
ERR20616246760	Chr7	98.276	58	0	1	58	4077842	4077898	7.71e-22	60	TelYs	4077850	revF
ERR20616246760	Chr6	100.000	60	0	1	60	1657	1598	3.56e-25	60	TelYs	1550	revT
ERR20616246760	Chr6	100.000	60	0	1	60	6704	6645	3.56e-25	60	TelYs	6597	revT
ERR20616246760	Chr6	100.000	60	0	1	60	11724	11665	3.56e-25	60	TelYs	11617	revT
ERR20616246760	Chr6	100.000	60	0	1	60	16761	16702	3.56e-25	60	TelYs	16654	revT
ERR20616246760	Chr6	100.000	60	0	1	60	21783	21724	3.56e-25	60	TelYs	21676	revT
ERR20616246760	Chr6	100.000	60	0	1	60	6106478	6106537	3.56e-25	60	TelYs	6106489	revF
ERR20616246760	Chr6	100.000	60	0	1	60	6111593	6111652	3.56e-25	60	TelYs	6111604	revF
ERR20616246760	Chr6	100.000	60	0	1	60	6116638	6116697	3.56e-25	60	TelYs	6116649	revF
ERR20616246760	Chr6	100.000	60	0	1	60	6121678	6121737	3.56e-25	60	TelYs	6121689	revF
ERR20616246760	Chr6	100.000	60	0	1	60	6126839	6126898	3.56e-25	60	TelYs	6126850	revF
ERR20616246760	Chr6	100.000	60	0	1	60	6131880	6131939	3.56e-25	60	TelYs	6131891	revF
ERR20616246760	Chr6	98.276	58	0	1	58	1722	1666	7.71e-22	60	TelYs	1618	revT
ERR20616246760	Chr6	98.276	58	0	1	58	6769	6713	7.71e-22	60	TelYs	6665	revT
ERR20616246760	Chr6	98.276	58	0	1	58	11789	11733	7.71e-22	60	TelYs	11685	revT
ERR20616246760	Chr6	98.276	58	0	1	58	16826	16770	7.71e-22	60	TelYs	16722	revT
ERR20616246760	Chr6	98.276	58	0	1	58	21848	21792	7.71e-22	60	TelYs	21744	revT
ERR20616246760	Chr6	98.276	58	0	1	58	6106413	6106469	7.71e-22	60	TelYs	6106421	revF
ERR20616246760	Chr6	98.276	58	0	1	58	6111528	6111584	7.71e-22	60	TelYs	6111536	revF
ERR20616246760	Chr6	98.276	58	0	1	58	6116573	6116629	7.71e-22	60	TelYs	6116581	revF
ERR20616246760	Chr6	98.276	58	0	1	58	6121613	6121669	7.71e-22	60	TelYs	6121621	revF
ERR20616246760	Chr6	98.276	58	0	1	58	6126774	6126830	7.71e-22	60	TelYs	6126782	revF
ERR20616246760	Chr6	98.276	58	0	1	58	6131815	6131871	7.71e-22	60	TelYs	6131823	revF
ERR20616246760	Chr5	100.000	60	0	1	60	1410	1351	3.56e-25	60	TelYs	1303	revT
ERR20616246760	Chr5	100.000	60	0	1	60	4438486	4438545	3.56e-25	60	TelYs	4438497	revF
ERR20616246760	Chr5	100.000	60	0	1	60	4443514	4443573	3.56e-25	60	TelYs	4443525	revF
ERR20616246760	Chr5	100.000	60	0	1	60	4448555	4448614	3.56e-25	60	TelYs	4448566	revF
ERR20616246760	Chr5	100.000	60	0	1	60	4453609	4453668	3.56e-25	60	TelYs	4453620	revF
ERR20616246760	Chr5	100.000	60	0	1	60	4458652	4458711	3.56e-25	60	TelYs	4458663	revF
ERR20616246760	Chr5	98.276	58	0	1	58	1475	1419	7.71e-22	60	TelYs	1371	revT
ERR20616246760	Chr5	98.276	58	0	1	58	4438421	4438477	7.71e-22	60	TelYs	4438429	revF
ERR20616246760	Chr5	98.276	58	0	1	58	4443449	4443505	7.71e-22	60	TelYs	4443457	revF
ERR20616246760	Chr5	98.276	58	0	1	58	4448490	4448546	7.71e-22	60	TelYs	4448498	revF
ERR20616246760	Chr5	98.276	58	0	1	58	4453544	4453600	7.71e-22	60	TelYs	4453552	revF
ERR20616246760	Chr5	98.276	58	0	1	58	4458587	4458643	7.71e-22	60	TelYs	4458595	revF
ERR20616246760	Chr4	100.000	60	0	1	60	1491	1432	3.56e-25	60	TelYs	1384	revT
ERR20616246760	Chr4	100.000	60	0	1	60	6517	6458	3.56e-25	60	TelYs	6410	revT
ERR20616246760	Chr4	100.000	60	0	1	60	11555	11496	3.56e-25	60	TelYs	11448	revT
ERR20616246760	Chr4	100.000	60	0	1	60	5397423	5397482	3.56e-25	60	TelYs	5397434	revF
ERR20616246760	Chr4	100.000	60	0	1	60	5402468	5402527	3.56e-25	60	TelYs	5402479	revF
ERR20616246760	Chr4	100.000	60	0	1	60	5407506	5407565	3.56e-25	60	TelYs	5407517	revF
ERR20616246760	Chr4	100.000	60	0	1	60	5411721	5411780	3.56e-25	60	TelYs	5411732	revF
ERR20616246760	Chr4	98.276	58	0	1	58	1556	1500	7.71e-22	60	TelYs	1452	revT
ERR20616246760	Chr4	98.276	58	0	1	58	6582	6526	7.71e-22	60	TelYs	6478	revT
ERR20616246760	Chr4	98.276	58	0	1	58	11620	11564	7.71e-22	60	TelYs	11516	revT
ERR20616246760	Chr4	98.276	58	0	1	58	5397358	5397414	7.71e-22	60	TelYs	5397366	revF
ERR20616246760	Chr4	98.276	58	0	1	58	5402403	5402459	7.71e-22	60	TelYs	5402411	revF
ERR20616246760	Chr4	98.276	58	0	1	58	5407441	5407497	7.71e-22	60	TelYs	5407449	revF
ERR20616246760	Chr4	98.276	58	0	1	58	5411656	5411712	7.71e-22	60	TelYs	5411664	revF
ERR20616246760	Chr3	100.000	60	0	1	60	1028	969	3.56e-25	60	TelYs	921	revT
ERR20616246760	Chr3	100.000	60	0	1	60	6019	5960	3.56e-25	60	TelYs	5912	revT
ERR20616246760	Chr3	100.000	60	0	1	60	11008	10949	3.56e-25	60	TelYs	10901	revT
ERR20616246760	Chr3	100.000	60	0	1	60	8226224	8226283	3.56e-25	60	TelYs	8226235	revF
ERR20616246760	Chr3	100.000	60	0	1	60	8231238	8231297	3.56e-25	60	TelYs	8231249	revF
ERR20616246760	Chr3	100.000	60	0	1	60	8236272	8236331	3.56e-25	60	TelYs	8236283	revF
ERR20616246760	Chr3	98.276	58	0	1	58	1093	1037	7.71e-22	60	TelYs	989	revT
ERR20616246760	Chr3	98.276	58	0	1	58	6084	6028	7.71e-22	60	TelYs	5980	revT
ERR20616246760	Chr3	98.276	58	0	1	58	11073	11017	7.71e-22	60	TelYs	10969	revT
ERR20616246760	Chr3	98.276	58	0	1	58	8226159	8226215	7.71e-22	60	TelYs	8226167	revF
ERR20616246760	Chr3	98.276	58	0	1	58	8231173	8231229	7.71e-22	60	TelYs	8231181	revF
ERR20616246760	Chr3	98.276	58	0	1	58	8236207	8236263	7.71e-22	60	TelYs	8236215	revF
ERR20616246760	Chr2	100.000	60	0	1	60	1615	1556	3.56e-25	60	TelYs	1508	revT
ERR20616246760	Chr2	100.000	60	0	1	60	6690	6631	3.56e-25	60	TelYs	6583	revT
ERR20616246760	Chr2	100.000	60	0	1	60	11716	11657	3.56e-25	60	TelYs	11609	revT
ERR20616246760	Chr2	100.000	60	0	1	60	7913965	7914024	3.56e-25	60	TelYs	7913976	revF
ERR20616246760	Chr2	98.276	58	0	1	58	1680	1624	7.71e-22	60	TelYs	1576	revT
ERR20616246760	Chr2	98.276	58	0	1	58	6755	6699	7.71e-22	60	TelYs	6651	revT
ERR20616246760	Chr2	98.276	58	0	1	58	11781	11725	7.71e-22	60	TelYs	11677	revT
ERR20616246760	Chr2	98.276	58	0	1	58	7913900	7913956	7.71e-22	60	TelYs	7913908	revF
ERR20616246760	Chr1	100.000	60	0	1	60	6666724	6666783	3.56e-25	60	TelYs	6666735	revF
ERR20616246760	Chr1	98.276	58	0	1	58	6666659	6666715	7.71e-22	60	TelYs	6666667	revF
ERR20616242824	Chr8	100.000	60	0	1	60	3165	3106	3.56e-25	60	TelYs	3058	revT
ERR20616242824	Chr8	100.000	60	0	1	60	8335	8276	3.56e-25	60	TelYs	8228	revT
ERR20616242824	Chr8	100.000	60	0	1	60	13365	13306	3.56e-25	60	TelYs	13258	revT
ERR20616242824	Chr8	100.000	60	0	1	60	1845804	1845863	3.56e-25	60	TelYs	1845815	revF
ERR20616242824	Chr8	100.000	60	0	1	60	1850941	1851000	3.56e-25	60	TelYs	1850952	revF
ERR20616242824	Chr8	100.000	60	0	1	60	1856007	1856066	3.56e-25	60	TelYs	1856018	revF
ERR20616242824	Chr8	100.000	60	0	1	60	1861027	1861086	3.56e-25	60	TelYs	1861038	revF
ERR20616242824	Chr8	100.000	60	0	1	60	1866170	1866229	3.56e-25	60	TelYs	1866181	revF
ERR20616242824	Chr8	100.000	60	0	1	60	1881559	1881618	3.56e-25	60	TelYs	1881570	revF
ERR20616242824	Chr8	100.000	60	0	1	60	1891680	1891739	3.56e-25	60	TelYs	1891691	revF
ERR20616242824	Chr8	100.000	60	0	1	60	1896770	1896829	3.56e-25	60	TelYs	1896781	revF
ERR20616242824	Chr8	100.000	60	0	1	60	1901782	1901841	3.56e-25	60	TelYs	1901793	revF
ERR20616242824	Chr8	98.361	61	0	1	60	1871310	1871370	1.66e-23	60	TelYs	1871322	revF
ERR20616242824	Chr8	98.333	60	1	1	60	1886689	1886748	1.66e-23	60	TelYs	1886700	revF
ERR20616242824	Chr8	96.721	61	1	1	60	1876433	1876493	7.71e-22	60	TelYs	1876445	revF
ERR20616242824	Chr8	96.667	60	1	1	60	3230	3172	2.77e-21	60	TelYs	3124	revT
ERR20616242824	Chr8	96.667	60	1	1	60	8400	8342	2.77e-21	60	TelYs	8294	revT
ERR20616242824	Chr8	96.667	60	1	1	60	13430	13372	2.77e-21	60	TelYs	13324	revT
ERR20616242824	Chr8	96.667	60	1	1	60	1845739	1845797	2.77e-21	60	TelYs	1845749	revF
ERR20616242824	Chr8	96.667	60	1	1	60	1850876	1850934	2.77e-21	60	TelYs	1850886	revF
ERR20616242824	Chr8	96.667	60	1	1	60	1855942	1856000	2.77e-21	60	TelYs	1855952	revF
ERR20616242824	Chr8	96.667	60	1	1	60	1860962	1861020	2.77e-21	60	TelYs	1860972	revF
ERR20616242824	Chr8	96.667	60	1	1	60	1876368	1876426	2.77e-21	60	TelYs	1876378	revF
ERR20616242824	Chr8	96.667	60	1	1	60	1891615	1891673	2.77e-21	60	TelYs	1891625	revF
ERR20616242824	Chr8	95.082	61	1	1	60	1866104	1866163	3.59e-20	60	TelYs	1866115	revF
ERR20616242824	Chr8	95.082	61	1	1	60	1871244	1871303	3.59e-20	60	TelYs	1871255	revF
ERR20616242824	Chr7	100.000	60	0	1	60	1457	1398	3.56e-25	60	TelYs	1350	revT
ERR20616242824	Chr7	100.000	60	0	1	60	6487	6428	3.56e-25	60	TelYs	6380	revT
ERR20616242824	Chr7	100.000	60	0	1	60	4040106	4040165	3.56e-25	60	TelYs	4040117	revF
ERR20616242824	Chr7	100.000	60	0	1	60	4047567	4047626	3.56e-25	60	TelYs	4047578	revF
ERR20616242824	Chr7	100.000	60	0	1	60	4052596	4052655	3.56e-25	60	TelYs	4052607	revF
ERR20616242824	Chr7	100.000	60	0	1	60	4057754	4057813	3.56e-25	60	TelYs	4057765	revF
ERR20616242824	Chr7	100.000	60	0	1	60	4062785	4062844	3.56e-25	60	TelYs	4062796	revF
ERR20616242824	Chr7	100.000	60	0	1	60	4067810	4067869	3.56e-25	60	TelYs	4067821	revF
ERR20616242824	Chr7	100.000	60	0	1	60	4072915	4072974	3.56e-25	60	TelYs	4072926	revF
ERR20616242824	Chr7	100.000	60	0	1	60	4077910	4077969	3.56e-25	60	TelYs	4077921	revF
ERR20616242824	Chr7	96.667	60	1	1	60	1522	1464	2.77e-21	60	TelYs	1416	revT
ERR20616242824	Chr7	96.667	60	1	1	60	6552	6494	2.77e-21	60	TelYs	6446	revT
ERR20616242824	Chr7	96.667	60	1	1	60	4040041	4040099	2.77e-21	60	TelYs	4040051	revF
ERR20616242824	Chr7	96.667	60	1	1	60	4047502	4047560	2.77e-21	60	TelYs	4047512	revF
ERR20616242824	Chr7	96.667	60	1	1	60	4052531	4052589	2.77e-21	60	TelYs	4052541	revF
ERR20616242824	Chr7	96.667	60	1	1	60	4057689	4057747	2.77e-21	60	TelYs	4057699	revF
ERR20616242824	Chr7	96.667	60	1	1	60	4062720	4062778	2.77e-21	60	TelYs	4062730	revF
ERR20616242824	Chr7	96.667	60	1	1	60	4067744	4067802	2.77e-21	60	TelYs	4067754	revF
ERR20616242824	Chr7	96.667	60	1	1	60	4072850	4072908	2.77e-21	60	TelYs	4072860	revF
ERR20616242824	Chr7	96.667	60	1	1	60	4077845	4077903	2.77e-21	60	TelYs	4077855	revF
ERR20616242824	Chr6	100.000	60	0	1	60	1654	1595	3.56e-25	60	TelYs	1547	revT
ERR20616242824	Chr6	100.000	60	0	1	60	6701	6642	3.56e-25	60	TelYs	6594	revT
ERR20616242824	Chr6	100.000	60	0	1	60	11721	11662	3.56e-25	60	TelYs	11614	revT
ERR20616242824	Chr6	100.000	60	0	1	60	16758	16699	3.56e-25	60	TelYs	16651	revT
ERR20616242824	Chr6	100.000	60	0	1	60	21780	21721	3.56e-25	60	TelYs	21673	revT
ERR20616242824	Chr6	100.000	60	0	1	60	6106481	6106540	3.56e-25	60	TelYs	6106492	revF
ERR20616242824	Chr6	100.000	60	0	1	60	6111596	6111655	3.56e-25	60	TelYs	6111607	revF
ERR20616242824	Chr6	100.000	60	0	1	60	6116641	6116700	3.56e-25	60	TelYs	6116652	revF
ERR20616242824	Chr6	100.000	60	0	1	60	6121681	6121740	3.56e-25	60	TelYs	6121692	revF
ERR20616242824	Chr6	100.000	60	0	1	60	6126842	6126901	3.56e-25	60	TelYs	6126853	revF
ERR20616242824	Chr6	100.000	60	0	1	60	6131883	6131942	3.56e-25	60	TelYs	6131894	revF
ERR20616242824	Chr6	96.667	60	1	1	60	1719	1661	2.77e-21	60	TelYs	1613	revT
ERR20616242824	Chr6	96.667	60	1	1	60	6766	6708	2.77e-21	60	TelYs	6660	revT
ERR20616242824	Chr6	96.667	60	1	1	60	11786	11728	2.77e-21	60	TelYs	11680	revT
ERR20616242824	Chr6	96.667	60	1	1	60	16823	16765	2.77e-21	60	TelYs	16717	revT
ERR20616242824	Chr6	96.667	60	1	1	60	21845	21787	2.77e-21	60	TelYs	21739	revT
ERR20616242824	Chr6	96.667	60	1	1	60	6106416	6106474	2.77e-21	60	TelYs	6106426	revF
ERR20616242824	Chr6	96.667	60	1	1	60	6111531	6111589	2.77e-21	60	TelYs	6111541	revF
ERR20616242824	Chr6	96.667	60	1	1	60	6116576	6116634	2.77e-21	60	TelYs	6116586	revF
ERR20616242824	Chr6	96.667	60	1	1	60	6121616	6121674	2.77e-21	60	TelYs	6121626	revF
ERR20616242824	Chr6	96.667	60	1	1	60	6126777	6126835	2.77e-21	60	TelYs	6126787	revF
ERR20616242824	Chr6	96.667	60	1	1	60	6131818	6131876	2.77e-21	60	TelYs	6131828	revF
ERR20616242824	Chr5	100.000	60	0	1	60	1407	1348	3.56e-25	60	TelYs	1300	revT
ERR20616242824	Chr5	100.000	60	0	1	60	4438489	4438548	3.56e-25	60	TelYs	4438500	revF
ERR20616242824	Chr5	100.000	60	0	1	60	4443517	4443576	3.56e-25	60	TelYs	4443528	revF
ERR20616242824	Chr5	100.000	60	0	1	60	4448558	4448617	3.56e-25	60	TelYs	4448569	revF
ERR20616242824	Chr5	100.000	60	0	1	60	4453612	4453671	3.56e-25	60	TelYs	4453623	revF
ERR20616242824	Chr5	100.000	60	0	1	60	4458655	4458714	3.56e-25	60	TelYs	4458666	revF
ERR20616242824	Chr5	96.667	60	1	1	60	1472	1414	2.77e-21	60	TelYs	1366	revT
ERR20616242824	Chr5	96.667	60	1	1	60	4438424	4438482	2.77e-21	60	TelYs	4438434	revF
ERR20616242824	Chr5	96.667	60	1	1	60	4443452	4443510	2.77e-21	60	TelYs	4443462	revF
ERR20616242824	Chr5	96.667	60	1	1	60	4448493	4448551	2.77e-21	60	TelYs	4448503	revF
ERR20616242824	Chr5	96.667	60	1	1	60	4453547	4453605	2.77e-21	60	TelYs	4453557	revF
ERR20616242824	Chr5	96.667	60	1	1	60	4458590	4458648	2.77e-21	60	TelYs	4458600	revF
ERR20616242824	Chr4	100.000	60	0	1	60	1488	1429	3.56e-25	60	TelYs	1381	revT
ERR20616242824	Chr4	100.000	60	0	1	60	6514	6455	3.56e-25	60	TelYs	6407	revT
ERR20616242824	Chr4	100.000	60	0	1	60	11552	11493	3.56e-25	60	TelYs	11445	revT
ERR20616242824	Chr4	100.000	60	0	1	60	5397426	5397485	3.56e-25	60	TelYs	5397437	revF
ERR20616242824	Chr4	100.000	60	0	1	60	5402471	5402530	3.56e-25	60	TelYs	5402482	revF
ERR20616242824	Chr4	100.000	60	0	1	60	5407509	5407568	3.56e-25	60	TelYs	5407520	revF
ERR20616242824	Chr4	100.000	60	0	1	60	5411724	5411783	3.56e-25	60	TelYs	5411735	revF
ERR20616242824	Chr4	96.667	60	1	1	60	1553	1495	2.77e-21	60	TelYs	1447	revT
ERR20616242824	Chr4	96.667	60	1	1	60	6579	6521	2.77e-21	60	TelYs	6473	revT
ERR20616242824	Chr4	96.667	60	1	1	60	11617	11559	2.77e-21	60	TelYs	11511	revT
ERR20616242824	Chr4	96.667	60	1	1	60	5397361	5397419	2.77e-21	60	TelYs	5397371	revF
ERR20616242824	Chr4	96.667	60	1	1	60	5402406	5402464	2.77e-21	60	TelYs	5402416	revF
ERR20616242824	Chr4	96.667	60	1	1	60	5407444	5407502	2.77e-21	60	TelYs	5407454	revF
ERR20616242824	Chr4	96.667	60	1	1	60	5411659	5411717	2.77e-21	60	TelYs	5411669	revF
ERR20616242824	Chr3	100.000	60	0	1	60	1025	966	3.56e-25	60	TelYs	918	revT
ERR20616242824	Chr3	100.000	60	0	1	60	6016	5957	3.56e-25	60	TelYs	5909	revT
ERR20616242824	Chr3	100.000	60	0	1	60	11005	10946	3.56e-25	60	TelYs	10898	revT
ERR20616242824	Chr3	100.000	60	0	1	60	8226227	8226286	3.56e-25	60	TelYs	8226238	revF
ERR20616242824	Chr3	100.000	60	0	1	60	8231241	8231300	3.56e-25	60	TelYs	8231252	revF
ERR20616242824	Chr3	100.000	60	0	1	60	8236275	8236334	3.56e-25	60	TelYs	8236286	revF
ERR20616242824	Chr3	96.667	60	1	1	60	1090	1032	2.77e-21	60	TelYs	984	revT
ERR20616242824	Chr3	96.667	60	1	1	60	6081	6023	2.77e-21	60	TelYs	5975	revT
ERR20616242824	Chr3	96.667	60	1	1	60	11070	11012	2.77e-21	60	TelYs	10964	revT
ERR20616242824	Chr3	96.667	60	1	1	60	8226162	8226220	2.77e-21	60	TelYs	8226172	revF
ERR20616242824	Chr3	96.667	60	1	1	60	8231176	8231234	2.77e-21	60	TelYs	8231186	revF
ERR20616242824	Chr3	96.667	60	1	1	60	8236210	8236268	2.77e-21	60	TelYs	8236220	revF
ERR20616242824	Chr2	100.000	60	0	1	60	1612	1553	3.56e-25	60	TelYs	1505	revT
ERR20616242824	Chr2	100.000	60	0	1	60	6687	6628	3.56e-25	60	TelYs	6580	revT
ERR20616242824	Chr2	100.000	60	0	1	60	11713	11654	3.56e-25	60	TelYs	11606	revT
ERR20616242824	Chr2	100.000	60	0	1	60	7913968	7914027	3.56e-25	60	TelYs	7913979	revF
ERR20616242824	Chr2	96.667	60	1	1	60	1677	1619	2.77e-21	60	TelYs	1571	revT
ERR20616242824	Chr2	96.667	60	1	1	60	6752	6694	2.77e-21	60	TelYs	6646	revT
ERR20616242824	Chr2	96.667	60	1	1	60	11778	11720	2.77e-21	60	TelYs	11672	revT
ERR20616242824	Chr2	96.667	60	1	1	60	7913903	7913961	2.77e-21	60	TelYs	7913913	revF
ERR20616242824	Chr1	100.000	60	0	1	60	6666727	6666786	3.56e-25	60	TelYs	6666738	revF
ERR20616242824	Chr1	96.667	60	1	1	60	6666662	6666720	2.77e-21	60	TelYs	6666672	revF
ERR20616247400	Chr1	100.000	57	0	1	57	7044	6988	1.53e-23	57	TelYs	6940	revT
ERR20616247400	Chr1	100.000	57	0	1	57	15256	15200	1.53e-23	57	TelYs	15152	revT
ERR20616247400	Chr1	100.000	57	0	1	57	23517	23461	1.53e-23	57	TelYs	23413	revT
ERR20616247400	Chr1	100.000	57	0	1	57	31782	31726	1.53e-23	57	TelYs	31678	revT
ERR20616247400	Chr1	100.000	57	0	1	57	40002	39946	1.53e-23	57	TelYs	39898	revT
ERR20616247400	Chr1	100.000	57	0	1	57	48197	48141	1.53e-23	57	TelYs	48093	revT
ERR20616247400	Chr1	100.000	57	0	1	57	56467	56411	1.53e-23	57	TelYs	56363	revT
ERR20616247400	Chr1	100.000	57	0	1	57	64728	64672	1.53e-23	57	TelYs	64624	revT
ERR20616247400	Chr1	100.000	57	0	1	57	81116	81060	1.53e-23	57	TelYs	81012	revT
ERR20616247400	Chr1	100.000	57	0	1	57	89416	89360	1.53e-23	57	TelYs	89312	revT
ERR20616247400	Chr1	100.000	57	0	1	57	97729	97673	1.53e-23	57	TelYs	97625	revT
ERR20616247400	Chr1	100.000	57	0	1	57	106040	105984	1.53e-23	57	TelYs	105936	revT
ERR20616247400	Chr1	100.000	57	0	1	57	124280	124224	1.53e-23	57	TelYs	124176	revT
ERR20616247400	Chr1	100.000	57	0	1	57	132437	132381	1.53e-23	57	TelYs	132333	revT
ERR20616247400	Chr1	100.000	57	0	1	57	140688	140632	1.53e-23	57	TelYs	140584	revT
ERR20616247400	Chr1	100.000	57	0	1	57	148935	148879	1.53e-23	57	TelYs	148831	revT
ERR20616247400	Chr1	100.000	57	0	1	57	157149	157093	1.53e-23	57	TelYs	157045	revT
ERR20616247400	Chr1	100.000	57	0	1	57	165366	165310	1.53e-23	57	TelYs	165262	revT
ERR20616247400	Chr1	100.000	57	0	1	57	173621	173565	1.53e-23	57	TelYs	173517	revT
ERR20616247400	Chr1	100.000	57	0	1	57	181851	181795	1.53e-23	57	TelYs	181747	revT
ERR20616247400	Chr1	100.000	57	0	1	57	198448	198392	1.53e-23	57	TelYs	198344	revT
ERR20616247400	Chr1	100.000	57	0	1	57	206665	206609	1.53e-23	57	TelYs	206561	revT
ERR20616247400	Chr1	100.000	57	0	1	57	223132	223076	1.53e-23	57	TelYs	223028	revT
ERR20616247400	Chr1	100.000	57	0	1	57	231436	231380	1.53e-23	57	TelYs	231332	revT
ERR20616247400	Chr1	100.000	57	0	1	57	239735	239679	1.53e-23	57	TelYs	239631	revT
ERR20616247400	Chr1	100.000	57	0	1	57	248039	247983	1.53e-23	57	TelYs	247935	revT
ERR20616247400	Chr1	100.000	57	0	1	57	256341	256285	1.53e-23	57	TelYs	256237	revT
ERR20616247400	Chr1	100.000	57	0	1	57	264641	264585	1.53e-23	57	TelYs	264537	revT
ERR20616247400	Chr1	100.000	57	0	1	57	272944	272888	1.53e-23	57	TelYs	272840	revT
ERR20616247400	Chr1	100.000	57	0	1	57	281246	281190	1.53e-23	57	TelYs	281142	revT
ERR20616247400	Chr1	100.000	57	0	1	57	289556	289500	1.53e-23	57	TelYs	289452	revT
ERR20616247400	Chr1	96.610	59	0	1	57	73016	72958	9.21e-21	57	TelYs	72910	revT
ERR20616247400	Chr1	98.039	51	0	7	57	214890	214841	5.54e-18	57	TelYs	214793	revT
ERR20616247400	Chr2	100.000	51	0	1	51	5372889	5372939	3.31e-20	57	TelYs	5372891	revF
ERR206162412296	Chr1	100.000	57	0	1	57	7044	6988	1.53e-23	57	TelYs	6940	revT
ERR206162412296	Chr1	100.000	57	0	1	57	15256	15200	1.53e-23	57	TelYs	15152	revT
ERR206162412296	Chr1	100.000	57	0	1	57	23517	23461	1.53e-23	57	TelYs	23413	revT
ERR206162412296	Chr1	100.000	57	0	1	57	31782	31726	1.53e-23	57	TelYs	31678	revT
ERR206162412296	Chr1	100.000	57	0	1	57	40002	39946	1.53e-23	57	TelYs	39898	revT
ERR206162412296	Chr1	100.000	57	0	1	57	48197	48141	1.53e-23	57	TelYs	48093	revT
ERR206162412296	Chr1	100.000	57	0	1	57	56467	56411	1.53e-23	57	TelYs	56363	revT
ERR206162412296	Chr1	100.000	57	0	1	57	64728	64672	1.53e-23	57	TelYs	64624	revT
ERR206162412296	Chr1	100.000	57	0	1	57	81116	81060	1.53e-23	57	TelYs	81012	revT
ERR206162412296	Chr1	100.000	57	0	1	57	89416	89360	1.53e-23	57	TelYs	89312	revT
ERR206162412296	Chr1	100.000	57	0	1	57	97729	97673	1.53e-23	57	TelYs	97625	revT
ERR206162412296	Chr1	100.000	57	0	1	57	106040	105984	1.53e-23	57	TelYs	105936	revT
ERR206162412296	Chr1	100.000	57	0	1	57	124280	124224	1.53e-23	57	TelYs	124176	revT
ERR206162412296	Chr1	100.000	57	0	1	57	132437	132381	1.53e-23	57	TelYs	132333	revT
ERR206162412296	Chr1	100.000	57	0	1	57	140688	140632	1.53e-23	57	TelYs	140584	revT
ERR206162412296	Chr1	100.000	57	0	1	57	148935	148879	1.53e-23	57	TelYs	148831	revT
ERR206162412296	Chr1	100.000	57	0	1	57	157149	157093	1.53e-23	57	TelYs	157045	revT
ERR206162412296	Chr1	100.000	57	0	1	57	165366	165310	1.53e-23	57	TelYs	165262	revT
ERR206162412296	Chr1	100.000	57	0	1	57	173621	173565	1.53e-23	57	TelYs	173517	revT
ERR206162412296	Chr1	100.000	57	0	1	57	181851	181795	1.53e-23	57	TelYs	181747	revT
ERR206162412296	Chr1	100.000	57	0	1	57	198448	198392	1.53e-23	57	TelYs	198344	revT
ERR206162412296	Chr1	100.000	57	0	1	57	206665	206609	1.53e-23	57	TelYs	206561	revT
ERR206162412296	Chr1	100.000	57	0	1	57	223132	223076	1.53e-23	57	TelYs	223028	revT
ERR206162412296	Chr1	100.000	57	0	1	57	231436	231380	1.53e-23	57	TelYs	231332	revT
ERR206162412296	Chr1	100.000	57	0	1	57	239735	239679	1.53e-23	57	TelYs	239631	revT
ERR206162412296	Chr1	100.000	57	0	1	57	248039	247983	1.53e-23	57	TelYs	247935	revT
ERR206162412296	Chr1	100.000	57	0	1	57	256341	256285	1.53e-23	57	TelYs	256237	revT
ERR206162412296	Chr1	100.000	57	0	1	57	264641	264585	1.53e-23	57	TelYs	264537	revT
ERR206162412296	Chr1	100.000	57	0	1	57	272944	272888	1.53e-23	57	TelYs	272840	revT
ERR206162412296	Chr1	100.000	57	0	1	57	281246	281190	1.53e-23	57	TelYs	281142	revT
ERR206162412296	Chr1	100.000	57	0	1	57	289556	289500	1.53e-23	57	TelYs	289452	revT
ERR206162412296	Chr1	96.610	59	0	1	57	73016	72958	9.21e-21	57	TelYs	72910	revT
ERR206162412296	Chr1	98.039	51	0	7	57	214890	214841	5.54e-18	57	TelYs	214793	revT
ERR206162412296	Chr2	100.000	51	0	1	51	5372889	5372939	3.31e-20	57	TelYs	5372891	revF
ERR20616249360	Chr3	100.000	55	0	1	55	15661	15607	1.92e-22	56	TelYs	15559	revT
ERR20616249360	Chr3	100.000	55	0	1	55	16596	16542	1.92e-22	56	TelYs	16494	revT
ERR20616249360	Chr3	100.000	55	0	1	55	17532	17478	1.92e-22	56	TelYs	17430	revT
ERR20616249360	Chr3	100.000	55	0	1	55	18468	18414	1.92e-22	56	TelYs	18366	revT
ERR20616249360	Chr3	100.000	55	0	1	55	19405	19351	1.92e-22	56	TelYs	19303	revT
ERR20616249360	Chr3	100.000	55	0	1	55	20340	20286	1.92e-22	56	TelYs	20238	revT
ERR20616249360	Chr3	100.000	55	0	1	55	21274	21220	1.92e-22	56	TelYs	21172	revT
ERR20616249360	Chr3	100.000	55	0	1	55	22208	22154	1.92e-22	56	TelYs	22106	revT
ERR20616249360	Chr3	100.000	55	0	1	55	23143	23089	1.92e-22	56	TelYs	23041	revT
ERR20616249360	Chr3	100.000	55	0	1	55	24078	24024	1.92e-22	56	TelYs	23976	revT
ERR20616249360	Chr3	100.000	55	0	1	55	25012	24958	1.92e-22	56	TelYs	24910	revT
ERR20616249360	Chr3	100.000	55	0	1	55	25945	25891	1.92e-22	56	TelYs	25843	revT
ERR20616249360	Chr3	100.000	55	0	1	55	27814	27760	1.92e-22	56	TelYs	27712	revT
ERR20616249360	Chr3	100.000	55	0	1	55	28750	28696	1.92e-22	56	TelYs	28648	revT
ERR20616249360	Chr3	100.000	55	0	1	55	29685	29631	1.92e-22	56	TelYs	29583	revT
ERR20616249360	Chr3	100.000	55	0	1	55	30619	30565	1.92e-22	56	TelYs	30517	revT
ERR20616249360	Chr3	100.000	55	0	1	55	31554	31500	1.92e-22	56	TelYs	31452	revT
ERR20616249360	Chr3	100.000	55	0	1	55	32481	32427	1.92e-22	56	TelYs	32379	revT
ERR20616249360	Chr3	100.000	55	0	1	55	33405	33351	1.92e-22	56	TelYs	33303	revT
ERR20616249360	Chr3	100.000	55	0	1	55	34334	34280	1.92e-22	56	TelYs	34232	revT
ERR20616249360	Chr3	100.000	55	0	1	55	35265	35211	1.92e-22	56	TelYs	35163	revT
ERR20616249360	Chr3	100.000	55	0	1	55	36197	36143	1.92e-22	56	TelYs	36095	revT
ERR20616249360	Chr3	100.000	55	0	1	55	37131	37077	1.92e-22	56	TelYs	37029	revT
ERR20616249360	Chr3	100.000	55	0	1	55	38065	38011	1.92e-22	56	TelYs	37963	revT
ERR20616249360	Chr3	100.000	55	0	1	55	38998	38944	1.92e-22	56	TelYs	38896	revT
ERR20616249360	Chr3	100.000	55	0	1	55	39930	39876	1.92e-22	56	TelYs	39828	revT
ERR20616249360	Chr3	100.000	55	0	1	55	40864	40810	1.92e-22	56	TelYs	40762	revT
ERR20616249360	Chr3	100.000	55	0	1	55	41798	41744	1.92e-22	56	TelYs	41696	revT
ERR20616249360	Chr3	100.000	55	0	1	55	42730	42676	1.92e-22	56	TelYs	42628	revT
ERR20616249360	Chr3	100.000	55	0	1	55	43663	43609	1.92e-22	56	TelYs	43561	revT
ERR20616249360	Chr3	100.000	55	0	1	55	44596	44542	1.92e-22	56	TelYs	44494	revT
ERR20616249360	Chr3	100.000	55	0	1	55	45528	45474	1.92e-22	56	TelYs	45426	revT
ERR20616249360	Chr3	100.000	55	0	1	55	46460	46406	1.92e-22	56	TelYs	46358	revT
ERR20616249360	Chr3	100.000	55	0	1	55	47393	47339	1.92e-22	56	TelYs	47291	revT
ERR20616249360	Chr3	100.000	55	0	1	55	48326	48272	1.92e-22	56	TelYs	48224	revT
ERR20616249360	Chr3	100.000	55	0	1	55	49259	49205	1.92e-22	56	TelYs	49157	revT
ERR20616249360	Chr3	100.000	55	0	1	55	50192	50138	1.92e-22	56	TelYs	50090	revT
ERR20616249360	Chr3	100.000	55	0	1	55	51124	51070	1.92e-22	56	TelYs	51022	revT
ERR20616249360	Chr3	100.000	55	0	1	55	52058	52004	1.92e-22	56	TelYs	51956	revT
ERR20616249360	Chr3	100.000	55	0	1	55	52990	52936	1.92e-22	56	TelYs	52888	revT
ERR20616249360	Chr3	100.000	55	0	1	55	53923	53869	1.92e-22	56	TelYs	53821	revT
ERR20616249360	Chr3	100.000	52	0	1	52	26880	26829	8.95e-21	56	TelYs	26781	revT
ERR20616249360	Chr3	100.000	47	0	1	47	14725	14679	5.39e-18	56	TelYs	14631	revT
ERR20616248640	Chr1	100.000	60	0	1	60	6999	6940	3.56e-25	60	TelYs	6892	revT
ERR20616248640	Chr1	100.000	60	0	1	60	15211	15152	3.56e-25	60	TelYs	15104	revT
ERR20616248640	Chr1	100.000	60	0	1	60	23472	23413	3.56e-25	60	TelYs	23365	revT
ERR20616248640	Chr1	100.000	60	0	1	60	31737	31678	3.56e-25	60	TelYs	31630	revT
ERR20616248640	Chr1	100.000	60	0	1	60	39957	39898	3.56e-25	60	TelYs	39850	revT
ERR20616248640	Chr1	100.000	60	0	1	60	48152	48093	3.56e-25	60	TelYs	48045	revT
ERR20616248640	Chr1	100.000	60	0	1	60	56422	56363	3.56e-25	60	TelYs	56315	revT
ERR20616248640	Chr1	100.000	60	0	1	60	64683	64624	3.56e-25	60	TelYs	64576	revT
ERR20616248640	Chr1	100.000	60	0	1	60	72969	72910	3.56e-25	60	TelYs	72862	revT
ERR20616248640	Chr1	100.000	60	0	1	60	81071	81012	3.56e-25	60	TelYs	80964	revT
ERR20616248640	Chr1	100.000	60	0	1	60	89371	89312	3.56e-25	60	TelYs	89264	revT
ERR20616248640	Chr1	100.000	60	0	1	60	97684	97625	3.56e-25	60	TelYs	97577	revT
ERR20616248640	Chr1	100.000	60	0	1	60	105995	105936	3.56e-25	60	TelYs	105888	revT
ERR20616248640	Chr1	100.000	60	0	1	60	124235	124176	3.56e-25	60	TelYs	124128	revT
ERR20616248640	Chr1	100.000	60	0	1	60	132392	132333	3.56e-25	60	TelYs	132285	revT
ERR20616248640	Chr1	100.000	60	0	1	60	140643	140584	3.56e-25	60	TelYs	140536	revT
ERR20616248640	Chr1	100.000	60	0	1	60	148890	148831	3.56e-25	60	TelYs	148783	revT
ERR20616248640	Chr1	100.000	60	0	1	60	157104	157045	3.56e-25	60	TelYs	156997	revT
ERR20616248640	Chr1	100.000	60	0	1	60	165321	165262	3.56e-25	60	TelYs	165214	revT
ERR20616248640	Chr1	100.000	60	0	1	60	173576	173517	3.56e-25	60	TelYs	173469	revT
ERR20616248640	Chr1	100.000	60	0	1	60	181806	181747	3.56e-25	60	TelYs	181699	revT
ERR20616248640	Chr1	100.000	60	0	1	60	198403	198344	3.56e-25	60	TelYs	198296	revT
ERR20616248640	Chr1	100.000	60	0	1	60	214852	214793	3.56e-25	60	TelYs	214745	revT
ERR20616248640	Chr1	100.000	60	0	1	60	223087	223028	3.56e-25	60	TelYs	222980	revT
ERR20616248640	Chr1	100.000	60	0	1	60	231391	231332	3.56e-25	60	TelYs	231284	revT
ERR20616248640	Chr1	100.000	60	0	1	60	239690	239631	3.56e-25	60	TelYs	239583	revT
ERR20616248640	Chr1	100.000	60	0	1	60	247994	247935	3.56e-25	60	TelYs	247887	revT
ERR20616248640	Chr1	100.000	60	0	1	60	256296	256237	3.56e-25	60	TelYs	256189	revT
ERR20616248640	Chr1	100.000	60	0	1	60	264596	264537	3.56e-25	60	TelYs	264489	revT
ERR20616248640	Chr1	100.000	60	0	1	60	272899	272840	3.56e-25	60	TelYs	272792	revT
ERR20616248640	Chr1	100.000	60	0	1	60	289511	289452	3.56e-25	60	TelYs	289404	revT
ERR20616248640	Chr1	100.000	59	0	1	59	281201	281143	1.28e-24	60	TelYs	281095	revT
ERR20616248640	Chr1	98.361	61	0	1	60	206620	206560	1.66e-23	60	TelYs	206512	revT
ERR206162411240	Chr1	100.000	40	0	1	40	7027	6988	2.28e-14	40	TelYs	6940	revT
ERR206162411240	Chr1	100.000	40	0	1	40	15239	15200	2.28e-14	40	TelYs	15152	revT
ERR206162411240	Chr1	100.000	40	0	1	40	23500	23461	2.28e-14	40	TelYs	23413	revT
ERR206162411240	Chr1	100.000	40	0	1	40	31765	31726	2.28e-14	40	TelYs	31678	revT
ERR206162411240	Chr1	100.000	40	0	1	40	39985	39946	2.28e-14	40	TelYs	39898	revT
ERR206162411240	Chr1	100.000	40	0	1	40	48180	48141	2.28e-14	40	TelYs	48093	revT
ERR206162411240	Chr1	100.000	40	0	1	40	56450	56411	2.28e-14	40	TelYs	56363	revT
ERR206162411240	Chr1	100.000	40	0	1	40	64711	64672	2.28e-14	40	TelYs	64624	revT
ERR206162411240	Chr1	100.000	40	0	1	40	81099	81060	2.28e-14	40	TelYs	81012	revT
ERR206162411240	Chr1	100.000	40	0	1	40	89399	89360	2.28e-14	40	TelYs	89312	revT
ERR206162411240	Chr1	100.000	40	0	1	40	97712	97673	2.28e-14	40	TelYs	97625	revT
ERR206162411240	Chr1	100.000	40	0	1	40	106023	105984	2.28e-14	40	TelYs	105936	revT
ERR206162411240	Chr1	100.000	40	0	1	40	124263	124224	2.28e-14	40	TelYs	124176	revT
ERR206162411240	Chr1	100.000	40	0	1	40	132420	132381	2.28e-14	40	TelYs	132333	revT
ERR206162411240	Chr1	100.000	40	0	1	40	140671	140632	2.28e-14	40	TelYs	140584	revT
ERR206162411240	Chr1	100.000	40	0	1	40	148918	148879	2.28e-14	40	TelYs	148831	revT
ERR206162411240	Chr1	100.000	40	0	1	40	157132	157093	2.28e-14	40	TelYs	157045	revT
ERR206162411240	Chr1	100.000	40	0	1	40	165349	165310	2.28e-14	40	TelYs	165262	revT
ERR206162411240	Chr1	100.000	40	0	1	40	173604	173565	2.28e-14	40	TelYs	173517	revT
ERR206162411240	Chr1	100.000	40	0	1	40	181834	181795	2.28e-14	40	TelYs	181747	revT
ERR206162411240	Chr1	100.000	40	0	1	40	198431	198392	2.28e-14	40	TelYs	198344	revT
ERR206162411240	Chr1	100.000	40	0	1	40	206648	206609	2.28e-14	40	TelYs	206561	revT
ERR206162411240	Chr1	100.000	40	0	1	40	223115	223076	2.28e-14	40	TelYs	223028	revT
ERR206162411240	Chr1	100.000	40	0	1	40	231419	231380	2.28e-14	40	TelYs	231332	revT
ERR206162411240	Chr1	100.000	40	0	1	40	239718	239679	2.28e-14	40	TelYs	239631	revT
ERR206162411240	Chr1	100.000	40	0	1	40	248022	247983	2.28e-14	40	TelYs	247935	revT
ERR206162411240	Chr1	100.000	40	0	1	40	256324	256285	2.28e-14	40	TelYs	256237	revT
ERR206162411240	Chr1	100.000	40	0	1	40	264624	264585	2.28e-14	40	TelYs	264537	revT
ERR206162411240	Chr1	100.000	40	0	1	40	272927	272888	2.28e-14	40	TelYs	272840	revT
ERR206162411240	Chr1	100.000	40	0	1	40	281229	281190	2.28e-14	40	TelYs	281142	revT
ERR206162411240	Chr1	100.000	40	0	1	40	289539	289500	2.28e-14	40	TelYs	289452	revT
ERR206162411240	Chr1	95.238	42	0	1	40	72999	72958	1.37e-11	40	TelYs	72910	revT
ERR206162411240	Chr2	100.000	34	0	1	34	5372906	5372939	4.93e-11	40	TelYs	5372891	revF
ERR206162411616	Chr1	100.000	60	0	1	60	967	908	3.56e-25	60	TelYs	860	revT
ERR206162411616	Chr1	100.000	60	0	1	60	8591	8532	3.56e-25	60	TelYs	8484	revT
ERR206162411616	Chr1	100.000	60	0	1	60	58035	57976	3.56e-25	60	TelYs	57928	revT
ERR206162411616	Chr1	100.000	60	0	1	60	66298	66239	3.56e-25	60	TelYs	66191	revT
ERR206162411616	Chr1	100.000	60	0	1	60	74583	74524	3.56e-25	60	TelYs	74476	revT
ERR206162411616	Chr1	100.000	60	0	1	60	82686	82627	3.56e-25	60	TelYs	82579	revT
ERR206162411616	Chr1	100.000	60	0	1	60	90989	90930	3.56e-25	60	TelYs	90882	revT
ERR206162411616	Chr1	100.000	60	0	1	60	99302	99243	3.56e-25	60	TelYs	99195	revT
ERR206162411616	Chr1	100.000	60	0	1	60	125842	125783	3.56e-25	60	TelYs	125735	revT
ERR206162411616	Chr1	100.000	60	0	1	60	142254	142195	3.56e-25	60	TelYs	142147	revT
ERR206162411616	Chr1	100.000	60	0	1	60	150499	150440	3.56e-25	60	TelYs	150392	revT
ERR206162411616	Chr1	100.000	60	0	1	60	158716	158657	3.56e-25	60	TelYs	158609	revT
ERR206162411616	Chr1	100.000	60	0	1	60	166934	166875	3.56e-25	60	TelYs	166827	revT
ERR206162411616	Chr1	100.000	60	0	1	60	216436	216377	3.56e-25	60	TelYs	216329	revT
ERR206162411616	Chr1	100.000	60	0	1	60	224705	224646	3.56e-25	60	TelYs	224598	revT
ERR206162411616	Chr1	100.000	60	0	1	60	233007	232948	3.56e-25	60	TelYs	232900	revT
ERR206162411616	Chr1	100.000	60	0	1	60	241308	241249	3.56e-25	60	TelYs	241201	revT
ERR206162411616	Chr1	100.000	60	0	1	60	249613	249554	3.56e-25	60	TelYs	249506	revT
ERR206162411616	Chr1	100.000	60	0	1	60	257914	257855	3.56e-25	60	TelYs	257807	revT
ERR206162411616	Chr1	100.000	60	0	1	60	266212	266153	3.56e-25	60	TelYs	266105	revT
ERR206162411616	Chr1	100.000	60	0	1	60	274515	274456	3.56e-25	60	TelYs	274408	revT
ERR206162411616	Chr1	100.000	60	0	1	60	282818	282759	3.56e-25	60	TelYs	282711	revT
ERR206162411616	Chr1	100.000	60	0	1	60	291126	291067	3.56e-25	60	TelYs	291019	revT
ERR206162411616	Chr1	98.333	60	0	1	60	16819	16761	5.96e-23	60	TelYs	16713	revT
ERR206162411616	Chr1	98.333	60	0	1	60	25079	25021	5.96e-23	60	TelYs	24973	revT
ERR206162411616	Chr1	98.333	60	0	1	60	33349	33291	5.96e-23	60	TelYs	33243	revT
ERR206162411616	Chr1	98.333	60	0	1	60	41567	41509	5.96e-23	60	TelYs	41461	revT
ERR206162411616	Chr1	98.333	60	0	1	60	49761	49703	5.96e-23	60	TelYs	49655	revT
ERR206162411616	Chr1	98.333	60	0	1	60	134003	133945	5.96e-23	60	TelYs	133897	revT
ERR206162411616	Chr1	98.333	60	0	1	60	175179	175121	5.96e-23	60	TelYs	175073	revT
ERR206162411616	Chr1	98.333	60	0	1	60	200002	199944	5.96e-23	60	TelYs	199896	revT
ERR206162411616	Chr1	98.333	60	0	1	60	208219	208161	5.96e-23	60	TelYs	208113	revT
ERR206162411616	Chr1	95.000	60	2	1	60	117628	117570	1.29e-19	60	TelYs	117522	revT
ERR20616241680	Chr8	100.000	60	0	1	60	3601	3542	3.56e-25	60	TelYs	3494	revT
ERR20616241680	Chr8	100.000	60	0	1	60	8770	8711	3.56e-25	60	TelYs	8663	revT
ERR20616241680	Chr8	100.000	60	0	1	60	13800	13741	3.56e-25	60	TelYs	13693	revT
ERR20616241680	Chr8	100.000	60	0	1	60	1845368	1845427	3.56e-25	60	TelYs	1845379	revF
ERR20616241680	Chr8	100.000	60	0	1	60	1850505	1850564	3.56e-25	60	TelYs	1850516	revF
ERR20616241680	Chr8	100.000	60	0	1	60	1855571	1855630	3.56e-25	60	TelYs	1855582	revF
ERR20616241680	Chr8	100.000	60	0	1	60	1860593	1860652	3.56e-25	60	TelYs	1860604	revF
ERR20616241680	Chr8	100.000	60	0	1	60	1865734	1865793	3.56e-25	60	TelYs	1865745	revF
ERR20616241680	Chr8	100.000	60	0	1	60	1870875	1870934	3.56e-25	60	TelYs	1870886	revF
ERR20616241680	Chr8	100.000	60	0	1	60	1876001	1876060	3.56e-25	60	TelYs	1876012	revF
ERR20616241680	Chr8	100.000	60	0	1	60	1881123	1881182	3.56e-25	60	TelYs	1881134	revF
ERR20616241680	Chr8	100.000	60	0	1	60	1886252	1886311	3.56e-25	60	TelYs	1886263	revF
ERR20616241680	Chr8	100.000	60	0	1	60	1891247	1891306	3.56e-25	60	TelYs	1891258	revF
ERR20616241680	Chr8	100.000	60	0	1	60	1896338	1896397	3.56e-25	60	TelYs	1896349	revF
ERR20616241680	Chr8	100.000	60	0	1	60	1901347	1901406	3.56e-25	60	TelYs	1901358	revF
ERR20616241680	Chr7	100.000	60	0	1	60	1892	1833	3.56e-25	60	TelYs	1785	revT
ERR20616241680	Chr7	100.000	60	0	1	60	6923	6864	3.56e-25	60	TelYs	6816	revT
ERR20616241680	Chr7	100.000	60	0	1	60	4039671	4039730	3.56e-25	60	TelYs	4039682	revF
ERR20616241680	Chr7	100.000	60	0	1	60	4047132	4047191	3.56e-25	60	TelYs	4047143	revF
ERR20616241680	Chr7	100.000	60	0	1	60	4052161	4052220	3.56e-25	60	TelYs	4052172	revF
ERR20616241680	Chr7	100.000	60	0	1	60	4057318	4057377	3.56e-25	60	TelYs	4057329	revF
ERR20616241680	Chr7	100.000	60	0	1	60	4062350	4062409	3.56e-25	60	TelYs	4062361	revF
ERR20616241680	Chr7	100.000	60	0	1	60	4077476	4077535	3.56e-25	60	TelYs	4077487	revF
ERR20616241680	Chr7	98.333	60	0	1	60	4067377	4067435	5.96e-23	60	TelYs	4067387	revF
ERR20616241680	Chr7	98.333	60	0	1	60	4072483	4072541	5.96e-23	60	TelYs	4072493	revF
ERR20616241680	Chr6	100.000	60	0	1	60	2089	2030	3.56e-25	60	TelYs	1982	revT
ERR20616241680	Chr6	100.000	60	0	1	60	7136	7077	3.56e-25	60	TelYs	7029	revT
ERR20616241680	Chr6	100.000	60	0	1	60	12157	12098	3.56e-25	60	TelYs	12050	revT
ERR20616241680	Chr6	100.000	60	0	1	60	17193	17134	3.56e-25	60	TelYs	17086	revT
ERR20616241680	Chr6	100.000	60	0	1	60	22216	22157	3.56e-25	60	TelYs	22109	revT
ERR20616241680	Chr6	100.000	60	0	1	60	6106045	6106104	3.56e-25	60	TelYs	6106056	revF
ERR20616241680	Chr6	100.000	60	0	1	60	6111160	6111219	3.56e-25	60	TelYs	6111171	revF
ERR20616241680	Chr6	100.000	60	0	1	60	6116205	6116264	3.56e-25	60	TelYs	6116216	revF
ERR20616241680	Chr6	100.000	60	0	1	60	6121245	6121304	3.56e-25	60	TelYs	6121256	revF
ERR20616241680	Chr6	100.000	60	0	1	60	6126407	6126466	3.56e-25	60	TelYs	6126418	revF
ERR20616241680	Chr6	100.000	60	0	1	60	6131447	6131506	3.56e-25	60	TelYs	6131458	revF
ERR20616241680	Chr5	100.000	60	0	1	60	1842	1783	3.56e-25	60	TelYs	1735	revT
ERR20616241680	Chr5	100.000	60	0	1	60	4438054	4438113	3.56e-25	60	TelYs	4438065	revF
ERR20616241680	Chr5	100.000	60	0	1	60	4443081	4443140	3.56e-25	60	TelYs	4443092	revF
ERR20616241680	Chr5	100.000	60	0	1	60	4448123	4448182	3.56e-25	60	TelYs	4448134	revF
ERR20616241680	Chr5	100.000	60	0	1	60	4453176	4453235	3.56e-25	60	TelYs	4453187	revF
ERR20616241680	Chr5	100.000	60	0	1	60	4458219	4458278	3.56e-25	60	TelYs	4458230	revF
ERR20616241680	Chr4	100.000	60	0	1	60	1924	1865	3.56e-25	60	TelYs	1817	revT
ERR20616241680	Chr4	100.000	60	0	1	60	6950	6891	3.56e-25	60	TelYs	6843	revT
ERR20616241680	Chr4	100.000	60	0	1	60	11987	11928	3.56e-25	60	TelYs	11880	revT
ERR20616241680	Chr4	100.000	60	0	1	60	5396990	5397049	3.56e-25	60	TelYs	5397001	revF
ERR20616241680	Chr4	100.000	60	0	1	60	5402035	5402094	3.56e-25	60	TelYs	5402046	revF
ERR20616241680	Chr4	100.000	60	0	1	60	5407073	5407132	3.56e-25	60	TelYs	5407084	revF
ERR20616241680	Chr4	100.000	60	0	1	60	5411288	5411347	3.56e-25	60	TelYs	5411299	revF
ERR20616241680	Chr3	100.000	60	0	1	60	1460	1401	3.56e-25	60	TelYs	1353	revT
ERR20616241680	Chr3	100.000	60	0	1	60	6452	6393	3.56e-25	60	TelYs	6345	revT
ERR20616241680	Chr3	100.000	60	0	1	60	11441	11382	3.56e-25	60	TelYs	11334	revT
ERR20616241680	Chr3	100.000	60	0	1	60	8225792	8225851	3.56e-25	60	TelYs	8225803	revF
ERR20616241680	Chr3	100.000	60	0	1	60	8230806	8230865	3.56e-25	60	TelYs	8230817	revF
ERR20616241680	Chr3	100.000	60	0	1	60	8235840	8235899	3.56e-25	60	TelYs	8235851	revF
ERR20616241680	Chr2	100.000	60	0	1	60	2047	1988	3.56e-25	60	TelYs	1940	revT
ERR20616241680	Chr2	100.000	60	0	1	60	7122	7063	3.56e-25	60	TelYs	7015	revT
ERR20616241680	Chr2	100.000	60	0	1	60	12148	12089	3.56e-25	60	TelYs	12041	revT
ERR20616241680	Chr2	100.000	60	0	1	60	7913532	7913591	3.56e-25	60	TelYs	7913543	revF
ERR20616241680	Chr1	100.000	60	0	1	60	6666292	6666351	3.56e-25	60	TelYs	6666303	revF
ERR20616247664	Chr8	100.000	60	0	1	60	3532	3591	3.56e-25	60	TelYs	3543	revF
ERR20616247664	Chr8	100.000	60	0	1	60	8701	8760	3.56e-25	60	TelYs	8712	revF
ERR20616247664	Chr8	100.000	60	0	1	60	13731	13790	3.56e-25	60	TelYs	13742	revF
ERR20616247664	Chr8	100.000	60	0	1	60	1845437	1845378	3.56e-25	60	TelYs	1845330	revT
ERR20616247664	Chr8	100.000	60	0	1	60	1850574	1850515	3.56e-25	60	TelYs	1850467	revT
ERR20616247664	Chr8	100.000	60	0	1	60	1855640	1855581	3.56e-25	60	TelYs	1855533	revT
ERR20616247664	Chr8	100.000	60	0	1	60	1860662	1860603	3.56e-25	60	TelYs	1860555	revT
ERR20616247664	Chr8	100.000	60	0	1	60	1865803	1865744	3.56e-25	60	TelYs	1865696	revT
ERR20616247664	Chr8	100.000	60	0	1	60	1870944	1870885	3.56e-25	60	TelYs	1870837	revT
ERR20616247664	Chr8	100.000	60	0	1	60	1876070	1876011	3.56e-25	60	TelYs	1875963	revT
ERR20616247664	Chr8	100.000	60	0	1	60	1881192	1881133	3.56e-25	60	TelYs	1881085	revT
ERR20616247664	Chr8	100.000	60	0	1	60	1886321	1886262	3.56e-25	60	TelYs	1886214	revT
ERR20616247664	Chr8	100.000	60	0	1	60	1891316	1891257	3.56e-25	60	TelYs	1891209	revT
ERR20616247664	Chr8	100.000	60	0	1	60	1896407	1896348	3.56e-25	60	TelYs	1896300	revT
ERR20616247664	Chr8	100.000	60	0	1	60	1901416	1901357	3.56e-25	60	TelYs	1901309	revT
ERR20616247664	Chr7	100.000	60	0	1	60	1823	1882	3.56e-25	60	TelYs	1834	revF
ERR20616247664	Chr7	100.000	60	0	1	60	6854	6913	3.56e-25	60	TelYs	6865	revF
ERR20616247664	Chr7	100.000	60	0	1	60	4039740	4039681	3.56e-25	60	TelYs	4039633	revT
ERR20616247664	Chr7	100.000	60	0	1	60	4047201	4047142	3.56e-25	60	TelYs	4047094	revT
ERR20616247664	Chr7	100.000	60	0	1	60	4052230	4052171	3.56e-25	60	TelYs	4052123	revT
ERR20616247664	Chr7	100.000	60	0	1	60	4057387	4057328	3.56e-25	60	TelYs	4057280	revT
ERR20616247664	Chr7	100.000	60	0	1	60	4062419	4062360	3.56e-25	60	TelYs	4062312	revT
ERR20616247664	Chr7	100.000	60	0	1	60	4067445	4067386	3.56e-25	60	TelYs	4067338	revT
ERR20616247664	Chr7	100.000	60	0	1	60	4072551	4072492	3.56e-25	60	TelYs	4072444	revT
ERR20616247664	Chr7	100.000	60	0	1	60	4077545	4077486	3.56e-25	60	TelYs	4077438	revT
ERR20616247664	Chr6	100.000	60	0	1	60	2020	2079	3.56e-25	60	TelYs	2031	revF
ERR20616247664	Chr6	100.000	60	0	1	60	7067	7126	3.56e-25	60	TelYs	7078	revF
ERR20616247664	Chr6	100.000	60	0	1	60	12088	12147	3.56e-25	60	TelYs	12099	revF
ERR20616247664	Chr6	100.000	60	0	1	60	17124	17183	3.56e-25	60	TelYs	17135	revF
ERR20616247664	Chr6	100.000	60	0	1	60	22147	22206	3.56e-25	60	TelYs	22158	revF
ERR20616247664	Chr6	100.000	60	0	1	60	6106114	6106055	3.56e-25	60	TelYs	6106007	revT
ERR20616247664	Chr6	100.000	60	0	1	60	6111229	6111170	3.56e-25	60	TelYs	6111122	revT
ERR20616247664	Chr6	100.000	60	0	1	60	6116274	6116215	3.56e-25	60	TelYs	6116167	revT
ERR20616247664	Chr6	100.000	60	0	1	60	6121314	6121255	3.56e-25	60	TelYs	6121207	revT
ERR20616247664	Chr6	100.000	60	0	1	60	6126476	6126417	3.56e-25	60	TelYs	6126369	revT
ERR20616247664	Chr6	100.000	60	0	1	60	6131516	6131457	3.56e-25	60	TelYs	6131409	revT
ERR20616247664	Chr5	100.000	60	0	1	60	1773	1832	3.56e-25	60	TelYs	1784	revF
ERR20616247664	Chr5	100.000	60	0	1	60	4438123	4438064	3.56e-25	60	TelYs	4438016	revT
ERR20616247664	Chr5	100.000	60	0	1	60	4443150	4443091	3.56e-25	60	TelYs	4443043	revT
ERR20616247664	Chr5	100.000	60	0	1	60	4448192	4448133	3.56e-25	60	TelYs	4448085	revT
ERR20616247664	Chr5	100.000	60	0	1	60	4453245	4453186	3.56e-25	60	TelYs	4453138	revT
ERR20616247664	Chr5	100.000	60	0	1	60	4458288	4458229	3.56e-25	60	TelYs	4458181	revT
ERR20616247664	Chr4	100.000	60	0	1	60	1855	1914	3.56e-25	60	TelYs	1866	revF
ERR20616247664	Chr4	100.000	60	0	1	60	6881	6940	3.56e-25	60	TelYs	6892	revF
ERR20616247664	Chr4	100.000	60	0	1	60	11918	11977	3.56e-25	60	TelYs	11929	revF
ERR20616247664	Chr4	100.000	60	0	1	60	5397059	5397000	3.56e-25	60	TelYs	5396952	revT
ERR20616247664	Chr4	100.000	60	0	1	60	5402104	5402045	3.56e-25	60	TelYs	5401997	revT
ERR20616247664	Chr4	100.000	60	0	1	60	5407142	5407083	3.56e-25	60	TelYs	5407035	revT
ERR20616247664	Chr4	100.000	60	0	1	60	5411357	5411298	3.56e-25	60	TelYs	5411250	revT
ERR20616247664	Chr3	100.000	60	0	1	60	1391	1450	3.56e-25	60	TelYs	1402	revF
ERR20616247664	Chr3	100.000	60	0	1	60	6383	6442	3.56e-25	60	TelYs	6394	revF
ERR20616247664	Chr3	100.000	60	0	1	60	11372	11431	3.56e-25	60	TelYs	11383	revF
ERR20616247664	Chr3	100.000	60	0	1	60	8225861	8225802	3.56e-25	60	TelYs	8225754	revT
ERR20616247664	Chr3	100.000	60	0	1	60	8230875	8230816	3.56e-25	60	TelYs	8230768	revT
ERR20616247664	Chr3	100.000	60	0	1	60	8235909	8235850	3.56e-25	60	TelYs	8235802	revT
ERR20616247664	Chr2	100.000	60	0	1	60	1978	2037	3.56e-25	60	TelYs	1989	revF
ERR20616247664	Chr2	100.000	60	0	1	60	7053	7112	3.56e-25	60	TelYs	7064	revF
ERR20616247664	Chr2	100.000	60	0	1	60	12079	12138	3.56e-25	60	TelYs	12090	revF
ERR20616247664	Chr2	100.000	60	0	1	60	7913601	7913542	3.56e-25	60	TelYs	7913494	revT
ERR20616247664	Chr1	100.000	60	0	1	60	6666361	6666302	3.56e-25	60	TelYs	6666254	revT
ERR20616241600	Chr1	100.000	41	0	1	41	6940	6900	6.66e-15	41	TelYs	6852	revT
ERR20616241600	Chr1	100.000	41	0	1	41	15152	15112	6.66e-15	41	TelYs	15064	revT
ERR20616241600	Chr1	100.000	41	0	1	41	23413	23373	6.66e-15	41	TelYs	23325	revT
ERR20616241600	Chr1	100.000	41	0	1	41	31678	31638	6.66e-15	41	TelYs	31590	revT
ERR20616241600	Chr1	100.000	41	0	1	41	39898	39858	6.66e-15	41	TelYs	39810	revT
ERR20616241600	Chr1	100.000	41	0	1	41	48093	48053	6.66e-15	41	TelYs	48005	revT
ERR20616241600	Chr1	100.000	41	0	1	41	56363	56323	6.66e-15	41	TelYs	56275	revT
ERR20616241600	Chr1	100.000	41	0	1	41	64624	64584	6.66e-15	41	TelYs	64536	revT
ERR20616241600	Chr1	100.000	41	0	1	41	72910	72870	6.66e-15	41	TelYs	72822	revT
ERR20616241600	Chr1	100.000	41	0	1	41	81012	80972	6.66e-15	41	TelYs	80924	revT
ERR20616241600	Chr1	100.000	41	0	1	41	89312	89272	6.66e-15	41	TelYs	89224	revT
ERR20616241600	Chr1	100.000	41	0	1	41	97625	97585	6.66e-15	41	TelYs	97537	revT
ERR20616241600	Chr1	100.000	41	0	1	41	105936	105896	6.66e-15	41	TelYs	105848	revT
ERR20616241600	Chr1	100.000	41	0	1	41	124176	124136	6.66e-15	41	TelYs	124088	revT
ERR20616241600	Chr1	100.000	41	0	1	41	132333	132293	6.66e-15	41	TelYs	132245	revT
ERR20616241600	Chr1	100.000	41	0	1	41	140584	140544	6.66e-15	41	TelYs	140496	revT
ERR20616241600	Chr1	100.000	41	0	1	41	148831	148791	6.66e-15	41	TelYs	148743	revT
ERR20616241600	Chr1	100.000	41	0	1	41	157045	157005	6.66e-15	41	TelYs	156957	revT
ERR20616241600	Chr1	100.000	41	0	1	41	165262	165222	6.66e-15	41	TelYs	165174	revT
ERR20616241600	Chr1	100.000	41	0	1	41	173517	173477	6.66e-15	41	TelYs	173429	revT
ERR20616241600	Chr1	100.000	41	0	1	41	181747	181707	6.66e-15	41	TelYs	181659	revT
ERR20616241600	Chr1	100.000	41	0	1	41	198344	198304	6.66e-15	41	TelYs	198256	revT
ERR20616241600	Chr1	100.000	41	0	1	41	206560	206520	6.66e-15	41	TelYs	206472	revT
ERR20616241600	Chr1	100.000	41	0	1	41	214793	214753	6.66e-15	41	TelYs	214705	revT
ERR20616241600	Chr1	100.000	41	0	1	41	223028	222988	6.66e-15	41	TelYs	222940	revT
ERR20616241600	Chr1	100.000	41	0	1	41	231332	231292	6.66e-15	41	TelYs	231244	revT
ERR20616241600	Chr1	100.000	41	0	1	41	239631	239591	6.66e-15	41	TelYs	239543	revT
ERR20616241600	Chr1	100.000	41	0	1	41	247935	247895	6.66e-15	41	TelYs	247847	revT
ERR20616241600	Chr1	100.000	41	0	1	41	256237	256197	6.66e-15	41	TelYs	256149	revT
ERR20616241600	Chr1	100.000	41	0	1	41	264537	264497	6.66e-15	41	TelYs	264449	revT
ERR20616241600	Chr1	100.000	41	0	1	41	272840	272800	6.66e-15	41	TelYs	272752	revT
ERR20616241600	Chr1	100.000	41	0	1	41	289452	289412	6.66e-15	41	TelYs	289364	revT
ERR20616241600	Chr1	100.000	40	0	2	41	281141	281102	2.40e-14	41	TelYs	281054	revT
ERR20616246832	Chr3	100.000	60	0	1	60	15600	15541	3.56e-25	60	TelYs	15493	revT
ERR20616246832	Chr3	100.000	60	0	1	60	16535	16476	3.56e-25	60	TelYs	16428	revT
ERR20616246832	Chr3	100.000	60	0	1	60	17471	17412	3.56e-25	60	TelYs	17364	revT
ERR20616246832	Chr3	100.000	60	0	1	60	18407	18348	3.56e-25	60	TelYs	18300	revT
ERR20616246832	Chr3	100.000	60	0	1	60	20279	20220	3.56e-25	60	TelYs	20172	revT
ERR20616246832	Chr3	100.000	60	0	1	60	21213	21154	3.56e-25	60	TelYs	21106	revT
ERR20616246832	Chr3	100.000	60	0	1	60	22147	22088	3.56e-25	60	TelYs	22040	revT
ERR20616246832	Chr3	100.000	60	0	1	60	23082	23023	3.56e-25	60	TelYs	22975	revT
ERR20616246832	Chr3	100.000	60	0	1	60	24017	23958	3.56e-25	60	TelYs	23910	revT
ERR20616246832	Chr3	100.000	60	0	1	60	24951	24892	3.56e-25	60	TelYs	24844	revT
ERR20616246832	Chr3	100.000	60	0	1	60	25884	25825	3.56e-25	60	TelYs	25777	revT
ERR20616246832	Chr3	100.000	60	0	1	60	26820	26761	3.56e-25	60	TelYs	26713	revT
ERR20616246832	Chr3	100.000	60	0	1	60	27753	27694	3.56e-25	60	TelYs	27646	revT
ERR20616246832	Chr3	100.000	60	0	1	60	28689	28630	3.56e-25	60	TelYs	28582	revT
ERR20616246832	Chr3	100.000	60	0	1	60	29624	29565	3.56e-25	60	TelYs	29517	revT
ERR20616246832	Chr3	100.000	60	0	1	60	30558	30499	3.56e-25	60	TelYs	30451	revT
ERR20616246832	Chr3	100.000	60	0	1	60	31493	31434	3.56e-25	60	TelYs	31386	revT
ERR20616246832	Chr3	100.000	60	0	1	60	33344	33285	3.56e-25	60	TelYs	33237	revT
ERR20616246832	Chr3	100.000	60	0	1	60	38004	37945	3.56e-25	60	TelYs	37897	revT
ERR20616246832	Chr3	100.000	60	0	1	60	40803	40744	3.56e-25	60	TelYs	40696	revT
ERR20616246832	Chr3	100.000	60	0	1	60	41737	41678	3.56e-25	60	TelYs	41630	revT
ERR20616246832	Chr3	100.000	60	0	1	60	44535	44476	3.56e-25	60	TelYs	44428	revT
ERR20616246832	Chr3	100.000	60	0	1	60	45467	45408	3.56e-25	60	TelYs	45360	revT
ERR20616246832	Chr3	100.000	60	0	1	60	49198	49139	3.56e-25	60	TelYs	49091	revT
ERR20616246832	Chr3	100.000	60	0	1	60	51997	51938	3.56e-25	60	TelYs	51890	revT
ERR20616246832	Chr3	100.000	60	0	1	60	52929	52870	3.56e-25	60	TelYs	52822	revT
ERR20616246832	Chr3	100.000	60	0	1	60	53862	53803	3.56e-25	60	TelYs	53755	revT
ERR20616246832	Chr3	98.333	60	0	1	60	19344	19286	5.96e-23	60	TelYs	19238	revT
ERR20616246832	Chr3	98.333	60	0	1	60	32420	32362	5.96e-23	60	TelYs	32314	revT
ERR20616246832	Chr3	98.333	60	0	1	60	34273	34215	5.96e-23	60	TelYs	34167	revT
ERR20616246832	Chr3	98.333	60	0	1	60	35204	35146	5.96e-23	60	TelYs	35098	revT
ERR20616246832	Chr3	98.333	60	0	1	60	36136	36078	5.96e-23	60	TelYs	36030	revT
ERR20616246832	Chr3	98.333	60	0	1	60	37070	37012	5.96e-23	60	TelYs	36964	revT
ERR20616246832	Chr3	98.333	60	0	1	60	38937	38879	5.96e-23	60	TelYs	38831	revT
ERR20616246832	Chr3	98.333	60	0	1	60	39869	39811	5.96e-23	60	TelYs	39763	revT
ERR20616246832	Chr3	98.333	60	0	1	60	42669	42611	5.96e-23	60	TelYs	42563	revT
ERR20616246832	Chr3	98.333	60	0	1	60	43602	43544	5.96e-23	60	TelYs	43496	revT
ERR20616246832	Chr3	98.333	60	0	1	60	46399	46341	5.96e-23	60	TelYs	46293	revT
ERR20616246832	Chr3	98.333	60	0	1	60	47332	47274	5.96e-23	60	TelYs	47226	revT
ERR20616246832	Chr3	98.333	60	0	1	60	48265	48207	5.96e-23	60	TelYs	48159	revT
ERR20616246832	Chr3	98.333	60	0	1	60	50131	50073	5.96e-23	60	TelYs	50025	revT
ERR20616246832	Chr3	98.333	60	0	1	60	51063	51005	5.96e-23	60	TelYs	50957	revT
ERR206162411072	Chr3	97.674	43	1	5	47	3092964	3093006	3.12e-14	47	TelYs	3092958	revF
ERR20616248824	Chr1	100.000	60	0	1	60	6997	6938	3.56e-25	60	TelYs	6890	revT
ERR20616248824	Chr1	100.000	60	0	1	60	15209	15150	3.56e-25	60	TelYs	15102	revT
ERR20616248824	Chr1	100.000	60	0	1	60	23470	23411	3.56e-25	60	TelYs	23363	revT
ERR20616248824	Chr1	100.000	60	0	1	60	31735	31676	3.56e-25	60	TelYs	31628	revT
ERR20616248824	Chr1	100.000	60	0	1	60	39955	39896	3.56e-25	60	TelYs	39848	revT
ERR20616248824	Chr1	100.000	60	0	1	60	48150	48091	3.56e-25	60	TelYs	48043	revT
ERR20616248824	Chr1	100.000	60	0	1	60	56420	56361	3.56e-25	60	TelYs	56313	revT
ERR20616248824	Chr1	100.000	60	0	1	60	64681	64622	3.56e-25	60	TelYs	64574	revT
ERR20616248824	Chr1	100.000	60	0	1	60	72967	72908	3.56e-25	60	TelYs	72860	revT
ERR20616248824	Chr1	100.000	60	0	1	60	81069	81010	3.56e-25	60	TelYs	80962	revT
ERR20616248824	Chr1	100.000	60	0	1	60	89369	89310	3.56e-25	60	TelYs	89262	revT
ERR20616248824	Chr1	100.000	60	0	1	60	97682	97623	3.56e-25	60	TelYs	97575	revT
ERR20616248824	Chr1	100.000	60	0	1	60	105993	105934	3.56e-25	60	TelYs	105886	revT
ERR20616248824	Chr1	100.000	60	0	1	60	124233	124174	3.56e-25	60	TelYs	124126	revT
ERR20616248824	Chr1	100.000	60	0	1	60	132390	132331	3.56e-25	60	TelYs	132283	revT
ERR20616248824	Chr1	100.000	60	0	1	60	140641	140582	3.56e-25	60	TelYs	140534	revT
ERR20616248824	Chr1	100.000	60	0	1	60	148888	148829	3.56e-25	60	TelYs	148781	revT
ERR20616248824	Chr1	100.000	60	0	1	60	157102	157043	3.56e-25	60	TelYs	156995	revT
ERR20616248824	Chr1	100.000	60	0	1	60	165319	165260	3.56e-25	60	TelYs	165212	revT
ERR20616248824	Chr1	100.000	60	0	1	60	173574	173515	3.56e-25	60	TelYs	173467	revT
ERR20616248824	Chr1	100.000	60	0	1	60	181804	181745	3.56e-25	60	TelYs	181697	revT
ERR20616248824	Chr1	100.000	60	0	1	60	198401	198342	3.56e-25	60	TelYs	198294	revT
ERR20616248824	Chr1	100.000	60	0	1	60	214850	214791	3.56e-25	60	TelYs	214743	revT
ERR20616248824	Chr1	100.000	60	0	1	60	223085	223026	3.56e-25	60	TelYs	222978	revT
ERR20616248824	Chr1	100.000	60	0	1	60	231389	231330	3.56e-25	60	TelYs	231282	revT
ERR20616248824	Chr1	100.000	60	0	1	60	239688	239629	3.56e-25	60	TelYs	239581	revT
ERR20616248824	Chr1	100.000	60	0	1	60	247992	247933	3.56e-25	60	TelYs	247885	revT
ERR20616248824	Chr1	100.000	60	0	1	60	256294	256235	3.56e-25	60	TelYs	256187	revT
ERR20616248824	Chr1	100.000	60	0	1	60	264594	264535	3.56e-25	60	TelYs	264487	revT
ERR20616248824	Chr1	100.000	60	0	1	60	272897	272838	3.56e-25	60	TelYs	272790	revT
ERR20616248824	Chr1	100.000	60	0	1	60	289509	289450	3.56e-25	60	TelYs	289402	revT
ERR20616248824	Chr1	98.361	61	0	1	60	206618	206558	1.66e-23	60	TelYs	206510	revT
ERR20616248824	Chr1	98.333	60	1	1	60	281199	281140	1.66e-23	60	TelYs	281092	revT
ERR20616245928	Chr8	100.000	60	0	1	60	1989	1930	3.56e-25	60	TelYs	1882	revT
ERR20616245928	Chr8	100.000	60	0	1	60	12191	12132	3.56e-25	60	TelYs	12084	revT
ERR20616245928	Chr8	100.000	60	0	1	60	1846985	1847044	3.56e-25	60	TelYs	1846996	revF
ERR20616245928	Chr8	100.000	60	0	1	60	1852117	1852176	3.56e-25	60	TelYs	1852128	revF
ERR20616245928	Chr8	100.000	60	0	1	60	1867344	1867403	3.56e-25	60	TelYs	1867355	revF
ERR20616245928	Chr8	98.361	61	0	1	60	7156	7096	1.66e-23	60	TelYs	7048	revT
ERR20616245928	Chr8	96.721	61	0	1	60	1857186	1857245	7.71e-22	60	TelYs	1857197	revF
ERR20616245928	Chr8	96.721	61	0	1	60	1862203	1862262	7.71e-22	60	TelYs	1862214	revF
ERR20616245928	Chr8	96.667	60	0	1	60	1872480	1872537	2.77e-21	60	TelYs	1872489	revF
ERR20616245928	Chr8	96.667	60	0	1	60	1877603	1877660	2.77e-21	60	TelYs	1877612	revF
ERR20616245928	Chr8	96.667	60	0	1	60	1882736	1882793	2.77e-21	60	TelYs	1882745	revF
ERR20616245928	Chr8	96.667	60	0	1	60	1887858	1887915	2.77e-21	60	TelYs	1887867	revF
ERR20616245928	Chr8	96.667	60	0	1	60	1892830	1892887	2.77e-21	60	TelYs	1892839	revF
ERR20616245928	Chr8	96.667	60	0	1	60	1897928	1897985	2.77e-21	60	TelYs	1897937	revF
ERR20616245928	Chr8	95.000	60	0	1	60	1902952	1903008	4.64e-19	60	TelYs	1902960	revF
ERR20616245928	Chr7	100.000	60	0	1	60	5309	5250	3.56e-25	60	TelYs	5202	revT
ERR20616245928	Chr7	100.000	60	0	1	60	4041279	4041338	3.56e-25	60	TelYs	4041290	revF
ERR20616245928	Chr7	100.000	60	0	1	60	4053777	4053836	3.56e-25	60	TelYs	4053788	revF
ERR20616245928	Chr7	98.361	61	0	1	60	286	226	1.66e-23	60	TelYs	178	revT
ERR20616245928	Chr7	98.361	61	0	1	60	4048741	4048801	1.66e-23	60	TelYs	4048753	revF
ERR20616245928	Chr7	98.361	61	0	1	60	4058932	4058992	1.66e-23	60	TelYs	4058944	revF
ERR20616245928	Chr7	98.361	61	0	1	60	4063962	4064022	1.66e-23	60	TelYs	4063974	revF
ERR20616245928	Chr7	98.333	60	0	1	60	4074078	4074136	5.96e-23	60	TelYs	4074088	revF
ERR20616245928	Chr7	98.333	60	0	1	60	4079070	4079128	5.96e-23	60	TelYs	4079080	revF
ERR20616245928	Chr7	96.667	60	0	1	60	4068973	4069030	2.77e-21	60	TelYs	4068982	revF
ERR20616245928	Chr6	100.000	60	0	1	60	5514	5455	3.56e-25	60	TelYs	5407	revT
ERR20616245928	Chr6	100.000	60	0	1	60	10545	10486	3.56e-25	60	TelYs	10438	revT
ERR20616245928	Chr6	100.000	60	0	1	60	15583	15524	3.56e-25	60	TelYs	15476	revT
ERR20616245928	Chr6	100.000	60	0	1	60	6107659	6107718	3.56e-25	60	TelYs	6107670	revF
ERR20616245928	Chr6	100.000	60	0	1	60	6112772	6112831	3.56e-25	60	TelYs	6112783	revF
ERR20616245928	Chr6	100.000	60	0	1	60	6117817	6117876	3.56e-25	60	TelYs	6117828	revF
ERR20616245928	Chr6	100.000	60	0	1	60	6122861	6122920	3.56e-25	60	TelYs	6122872	revF
ERR20616245928	Chr6	98.361	61	0	1	60	478	418	1.66e-23	60	TelYs	370	revT
ERR20616245928	Chr6	98.361	61	0	1	60	20607	20547	1.66e-23	60	TelYs	20499	revT
ERR20616245928	Chr6	98.361	61	0	1	60	6128023	6128083	1.66e-23	60	TelYs	6128035	revF
ERR20616245928	Chr6	98.361	61	0	1	60	6133061	6133121	1.66e-23	60	TelYs	6133073	revF
ERR20616245928	Chr5	100.000	60	0	1	60	313	254	3.56e-25	60	TelYs	206	revT
ERR20616245928	Chr5	100.000	60	0	1	60	4439665	4439724	3.56e-25	60	TelYs	4439676	revF
ERR20616245928	Chr5	98.361	61	0	1	60	4444703	4444763	1.66e-23	60	TelYs	4444715	revF
ERR20616245928	Chr5	98.361	61	0	1	60	4449743	4449803	1.66e-23	60	TelYs	4449755	revF
ERR20616245928	Chr5	98.361	61	0	1	60	4454787	4454847	1.66e-23	60	TelYs	4454799	revF
ERR20616245928	Chr5	98.361	61	0	1	60	4459835	4459895	1.66e-23	60	TelYs	4459847	revF
ERR20616245928	Chr4	100.000	60	0	1	60	10367	10308	3.56e-25	60	TelYs	10260	revT
ERR20616245928	Chr4	100.000	60	0	1	60	5398601	5398660	3.56e-25	60	TelYs	5398612	revF
ERR20616245928	Chr4	98.361	61	0	1	60	315	255	1.66e-23	60	TelYs	207	revT
ERR20616245928	Chr4	98.361	61	0	1	60	5338	5278	1.66e-23	60	TelYs	5230	revT
ERR20616245928	Chr4	98.361	61	0	1	60	5403652	5403712	1.66e-23	60	TelYs	5403664	revF
ERR20616245928	Chr4	98.361	61	0	1	60	5412903	5412963	1.66e-23	60	TelYs	5412915	revF
ERR20616245928	Chr3	100.000	60	0	1	60	4847	4788	3.56e-25	60	TelYs	4740	revT
ERR20616245928	Chr3	100.000	60	0	1	60	9835	9776	3.56e-25	60	TelYs	9728	revT
ERR20616245928	Chr3	100.000	60	0	1	60	8227411	8227470	3.56e-25	60	TelYs	8227422	revF
ERR20616245928	Chr3	100.000	60	0	1	60	8237457	8237516	3.56e-25	60	TelYs	8237468	revF
ERR20616245928	Chr3	98.361	61	0	1	60	8232420	8232480	1.66e-23	60	TelYs	8232432	revF
ERR20616245928	Chr2	100.000	60	0	1	60	5509	5450	3.56e-25	60	TelYs	5402	revT
ERR20616245928	Chr2	98.361	61	0	1	60	10536	10476	1.66e-23	60	TelYs	10428	revT
ERR20616245928	Chr2	98.361	61	0	1	60	7915146	7915206	1.66e-23	60	TelYs	7915158	revF
ERR20616245928	Chr2	96.667	60	0	1	60	468	411	2.77e-21	60	TelYs	363	revT
ERR20616245928	Chr1	100.000	60	0	1	60	6667904	6667963	3.56e-25	60	TelYs	6667915	revF
ERR20616245960	Chr8	100.000	55	0	4	58	1922	1976	2.14e-22	60	TelYs	1928	revF
ERR20616245960	Chr8	100.000	55	0	4	58	12124	12178	2.14e-22	60	TelYs	12130	revF
ERR20616245960	Chr8	100.000	55	0	4	58	1847052	1846998	2.14e-22	60	TelYs	1846950	revT
ERR20616245960	Chr8	100.000	55	0	4	58	1852184	1852130	2.14e-22	60	TelYs	1852082	revT
ERR20616245960	Chr8	100.000	55	0	4	58	1867411	1867357	2.14e-22	60	TelYs	1867309	revT
ERR20616245960	Chr8	98.214	56	0	4	58	7088	7143	9.97e-21	60	TelYs	7095	revF
ERR20616245960	Chr8	96.364	55	0	4	58	1892895	1892843	1.67e-18	60	TelYs	1892795	revT
ERR20616245960	Chr8	96.364	55	0	4	58	1897993	1897941	1.67e-18	60	TelYs	1897893	revT
ERR20616245960	Chr8	94.545	55	0	4	58	1903016	1902965	2.79e-16	60	TelYs	1902917	revT
ERR20616245960	Chr7	100.000	55	0	4	58	5242	5296	2.14e-22	60	TelYs	5248	revF
ERR20616245960	Chr7	100.000	55	0	4	58	4041346	4041292	2.14e-22	60	TelYs	4041244	revT
ERR20616245960	Chr7	100.000	55	0	4	58	4053844	4053790	2.14e-22	60	TelYs	4053742	revT
ERR20616245960	Chr7	98.214	56	0	4	58	218	273	9.97e-21	60	TelYs	225	revF
ERR20616245960	Chr7	98.214	56	0	4	58	4048809	4048754	9.97e-21	60	TelYs	4048706	revT
ERR20616245960	Chr7	98.214	56	0	4	58	4059000	4058945	9.97e-21	60	TelYs	4058897	revT
ERR20616245960	Chr7	98.214	56	0	4	58	4064030	4063975	9.97e-21	60	TelYs	4063927	revT
ERR20616245960	Chr7	98.182	55	0	4	58	4074144	4074091	3.59e-20	60	TelYs	4074043	revT
ERR20616245960	Chr7	98.182	55	0	4	58	4079136	4079083	3.59e-20	60	TelYs	4079035	revT
ERR20616245960	Chr7	96.364	55	0	4	58	4069038	4068986	1.67e-18	60	TelYs	4068938	revT
ERR20616245960	Chr6	100.000	55	0	4	58	5447	5501	2.14e-22	60	TelYs	5453	revF
ERR20616245960	Chr6	100.000	55	0	4	58	10478	10532	2.14e-22	60	TelYs	10484	revF
ERR20616245960	Chr6	100.000	55	0	4	58	15516	15570	2.14e-22	60	TelYs	15522	revF
ERR20616245960	Chr6	100.000	55	0	4	58	6107726	6107672	2.14e-22	60	TelYs	6107624	revT
ERR20616245960	Chr6	100.000	55	0	4	58	6112839	6112785	2.14e-22	60	TelYs	6112737	revT
ERR20616245960	Chr6	100.000	55	0	4	58	6117884	6117830	2.14e-22	60	TelYs	6117782	revT
ERR20616245960	Chr6	100.000	55	0	4	58	6122928	6122874	2.14e-22	60	TelYs	6122826	revT
ERR20616245960	Chr6	98.214	56	0	4	58	410	465	9.97e-21	60	TelYs	417	revF
ERR20616245960	Chr6	98.214	56	0	4	58	20539	20594	9.97e-21	60	TelYs	20546	revF
ERR20616245960	Chr6	98.214	56	0	4	58	6128091	6128036	9.97e-21	60	TelYs	6127988	revT
ERR20616245960	Chr6	98.214	56	0	4	58	6133129	6133074	9.97e-21	60	TelYs	6133026	revT
ERR20616245960	Chr5	100.000	55	0	4	58	246	300	2.14e-22	60	TelYs	252	revF
ERR20616245960	Chr5	100.000	55	0	4	58	4439732	4439678	2.14e-22	60	TelYs	4439630	revT
ERR20616245960	Chr5	98.214	56	0	4	58	4444771	4444716	9.97e-21	60	TelYs	4444668	revT
ERR20616245960	Chr5	98.214	56	0	4	58	4449811	4449756	9.97e-21	60	TelYs	4449708	revT
ERR20616245960	Chr5	98.214	56	0	4	58	4454855	4454800	9.97e-21	60	TelYs	4454752	revT
ERR20616245960	Chr5	98.214	56	0	4	58	4459903	4459848	9.97e-21	60	TelYs	4459800	revT
ERR20616245960	Chr4	100.000	55	0	4	58	10300	10354	2.14e-22	60	TelYs	10306	revF
ERR20616245960	Chr4	100.000	55	0	4	58	5398668	5398614	2.14e-22	60	TelYs	5398566	revT
ERR20616245960	Chr4	98.214	56	0	4	58	247	302	9.97e-21	60	TelYs	254	revF
ERR20616245960	Chr4	98.214	56	0	4	58	5270	5325	9.97e-21	60	TelYs	5277	revF
ERR20616245960	Chr4	98.214	56	0	4	58	5403720	5403665	9.97e-21	60	TelYs	5403617	revT
ERR20616245960	Chr4	98.214	56	0	4	58	5412971	5412916	9.97e-21	60	TelYs	5412868	revT
ERR20616245960	Chr3	100.000	55	0	4	58	4780	4834	2.14e-22	60	TelYs	4786	revF
ERR20616245960	Chr3	100.000	55	0	4	58	9768	9822	2.14e-22	60	TelYs	9774	revF
ERR20616245960	Chr3	100.000	55	0	4	58	8227478	8227424	2.14e-22	60	TelYs	8227376	revT
ERR20616245960	Chr3	100.000	55	0	4	58	8237524	8237470	2.14e-22	60	TelYs	8237422	revT
ERR20616245960	Chr3	98.214	56	0	4	58	8232488	8232433	9.97e-21	60	TelYs	8232385	revT
ERR20616245960	Chr2	100.000	55	0	4	58	5442	5496	2.14e-22	60	TelYs	5448	revF
ERR20616245960	Chr2	98.214	56	0	4	58	10468	10523	9.97e-21	60	TelYs	10475	revF
ERR20616245960	Chr2	98.214	56	0	4	58	7915214	7915159	9.97e-21	60	TelYs	7915111	revT
ERR20616245960	Chr2	96.364	55	0	4	58	403	455	1.67e-18	60	TelYs	407	revF
ERR20616245960	Chr1	100.000	55	0	4	58	6667971	6667917	2.14e-22	60	TelYs	6667869	revT
