aERR2061616_V6cut9208	MoTER2	100.000	36	0	0	1	36	55	90	1.33e-14	1723
aERR2061616_V6cut9212	MoTER2	100.000	36	0	0	1	36	90	55	1.33e-14	1723
aERR2061616_V6cut8284	MoTER2	97.101	69	2	0	1	69	55	123	3.37e-29	1723
aERR2061616_V6cut8284	MoTER1	95.652	69	3	0	1	69	55	123	1.57e-27	5034
aERR2061616_V6cut4588	MoTER2	100.000	32	0	0	1	32	86	55	1.82e-12	1723
aERR2061616_V6cut6348	MoTER2	100.000	30	0	0	1	30	84	55	2.09e-11	1723
aERR2061616_V6cut6284	MoTER2	100.000	30	0	0	1	30	84	55	2.09e-11	1723
aERR2061616_V6cut8244	MoTER2	100.000	31	0	0	1	31	85	55	6.18e-12	1723
aERR2061616_V6cut2120	MoTER2	100.000	31	0	0	1	31	85	55	6.18e-12	1723
aERR2061616_V6cut4976	MoTER2	100.000	67	0	0	24	90	785	851	2.65e-31	1723
aERR2061616_V6cut4976	MoTER1	100.000	67	0	0	24	90	785	851	2.65e-31	5034
aERR2061616_V6cut9708	MoTER2	100.000	31	0	0	1	31	85	55	6.18e-12	1723
aERR2061616_V6cut1500	MoTER2	100.000	31	0	0	1	31	85	55	6.18e-12	1723
aERR2061616_V6cut9016	MoTER2	100.000	31	0	0	1	31	85	55	6.18e-12	1723
aERR2061616_V6cut2564	MoTER1	100.000	28	0	0	1	28	1309	1282	2.88e-10	5034
aERR2061616_V6cut2564	MoTER1	100.000	28	0	0	1	28	1376	1349	2.88e-10	5034
aERR2061616_V6cut2448	MoTER2	100.000	33	0	0	1	33	87	55	5.34e-13	1723
aERR2061616_V6cut6960	MoTER2	100.000	33	0	0	1	33	87	55	5.34e-13	1723
aERR2061616_V6cut8992	MoTER2	100.000	33	0	0	1	33	87	55	5.34e-13	1723
aERR2061616_V6cut3812	MoTER2	100.000	34	0	0	1	34	88	55	1.56e-13	1723
aERR2061616_V6cut1520	MoTER2	100.000	34	0	0	1	34	88	55	1.56e-13	1723
aERR2061616_V6cut10092	MoTER2	100.000	35	0	0	1	35	89	55	4.57e-14	1723
aERR2061616_V6cut4608	MoTER2	100.000	35	0	0	1	35	89	55	4.57e-14	1723
aERR2061616_V6cut9812	MoTER2	100.000	36	0	0	1	36	90	55	1.33e-14	1723
aERR2061616_V6cut6352	MoTER2	100.000	30	0	0	1	30	55	84	2.09e-11	1723
aERR2061616_V6cut8260	MoTER2	100.000	39	0	0	1	39	55	93	3.25e-16	1723
aERR2061616_V6cut8260	MoTER1	97.436	39	1	0	1	39	55	93	1.51e-14	5034
aERR2061616_V6cut5588	MoTER2	100.000	37	0	0	1	37	55	91	3.87e-15	1723
aERR2061616_V6cut8988	MoTER2	100.000	33	0	0	1	33	55	87	5.91e-13	1723
aERR2061616_V6cut9892	MoTER2	100.000	35	0	0	1	35	55	89	4.57e-14	1723
aERR2061616_V6cut6700	MoTER1	98.901	91	1	0	1	91	2653	2563	5.69e-43	5034
aERR2061616_V6cut8108	MoTER2	100.000	33	0	0	1	33	55	87	5.34e-13	1723
aERR2061616_V6cut848	MoTER2	100.000	30	0	0	1	30	55	84	2.09e-11	1723
aERR2061616_V6cut960	MoTER2	100.000	34	0	0	1	34	55	88	1.64e-13	1723
aERR2061616_V6cut7156	MoTER2	98.361	61	1	0	1	61	115	55	1.64e-26	1723
aERR2061616_V6cut7156	MoTER1	96.721	61	2	0	1	61	115	55	7.62e-25	5034
