ER2061615_V610088	MoTER2	100.000	48	0	0	22	69	1555	1602	6.96e-21	69
ER2061615_V61500	MoTER2	100.000	56	0	0	16	71	1555	1610	2.58e-25	71
ER2061615_V610060	MoTER2	100.000	51	0	0	22	72	1555	1605	1.58e-22	72
ER2061615_V61512	MoTER2	98.630	73	0	1	27	99	1555	1626	2.27e-32	99
ER2061615_V6612	MoTER1	100.000	37	0	0	1	37	1852	1816	3.87e-15	37
ER2061615_V67688	MoTER1	100.000	42	0	0	1	42	4333	4292	7.82e-18	42
ER2061615_V63832	MoTER1	100.000	30	0	0	1	30	1845	1816	2.09e-11	30
ER2061615_V68192	MoTER2	100.000	31	0	0	1	31	31	1	6.18e-12	31
ER2061615_V68192	MoTER1	100.000	31	0	0	1	31	37	7	6.18e-12	31
ER2061615_V6168	MoTER1	100.000	32	0	0	1	32	1847	1816	1.82e-12	32
ER2061615_V65124	MoTER1	100.000	85	0	0	1	85	1700	1616	3.24e-41	109
ER2061615_V63864	MoTER2	100.000	87	0	0	1	87	336	250	2.02e-42	90
ER2061615_V63864	MoTER1	100.000	87	0	0	1	87	336	250	2.02e-42	90
ER2061615_V63400	MoTER1	100.000	69	0	0	1	69	4523	4455	1.48e-32	69
