ER2061622_V64424	MoTER2	97.436	39	1	0	1	39	69	31	8.43e-16	1723
ER2061622_V64424	MoTER2	100.000	33	0	0	7	39	33	1	3.92e-14	1723
ER2061622_V64424	MoTER2	96.970	33	1	0	7	39	39	7	1.83e-12	1723
ER2061622_V64424	MoTER2	96.970	33	1	0	7	39	45	13	1.83e-12	1723
ER2061622_V64424	MoTER2	96.970	33	1	0	7	39	51	19	1.83e-12	1723
ER2061622_V64424	MoTER2	96.970	33	1	0	7	39	57	25	1.83e-12	1723
ER2061622_V64424	MoTER1	100.000	33	0	0	7	39	39	7	3.92e-14	5034
ER2061622_V64424	MoTER1	94.872	39	2	0	1	39	69	31	3.92e-14	5034
ER2061622_V64424	MoTER1	96.970	33	1	0	7	39	45	13	1.83e-12	5034
ER2061622_V64424	MoTER1	96.970	33	1	0	7	39	51	19	1.83e-12	5034
ER2061622_V64424	MoTER1	96.970	33	1	0	7	39	57	25	1.83e-12	5034
ER2061622_V63332	MoTER2	100.000	39	0	0	1	39	1680	1718	1.81e-17	1723
ER2061622_V63332	MoTER1	100.000	39	0	0	1	39	4991	5029	1.81e-17	5034
ER2061622_V62116	MoTER2	100.000	39	0	0	1	39	1680	1718	1.81e-17	1723
ER2061622_V62116	MoTER1	100.000	39	0	0	1	39	4991	5029	1.81e-17	5034
