ER2061612_V66736	MoTER1	98.780	82	1	0	1	82	1337	1256	5.06e-38	82
ER2061612_V66736	MoTER1	97.183	71	2	0	12	82	1393	1323	3.06e-30	82
ER2061612_V66704	MoTER1	98.684	76	1	0	1	76	1331	1256	9.96e-35	76
ER2061612_V66704	MoTER1	97.183	71	2	0	6	76	1393	1323	2.79e-30	76
ER2061612_V66612	MoTER1	100.000	47	0	0	1	47	1302	1256	1.53e-20	47
ER2061612_V62428	MoTER1	98.795	83	1	0	1	83	1256	1338	1.43e-38	83
ER2061612_V62428	MoTER1	97.183	71	2	0	1	71	1323	1393	3.11e-30	83
ER2061612_V6772	MoTER2	100.000	31	0	0	1	31	31	1	6.18e-12	31
ER2061612_V6772	MoTER1	100.000	31	0	0	1	31	37	7	6.18e-12	31
ER2061612_V62676	MoTER2	100.000	31	0	0	1	31	85	55	6.18e-12	31
ER2061612_V61576	MoTER2	100.000	32	0	0	1	32	86	55	1.82e-12	32
ER2061612_V62756	MoTER2	100.000	32	0	0	1	32	86	55	1.82e-12	32
ER2061612_V65180	MoTER2	100.000	30	0	0	1	30	90	61	2.09e-11	30
ER2061612_V63028	MoTER2	100.000	33	0	0	1	33	87	55	5.34e-13	33
ER2061612_V66520	MoTER2	100.000	33	0	0	1	33	87	55	5.34e-13	33
ER2061612_V67240	MoTER2	100.000	33	0	0	1	33	87	55	5.34e-13	33
ER2061612_V64220	MoTER2	100.000	34	0	0	1	34	88	55	1.56e-13	34
ER2061612_V64792	MoTER2	100.000	34	0	0	1	34	88	55	1.56e-13	34
ER2061612_V66412	MoTER2	100.000	29	0	0	1	29	83	55	7.06e-11	29
ER2061612_V65772	MoTER2	100.000	34	0	0	1	34	88	55	1.56e-13	34
ER2061612_V64316	MoTER2	100.000	36	0	0	1	36	90	55	1.33e-14	36
ER2061612_V64132	MoTER2	100.000	36	0	0	1	36	90	55	1.33e-14	36
ER2061612_V66112	MoTER2	100.000	37	0	0	1	37	91	55	3.87e-15	37
ER2061612_V64344	MoTER2	100.000	37	0	0	1	37	91	55	3.87e-15	37
ER2061612_V63372	MoTER2	100.000	37	0	0	1	37	91	55	3.87e-15	37
ER2061612_V65876	MoTER2	97.297	37	1	0	1	37	67	31	1.80e-13	37
ER2061612_V65876	MoTER2	100.000	33	0	0	5	37	33	1	6.47e-13	37
ER2061612_V65876	MoTER2	96.970	33	1	0	5	37	39	7	3.01e-11	37
ER2061612_V65876	MoTER2	96.970	33	1	0	5	37	45	13	3.01e-11	37
ER2061612_V65876	MoTER2	96.970	33	1	0	5	37	51	19	3.01e-11	37
ER2061612_V65876	MoTER2	96.970	33	1	0	5	37	57	25	3.01e-11	37
ER2061612_V65876	MoTER1	100.000	33	0	0	5	37	39	7	6.47e-13	37
ER2061612_V65876	MoTER1	97.059	34	1	0	4	37	64	31	8.37e-12	37
ER2061612_V65876	MoTER1	96.970	33	1	0	5	37	45	13	3.01e-11	37
ER2061612_V65876	MoTER1	96.970	33	1	0	5	37	51	19	3.01e-11	37
ER2061612_V65876	MoTER1	96.970	33	1	0	5	37	57	25	3.01e-11	37
ER2061612_V65176	MoTER2	100.000	31	0	0	1	31	61	91	1.75e-11	63
ER2061612_V62880	MoTER2	100.000	35	0	0	1	35	55	89	4.78e-14	36
ER2061612_V64136	MoTER2	100.000	29	0	0	1	29	83	55	7.06e-11	29
ER2061612_V62768	MoTER2	100.000	28	0	0	1	28	82	55	2.37e-10	28
ER2061612_V65900	MoTER2	100.000	31	0	0	1	31	55	85	6.18e-12	31
ER2061612_V64248	MoTER2	100.000	31	0	0	1	31	55	85	6.18e-12	31
ER2061612_V65880	MoTER2	97.297	37	1	0	1	37	31	67	1.88e-13	38
ER2061612_V65880	MoTER2	100.000	33	0	0	1	33	1	33	6.75e-13	38
ER2061612_V65880	MoTER2	96.970	33	1	0	1	33	7	39	3.14e-11	38
ER2061612_V65880	MoTER2	96.970	33	1	0	1	33	13	45	3.14e-11	38
ER2061612_V65880	MoTER2	96.970	33	1	0	1	33	19	51	3.14e-11	38
ER2061612_V65880	MoTER2	96.970	33	1	0	1	33	25	57	3.14e-11	38
ER2061612_V65880	MoTER1	100.000	33	0	0	1	33	7	39	6.75e-13	38
ER2061612_V65880	MoTER1	97.059	34	1	0	1	34	31	64	8.73e-12	38
ER2061612_V65880	MoTER1	96.970	33	1	0	1	33	13	45	3.14e-11	38
ER2061612_V65880	MoTER1	96.970	33	1	0	1	33	19	51	3.14e-11	38
ER2061612_V65880	MoTER1	96.970	33	1	0	1	33	25	57	3.14e-11	38
ER2061612_V67172	MoTER2	100.000	34	0	0	1	34	55	88	1.64e-13	35
ER2061612_V67428	MoTER2	100.000	29	0	0	1	29	55	83	7.06e-11	29
ER2061612_V62200	MoTER2	98.333	60	1	0	1	60	114	55	5.76e-26	60
ER2061612_V62200	MoTER1	96.667	60	2	0	1	60	114	55	2.68e-24	60
ER2061612_V65844	MoTER2	100.000	34	0	0	1	34	55	88	1.56e-13	34
ER2061612_V66536	MoTER2	95.652	46	2	0	1	46	76	31	1.16e-16	46
