ER2061611_V69368	MoTER2	100.000	31	0	0	1	31	85	55	3.81e-13	31
ER2061611_V61688	MoTER2	100.000	29	0	0	1	29	83	55	4.46e-12	29
ER2061611_V6684	MoTER2	100.000	28	0	0	1	28	82	55	1.52e-11	28
ER2061611_V6724	MoTER2	100.000	28	0	0	1	28	82	55	1.52e-11	28
ER2061611_V69256	MoTER2	100.000	28	0	0	1	28	82	55	1.52e-11	28
ER2061611_V66232	MoTER2	100.000	36	0	0	1	36	55	90	7.53e-16	36
ER2061611_V64188	MoTER2	100.000	37	0	0	1	37	91	55	2.18e-16	37
ER2061611_V6420	MoTER2	100.000	36	0	0	1	36	90	55	7.53e-16	36
ER2061611_V69424	MoTER2	100.000	36	0	0	1	36	90	55	7.53e-16	36
ER2061611_V610356	MoTER2	100.000	35	0	0	1	35	89	55	2.60e-15	35
ER2061611_V67640	MoTER2	100.000	34	0	0	1	34	88	55	8.96e-15	34
ER2061611_V611296	MoTER2	93.617	47	3	0	1	47	55	101	1.05e-16	56
ER2061611_V611296	MoTER2	100.000	30	0	0	27	56	101	72	2.93e-12	56
ER2061611_V611296	MoTER1	100.000	30	0	0	27	56	101	72	2.93e-12	56
ER2061611_V65972	MoTER2	100.000	28	0	0	1	28	55	82	1.52e-11	28
ER2061611_V65052	MoTER2	100.000	28	0	0	1	28	55	82	1.52e-11	28
ER2061611_V65184	MoTER2	100.000	30	0	0	1	30	55	84	1.30e-12	30
ER2061611_V65044	MoTER2	100.000	32	0	0	1	32	55	86	1.11e-13	32
ER2061611_V610400	MoTER2	100.000	34	0	0	1	34	55	88	8.96e-15	34
ER2061611_V6584	MoTER2	100.000	32	0	0	1	32	87	118	1.11e-13	32
ER2061611_V6584	MoTER1	100.000	32	0	0	1	32	87	118	1.11e-13	32
ER2061611_V63436	MoTER2	100.000	35	0	0	1	35	55	89	2.60e-15	35
ER2061611_V62184	MoTER1	100.000	102	0	0	1	102	4571	4470	5.54e-52	102
ER2061611_V63568	MoTER2	100.000	34	0	0	1	34	55	88	9.35e-15	35
ER2061611_V61684	MoTER2	100.000	29	0	0	1	29	55	83	4.46e-12	29
ER2061611_V6696	MoTER2	100.000	36	0	0	6	41	36	71	9.03e-16	41
ER2061611_V6696	MoTER2	96.970	33	1	0	1	33	1	33	1.96e-12	41
ER2061611_V6696	MoTER2	100.000	28	0	0	6	33	12	39	2.53e-11	41
ER2061611_V6696	MoTER2	100.000	28	0	0	6	33	18	45	2.53e-11	41
ER2061611_V6696	MoTER2	100.000	28	0	0	6	33	24	51	2.53e-11	41
ER2061611_V6696	MoTER2	100.000	28	0	0	6	33	30	57	2.53e-11	41
ER2061611_V6696	MoTER1	97.222	36	1	0	6	41	36	71	4.20e-14	41
ER2061611_V6696	MoTER1	96.970	33	1	0	1	33	7	39	1.96e-12	41
ER2061611_V6696	MoTER1	100.000	28	0	0	6	33	18	45	2.53e-11	41
ER2061611_V6696	MoTER1	100.000	28	0	0	6	33	24	51	2.53e-11	41
ER2061611_V6696	MoTER1	100.000	28	0	0	6	33	30	57	2.53e-11	41
ER2061611_V65348	MoTER2	100.000	70	0	0	1	70	786	717	2.31e-34	73
ER2061611_V65348	MoTER1	100.000	70	0	0	1	70	786	717	2.31e-34	73
