Chr1	MoTER1	97.990	3135	24	22	6663016	6666145	5034	1934	0.0	6668242
Chr1	MoTER1	91.790	1011	47	17	6666126	6667125	1923	938	0.0	6668242
Chr1	MoTER1	89.290	943	93	6	2285281	2286220	2441	3378	0.0	6668242
Chr1	MoTER1	94.228	641	27	8	6667453	6668084	640	1	0.0	6668242
Chr1	MoTER1	92.937	623	23	10	6666927	6667535	1089	474	0.0	6668242
Chr1	MoTER1	97.406	347	8	1	6666720	6667065	1393	1047	9.60e-168	6668242
Chr1	MoTER1	81.308	428	49	21	6666655	6667060	1326	908	5.00e-86	6668242
Chr1	MoTER1	79.508	366	43	14	6666786	6667125	1393	1034	6.70e-60	6668242
Chr1	MoTER1	89.286	112	9	2	6662285	6662393	5034	4923	1.50e-31	6668242
Chr1	MoTER1	92.941	85	6	0	6666927	6667011	993	909	1.17e-27	6668242
Chr1	MoTER1	88.000	75	8	1	6352948	6353021	4583	4657	1.54e-16	6668242
Chr1	MoTER1	96.000	25	1	0	6667535	6667559	501	477	0.012	6668242
Chr1	MoTER2	100.000	732	0	0	6662285	6663016	1723	992	0.0	6668242
Chr1	MoTER2	94.384	641	26	8	6667453	6668084	640	1	0.0	6668242
Chr1	MoTER2	96.339	437	10	4	6667104	6667535	909	474	0.0	6668242
Chr1	MoTER2	88.479	217	22	3	6662481	6662696	1274	1060	3.07e-68	6668242
Chr1	MoTER2	88.479	217	22	3	6662734	6662948	1527	1312	3.07e-68	6668242
Chr1	MoTER2	89.286	112	9	2	6663016	6663127	1723	1615	1.50e-31	6668242
Chr1	MoTER2	96.000	25	1	0	6667535	6667559	501	477	0.012	6668242
Chr2	MoTER1	98.238	3121	30	17	7910269	7913386	5032	1934	0.0	7915472
Chr2	MoTER1	98.177	3127	27	22	7269	10391	1934	5034	0.0	7915472
Chr2	MoTER1	98.022	3135	24	21	12295	15425	1934	5034	0.0	7915472
Chr2	MoTER1	98.788	2888	21	14	2193	5067	1934	4820	0.0	7915472
Chr2	MoTER1	91.881	1010	45	20	1216	2212	938	1923	0.0	7915472
Chr2	MoTER1	91.798	1012	45	18	6289	7288	938	1923	0.0	7915472
Chr2	MoTER1	91.798	1012	45	18	11315	12314	938	1923	0.0	7915472
Chr2	MoTER1	91.609	1013	45	20	7913367	7914366	1923	938	0.0	7915472
Chr2	MoTER1	93.634	644	28	11	7914694	7915328	640	1	0.0	7915472
Chr2	MoTER1	94.617	613	24	7	5357	5961	29	640	0.0	7915472
Chr2	MoTER1	94.417	609	22	10	10389	10987	34	640	0.0	7915472
Chr2	MoTER1	92.937	623	22	12	806	1413	474	1089	0.0	7915472
Chr2	MoTER1	92.788	624	22	12	7914168	7914776	1089	474	0.0	7915472
Chr2	MoTER1	92.788	624	22	12	5879	6487	474	1089	0.0	7915472
Chr2	MoTER1	92.788	624	22	12	10905	11513	474	1089	0.0	7915472
Chr2	MoTER1	88.889	612	25	18	320	888	29	640	0.0	7915472
Chr2	MoTER1	95.467	375	9	3	7913961	7914333	1393	1025	3.17e-168	7915472
Chr2	MoTER1	95.467	375	9	3	6322	6694	1025	1393	3.17e-168	7915472
Chr2	MoTER1	95.467	375	9	3	11348	11720	1025	1393	3.17e-168	7915472
Chr2	MoTER1	96.830	347	9	2	1275	1619	1047	1393	2.47e-164	7915472
Chr2	MoTER1	81.265	427	49	21	7913896	7914300	1326	909	2.13e-85	7915472
Chr2	MoTER1	81.265	427	49	21	6355	6759	909	1326	2.13e-85	7915472
Chr2	MoTER1	81.265	427	49	21	11381	11785	909	1326	2.13e-85	7915472
Chr2	MoTER1	79.564	367	41	15	7914027	7914366	1393	1034	7.95e-60	7915472
Chr2	MoTER1	79.564	367	41	15	6289	6628	1034	1393	7.95e-60	7915472
Chr2	MoTER1	79.564	367	41	15	11315	11654	1034	1393	7.95e-60	7915472
Chr2	MoTER1	78.962	366	43	16	1216	1553	1034	1393	6.19e-56	7915472
Chr2	MoTER1	93.701	127	5	2	1561	1684	1200	1326	1.75e-46	7915472
Chr2	MoTER1	99.038	104	0	1	215	318	4929	5031	6.28e-46	7915472
Chr2	MoTER1	99.029	103	0	1	5253	5355	4930	5031	2.26e-45	7915472
Chr2	MoTER1	92.941	85	6	0	7914168	7914252	993	909	1.39e-27	7915472
Chr2	MoTER1	92.941	85	6	0	1329	1413	909	993	1.39e-27	7915472
Chr2	MoTER1	92.941	85	6	0	6403	6487	909	993	1.39e-27	7915472
Chr2	MoTER1	92.941	85	6	0	11429	11513	909	993	1.39e-27	7915472
Chr2	MoTER1	96.000	25	1	0	7914776	7914800	501	477	0.014	7915472
Chr2	MoTER1	96.000	25	1	0	782	806	477	501	0.014	7915472
Chr2	MoTER1	96.000	25	1	0	5855	5879	477	501	0.014	7915472
Chr2	MoTER1	96.000	25	1	0	10881	10905	477	501	0.014	7915472
Chr2	MoTER2	93.789	644	27	11	7914694	7915328	640	1	0.0	7915472
Chr2	MoTER2	94.780	613	23	7	5357	5961	29	640	0.0	7915472
Chr2	MoTER2	94.581	609	21	10	10389	10987	34	640	0.0	7915472
Chr2	MoTER2	89.052	612	24	18	320	888	29	640	0.0	7915472
Chr2	MoTER2	95.186	457	15	5	806	1257	474	928	0.0	7915472
Chr2	MoTER2	96.339	437	10	4	7914345	7914776	909	474	0.0	7915472
Chr2	MoTER2	96.339	437	10	4	5879	6310	474	909	0.0	7915472
Chr2	MoTER2	96.339	437	10	4	10905	11336	474	909	0.0	7915472
Chr2	MoTER2	89.286	112	9	2	15314	15425	1615	1723	1.78e-31	7915472
Chr2	MoTER2	88.496	113	9	2	10279	10391	1615	1723	2.31e-30	7915472
Chr2	MoTER2	89.091	110	9	2	7910269	7910378	1721	1615	2.31e-30	7915472
Chr2	MoTER2	89.216	102	8	2	5254	5355	1622	1720	1.39e-27	7915472
Chr2	MoTER2	88.235	102	9	2	217	318	1622	1720	6.46e-26	7915472
Chr2	MoTER2	96.000	25	1	0	7914776	7914800	501	477	0.014	7915472
Chr2	MoTER2	96.000	25	1	0	782	806	477	501	0.014	7915472
Chr2	MoTER2	96.000	25	1	0	5855	5879	477	501	0.014	7915472
Chr2	MoTER2	96.000	25	1	0	10881	10905	477	501	0.014	7915472
Chr3	MoTER1	99.742	3102	3	4	8222548	8225645	5034	1934	0.0	8237918
Chr3	MoTER1	99.710	3103	2	6	8227562	8230659	5034	1934	0.0	8237918
Chr3	MoTER1	99.549	3102	5	8	11587	14680	1934	5034	0.0	8237918
Chr3	MoTER1	98.145	3127	27	23	8232572	8235693	5034	1934	0.0	8237918
Chr3	MoTER1	97.864	3136	25	25	6599	9727	1934	5034	0.0	8237918
Chr3	MoTER1	97.739	3140	27	27	1606	4740	1934	5034	0.0	8237918
Chr3	MoTER1	84.059	2503	351	34	7476284	7478750	2489	4979	0.0	8237918
Chr3	MoTER1	91.798	1012	46	17	8235674	8236674	1923	938	0.0	8237918
Chr3	MoTER1	91.798	1012	45	18	8225626	8226625	1923	938	0.0	8237918
Chr3	MoTER1	91.716	1014	43	23	8230640	8231640	1923	938	0.0	8237918
Chr3	MoTER1	92.608	974	39	14	5651	6618	977	1923	0.0	8237918
Chr3	MoTER1	92.600	973	39	14	660	1625	977	1923	0.0	8237918
Chr3	MoTER1	92.505	974	39	15	10640	11606	977	1923	0.0	8237918
Chr3	MoTER1	95.603	614	24	3	8226953	8227564	640	28	0.0	8237918
Chr3	MoTER1	95.106	613	25	3	8237003	8237610	640	28	0.0	8237918
Chr3	MoTER1	94.625	614	25	8	8231968	8232574	640	28	0.0	8237918
Chr3	MoTER1	92.937	623	22	11	218	825	474	1089	0.0	8237918
Chr3	MoTER1	92.937	623	22	11	5209	5816	474	1089	0.0	8237918
Chr3	MoTER1	92.937	623	22	11	10198	10805	474	1089	0.0	8237918
Chr3	MoTER1	92.788	624	22	12	8231442	8232050	1089	474	0.0	8237918
Chr3	MoTER1	92.788	624	22	12	8226427	8227035	1089	474	0.0	8237918
Chr3	MoTER1	92.640	625	23	12	8236475	8237085	1089	474	0.0	8237918
Chr3	MoTER1	93.750	560	21	10	9735	10280	81	640	0.0	8237918
Chr3	MoTER1	93.393	560	21	10	4748	5291	81	640	0.0	8237918
Chr3	MoTER1	88.203	551	57	7	7474658	7475203	1959	2506	0.0	8237918
Chr3	MoTER1	95.467	375	9	3	660	1032	1025	1393	3.30e-168	8237918
Chr3	MoTER1	95.467	375	9	3	5651	6023	1025	1393	3.30e-168	8237918
Chr3	MoTER1	95.467	375	9	3	10640	11012	1025	1393	3.30e-168	8237918
Chr3	MoTER1	95.467	375	9	3	8226220	8226592	1393	1025	3.30e-168	8237918
Chr3	MoTER1	97.406	347	8	1	8236268	8236613	1393	1047	1.19e-167	8237918
Chr3	MoTER1	95.213	376	9	4	8231234	8231607	1393	1025	1.53e-166	8237918
Chr3	MoTER1	89.562	297	31	0	7791799	7792095	3750	3454	1.00e-103	8237918
Chr3	MoTER1	81.308	428	49	21	8236203	8236608	1326	908	6.18e-86	8237918
Chr3	MoTER1	81.265	427	49	21	8226155	8226559	1326	909	2.22e-85	8237918
Chr3	MoTER1	81.075	428	49	22	8231169	8231574	1326	909	2.87e-84	8237918
Chr3	MoTER1	80.519	385	72	3	2824773	2825155	4657	4274	3.74e-78	8237918
Chr3	MoTER1	79.564	367	42	14	8236334	8236674	1393	1034	8.28e-60	8237918
Chr3	MoTER1	79.564	367	41	15	8226286	8226625	1393	1034	8.28e-60	8237918
Chr3	MoTER1	80.793	328	35	10	660	966	1073	1393	8.28e-60	8237918
Chr3	MoTER1	80.793	328	35	10	5651	5957	1073	1393	8.28e-60	8237918
Chr3	MoTER1	80.793	328	35	10	10640	10946	1073	1393	8.28e-60	8237918
Chr3	MoTER1	100.000	106	0	0	8237608	8237713	5034	4929	3.02e-49	8237918
Chr3	MoTER1	93.701	127	5	2	974	1097	1200	1326	1.82e-46	8237918
Chr3	MoTER1	93.701	127	5	2	5965	6088	1200	1326	1.82e-46	8237918
Chr3	MoTER1	93.701	127	5	2	10954	11077	1200	1326	1.82e-46	8237918
Chr3	MoTER1	85.890	163	16	7	166	324	477	636	2.37e-40	8237918
Chr3	MoTER1	85.517	145	20	1	157	300	496	640	2.38e-35	8237918
Chr3	MoTER1	92.941	85	6	0	741	825	909	993	1.45e-27	8237918
Chr3	MoTER1	92.941	85	6	0	8236475	8236559	993	909	1.45e-27	8237918
Chr3	MoTER1	92.941	85	6	0	5732	5816	909	993	1.45e-27	8237918
Chr3	MoTER1	92.941	85	6	0	8231442	8231526	993	909	1.45e-27	8237918
Chr3	MoTER1	92.941	85	6	0	10721	10805	909	993	1.45e-27	8237918
Chr3	MoTER1	92.941	85	6	0	8226427	8226511	993	909	1.45e-27	8237918
Chr3	MoTER1	100.000	28	0	0	3845949	3845976	40	13	6.92e-06	8237918
Chr3	MoTER1	100.000	28	0	0	3845949	3845976	46	19	6.92e-06	8237918
Chr3	MoTER1	100.000	28	0	0	3845949	3845976	52	25	6.92e-06	8237918
Chr3	MoTER1	100.000	28	0	0	3845949	3845976	58	31	6.92e-06	8237918
Chr3	MoTER1	96.000	25	1	0	194	218	477	501	0.015	8237918
Chr3	MoTER1	96.000	25	1	0	8237085	8237109	501	477	0.015	8237918
Chr3	MoTER1	96.000	25	1	0	5185	5209	477	501	0.015	8237918
Chr3	MoTER1	96.000	25	1	0	8232050	8232074	501	477	0.015	8237918
Chr3	MoTER1	96.000	25	1	0	10174	10198	477	501	0.015	8237918
Chr3	MoTER1	96.000	25	1	0	8227035	8227059	501	477	0.015	8237918
Chr3	MoTER2	95.765	614	23	3	8226953	8227564	640	28	0.0	8237918
Chr3	MoTER2	95.269	613	24	3	8237003	8237610	640	28	0.0	8237918
Chr3	MoTER2	94.797	615	22	8	8231968	8232574	640	28	0.0	8237918
Chr3	MoTER2	93.750	560	21	10	9735	10280	81	640	0.0	8237918
Chr3	MoTER2	93.393	560	21	10	4748	5291	81	640	0.0	8237918
Chr3	MoTER2	96.339	437	10	4	218	649	474	909	0.0	8237918
Chr3	MoTER2	96.339	437	10	4	5209	5640	474	909	0.0	8237918
Chr3	MoTER2	96.339	437	10	4	8231619	8232050	909	474	0.0	8237918
Chr3	MoTER2	96.339	437	10	4	10198	10629	474	909	0.0	8237918
Chr3	MoTER2	96.339	437	10	4	8226604	8227035	909	474	0.0	8237918
Chr3	MoTER2	96.119	438	10	5	8236653	8237085	909	474	0.0	8237918
Chr3	MoTER2	85.890	163	16	7	166	324	477	636	2.37e-40	8237918
Chr3	MoTER2	85.517	145	20	1	157	300	496	640	2.38e-35	8237918
Chr3	MoTER2	89.286	112	9	2	9616	9727	1615	1723	1.86e-31	8237918
Chr3	MoTER2	89.286	112	9	2	8227562	8227673	1723	1615	1.86e-31	8237918
Chr3	MoTER2	89.286	112	9	2	14569	14680	1615	1723	1.86e-31	8237918
Chr3	MoTER2	89.286	112	9	2	8222548	8222659	1723	1615	1.86e-31	8237918
Chr3	MoTER2	88.496	113	9	2	4628	4740	1615	1723	2.40e-30	8237918
Chr3	MoTER2	88.596	114	8	3	8232572	8232685	1723	1615	2.40e-30	8237918
Chr3	MoTER2	89.423	104	9	1	8237608	8237711	1723	1622	3.11e-29	8237918
Chr3	MoTER2	100.000	28	0	0	3845949	3845976	34	7	6.92e-06	8237918
Chr3	MoTER2	100.000	28	0	0	3845949	3845976	40	13	6.92e-06	8237918
Chr3	MoTER2	100.000	28	0	0	3845949	3845976	46	19	6.92e-06	8237918
Chr3	MoTER2	100.000	28	0	0	3845949	3845976	52	25	6.92e-06	8237918
Chr3	MoTER2	100.000	28	0	0	3845949	3845976	58	31	6.92e-06	8237918
Chr3	MoTER2	96.000	25	1	0	194	218	477	501	0.015	8237918
Chr3	MoTER2	96.000	25	1	0	8237085	8237109	501	477	0.015	8237918
Chr3	MoTER2	96.000	25	1	0	5185	5209	477	501	0.015	8237918
Chr3	MoTER2	96.000	25	1	0	8232050	8232074	501	477	0.015	8237918
Chr3	MoTER2	96.000	25	1	0	10174	10198	477	501	0.015	8237918
Chr3	MoTER2	96.000	25	1	0	8227035	8227059	501	477	0.015	8237918
Chr4	MoTER1	99.742	3103	2	5	5393745	5396843	5034	1934	0.0	5413369
Chr4	MoTER1	98.208	3125	27	21	5408022	5411141	5034	1934	0.0	5413369
Chr4	MoTER1	98.207	3124	28	20	5398770	5401888	5034	1934	0.0	5413369
Chr4	MoTER1	98.082	3128	27	24	2071	5192	1934	5034	0.0	5413369
Chr4	MoTER1	97.990	3134	24	22	7097	10226	1934	5032	0.0	5413369
Chr4	MoTER1	97.959	3135	24	23	12134	15264	1934	5032	0.0	5413369
Chr4	MoTER1	97.929	3138	24	24	5403793	5406926	5034	1934	0.0	5413369
Chr4	MoTER1	91.798	1012	46	17	11153	12153	938	1923	0.0	5413369
Chr4	MoTER1	91.708	1013	46	18	5401869	5402870	1923	938	0.0	5413369
Chr4	MoTER1	91.708	1013	45	19	1090	2090	938	1923	0.0	5413369
Chr4	MoTER1	91.708	1013	45	19	5411122	5412122	1923	938	0.0	5413369
Chr4	MoTER1	91.700	1012	47	18	5406907	5407907	1923	938	0.0	5413369
Chr4	MoTER1	91.700	1012	47	18	6116	7116	938	1923	0.0	5413369
Chr4	MoTER1	91.700	1012	47	18	5396824	5397824	1923	938	0.0	5413369
Chr4	MoTER1	94.127	630	27	8	5398152	5398771	640	11	0.0	5413369
Chr4	MoTER1	95.025	603	21	8	10228	10825	42	640	0.0	5413369
Chr4	MoTER1	94.737	608	22	8	5190	5788	34	640	0.0	5413369
Chr4	MoTER1	94.868	604	22	9	5403198	5403795	640	40	0.0	5413369
Chr4	MoTER1	93.002	643	29	11	133	762	1	640	0.0	5413369
Chr4	MoTER1	93.831	616	26	11	5412450	5413057	640	29	0.0	5413369
Chr4	MoTER1	92.937	623	23	10	5706	6314	474	1089	0.0	5413369
Chr4	MoTER1	92.937	623	23	10	5397626	5398234	1089	474	0.0	5413369
Chr4	MoTER1	92.788	624	23	11	5402671	5403280	1089	474	0.0	5413369
Chr4	MoTER1	92.788	624	23	12	10743	11352	474	1089	0.0	5413369
Chr4	MoTER1	92.788	624	22	12	680	1288	474	1089	0.0	5413369
Chr4	MoTER1	92.788	624	22	12	5411924	5412532	1089	474	0.0	5413369
Chr4	MoTER1	95.467	375	9	3	1123	1495	1025	1393	2.17e-168	5413369
Chr4	MoTER1	95.467	375	9	3	5411717	5412089	1393	1025	2.17e-168	5413369
Chr4	MoTER1	97.406	347	8	1	5407502	5407847	1393	1047	7.79e-168	5413369
Chr4	MoTER1	97.406	347	8	1	6176	6521	1047	1393	7.79e-168	5413369
Chr4	MoTER1	97.406	347	8	1	5402464	5402809	1393	1047	7.79e-168	5413369
Chr4	MoTER1	97.406	347	8	1	11214	11559	1047	1393	7.79e-168	5413369
Chr4	MoTER1	97.406	347	8	1	5397419	5397764	1393	1047	7.79e-168	5413369
Chr4	MoTER1	87.781	311	24	7	5407709	5408009	1089	783	4.00e-96	5413369
Chr4	MoTER1	81.308	428	49	21	5407437	5407842	1326	908	4.06e-86	5413369
Chr4	MoTER1	81.308	428	49	21	6181	6586	908	1326	4.06e-86	5413369
Chr4	MoTER1	81.308	428	49	21	5402399	5402804	1326	908	4.06e-86	5413369
Chr4	MoTER1	81.308	428	49	21	5397354	5397759	1326	908	4.06e-86	5413369
Chr4	MoTER1	81.265	427	49	21	1156	1560	909	1326	1.46e-85	5413369
Chr4	MoTER1	81.265	427	49	21	5411652	5412056	1326	909	1.46e-85	5413369
Chr4	MoTER1	81.265	427	49	21	11220	11624	909	1326	1.46e-85	5413369
Chr4	MoTER1	84.466	309	30	12	5393431	5393733	5033	4737	3.18e-77	5413369
Chr4	MoTER1	79.564	367	41	15	1090	1429	1034	1393	5.44e-60	5413369
Chr4	MoTER1	79.564	367	41	15	5411783	5412122	1393	1034	5.44e-60	5413369
Chr4	MoTER1	79.508	366	43	14	5407568	5407907	1393	1034	5.44e-60	5413369
Chr4	MoTER1	79.508	366	43	14	6116	6455	1034	1393	5.44e-60	5413369
Chr4	MoTER1	79.564	367	42	14	5402530	5402870	1393	1034	5.44e-60	5413369
Chr4	MoTER1	79.564	367	42	14	11153	11493	1034	1393	5.44e-60	5413369
Chr4	MoTER1	79.508	366	43	14	5397485	5397824	1393	1034	5.44e-60	5413369
Chr4	MoTER1	99.029	103	0	1	5413059	5413161	5031	4930	1.55e-45	5413369
Chr4	MoTER1	92.941	85	6	0	1204	1288	909	993	9.50e-28	5413369
Chr4	MoTER1	92.941	85	6	0	5411924	5412008	993	909	9.50e-28	5413369
Chr4	MoTER1	92.941	85	6	0	5407709	5407793	993	909	9.50e-28	5413369
Chr4	MoTER1	92.941	85	6	0	6230	6314	909	993	9.50e-28	5413369
Chr4	MoTER1	92.941	85	6	0	5402671	5402755	993	909	9.50e-28	5413369
Chr4	MoTER1	92.941	85	6	0	11268	11352	909	993	9.50e-28	5413369
Chr4	MoTER1	92.941	85	6	0	5397626	5397710	993	909	9.50e-28	5413369
Chr4	MoTER1	96.000	25	1	0	656	680	477	501	0.010	5413369
Chr4	MoTER1	96.000	25	1	0	5412532	5412556	501	477	0.010	5413369
Chr4	MoTER1	96.000	25	1	0	5682	5706	477	501	0.010	5413369
Chr4	MoTER1	96.000	25	1	0	5403280	5403304	501	477	0.010	5413369
Chr4	MoTER1	96.000	25	1	0	10719	10743	477	501	0.010	5413369
Chr4	MoTER1	96.000	25	1	0	5398234	5398258	501	477	0.010	5413369
Chr4	MoTER2	94.295	631	26	8	5398152	5398772	640	10	0.0	5413369
Chr4	MoTER2	95.191	603	20	8	10228	10825	42	640	0.0	5413369
Chr4	MoTER2	94.901	608	21	8	5190	5788	34	640	0.0	5413369
Chr4	MoTER2	95.033	604	21	9	5403198	5403795	640	40	0.0	5413369
Chr4	MoTER2	93.157	643	28	11	133	762	1	640	0.0	5413369
Chr4	MoTER2	93.994	616	25	11	5412450	5413057	640	29	0.0	5413369
Chr4	MoTER2	96.339	437	10	4	680	1111	474	909	0.0	5413369
Chr4	MoTER2	96.339	437	10	4	5412101	5412532	909	474	0.0	5413369
Chr4	MoTER2	96.339	437	10	4	5706	6137	474	909	0.0	5413369
Chr4	MoTER2	96.339	437	10	4	5402849	5403280	909	474	0.0	5413369
Chr4	MoTER2	96.339	437	10	4	10743	11174	474	909	0.0	5413369
Chr4	MoTER2	96.339	437	10	4	5397803	5398234	909	474	0.0	5413369
Chr4	MoTER2	92.188	128	5	3	5407886	5408009	909	783	2.59e-43	5413369
Chr4	MoTER2	89.286	112	9	2	5408022	5408133	1723	1615	1.22e-31	5413369
Chr4	MoTER2	89.286	112	9	2	5398770	5398881	1723	1615	1.22e-31	5413369
Chr4	MoTER2	89.286	112	9	2	5393745	5393856	1723	1615	1.22e-31	5413369
Chr4	MoTER2	88.496	113	9	3	5080	5192	1615	1723	1.58e-30	5413369
Chr4	MoTER2	88.496	113	9	2	5403793	5403905	1723	1615	1.58e-30	5413369
Chr4	MoTER2	89.091	110	9	2	10117	10226	1615	1721	1.58e-30	5413369
Chr4	MoTER2	89.091	110	9	2	15155	15264	1615	1721	1.58e-30	5413369
Chr4	MoTER2	88.073	109	10	2	5393431	5393538	1722	1616	2.64e-28	5413369
Chr4	MoTER2	89.216	102	8	2	5413059	5413160	1720	1622	9.50e-28	5413369
Chr4	MoTER2	96.000	25	1	0	656	680	477	501	0.010	5413369
Chr4	MoTER2	96.000	25	1	0	5412532	5412556	501	477	0.010	5413369
Chr4	MoTER2	96.000	25	1	0	5682	5706	477	501	0.010	5413369
Chr4	MoTER2	96.000	25	1	0	5403280	5403304	501	477	0.010	5413369
Chr4	MoTER2	96.000	25	1	0	10719	10743	477	501	0.010	5413369
Chr4	MoTER2	96.000	25	1	0	5398234	5398258	501	477	0.010	5413369
Chr5	MoTER1	98.239	3124	27	20	1989	5107	1934	5034	0.0	4460276
Chr5	MoTER1	98.143	3124	30	20	4439816	4442934	5034	1934	0.0	4460276
Chr5	MoTER1	98.082	3128	28	24	4444854	4447976	5034	1934	0.0	4460276
Chr5	MoTER1	97.803	3140	25	27	4454938	4458072	5034	1934	0.0	4460276
Chr5	MoTER1	97.803	3141	24	28	4449894	4453029	5034	1934	0.0	4460276
Chr5	MoTER1	98.475	2951	25	19	4434972	4437907	4879	1934	0.0	4460276
Chr5	MoTER1	94.536	1098	28	20	133	1207	1	1089	0.0	4460276
Chr5	MoTER1	91.798	1012	45	18	1009	2008	938	1923	0.0	4460276
Chr5	MoTER1	91.790	1011	47	17	4447957	4448956	1923	938	0.0	4460276
Chr5	MoTER1	91.790	1011	47	17	4437888	4438887	1923	938	0.0	4460276
Chr5	MoTER1	91.700	1012	47	18	4458053	4459053	1923	938	0.0	4460276
Chr5	MoTER1	91.708	1013	45	19	4442915	4443915	1923	938	0.0	4460276
Chr5	MoTER1	92.608	974	39	14	4453010	4453977	1923	977	0.0	4460276
Chr5	MoTER1	94.805	616	27	5	4444243	4444856	640	28	0.0	4460276
Chr5	MoTER1	94.617	613	24	8	4439215	4439818	640	28	0.0	4460276
Chr5	MoTER1	93.984	615	24	9	4454337	4454940	640	28	0.0	4460276
Chr5	MoTER1	93.700	619	27	10	4449284	4449896	640	28	0.0	4460276
Chr5	MoTER1	93.517	617	27	9	4459381	4459989	640	29	0.0	4460276
Chr5	MoTER1	92.937	623	23	10	4458855	4459463	1089	474	0.0	4460276
Chr5	MoTER1	92.937	623	22	11	4453812	4454419	1089	474	0.0	4460276
Chr5	MoTER1	92.937	623	23	10	4448758	4449366	1089	474	0.0	4460276
Chr5	MoTER1	92.937	623	23	10	4438689	4439297	1089	474	0.0	4460276
Chr5	MoTER1	92.788	624	22	12	4443717	4444325	1089	474	0.0	4460276
Chr5	MoTER1	95.467	375	9	3	1042	1414	1025	1393	1.78e-168	4460276
Chr5	MoTER1	95.467	375	9	3	4453605	4453977	1393	1025	1.78e-168	4460276
Chr5	MoTER1	95.467	375	9	3	4443510	4443882	1393	1025	1.78e-168	4460276
Chr5	MoTER1	97.406	347	8	1	4458648	4458993	1393	1047	6.42e-168	4460276
Chr5	MoTER1	97.406	347	8	1	4448551	4448896	1393	1047	6.42e-168	4460276
Chr5	MoTER1	97.406	347	8	1	4438482	4438827	1393	1047	6.42e-168	4460276
Chr5	MoTER1	88.506	348	34	5	4434750	4435094	5034	4690	1.15e-115	4460276
Chr5	MoTER1	81.308	428	49	21	4458583	4458988	1326	908	3.34e-86	4460276
Chr5	MoTER1	81.308	428	49	21	4448486	4448891	1326	908	3.34e-86	4460276
Chr5	MoTER1	81.308	428	49	21	4438417	4438822	1326	908	3.34e-86	4460276
Chr5	MoTER1	81.265	427	49	21	1075	1479	909	1326	1.20e-85	4460276
Chr5	MoTER1	81.265	427	49	21	4443445	4443849	1326	909	1.20e-85	4460276
Chr5	MoTER1	79.564	367	41	15	1009	1348	1034	1393	4.48e-60	4460276
Chr5	MoTER1	79.508	366	43	14	4458714	4459053	1393	1034	4.48e-60	4460276
Chr5	MoTER1	79.508	366	43	14	4448617	4448956	1393	1034	4.48e-60	4460276
Chr5	MoTER1	79.564	367	41	15	4443576	4443915	1393	1034	4.48e-60	4460276
Chr5	MoTER1	79.508	366	43	14	4438548	4438887	1393	1034	4.48e-60	4460276
Chr5	MoTER1	80.793	328	35	10	4453671	4453977	1393	1073	4.48e-60	4460276
Chr5	MoTER1	93.701	127	5	2	4453540	4453663	1326	1200	9.84e-47	4460276
Chr5	MoTER1	99.029	103	0	1	4459991	4460093	5031	4930	1.27e-45	4460276
Chr5	MoTER1	92.941	85	6	0	1123	1207	909	993	7.83e-28	4460276
Chr5	MoTER1	92.941	85	6	0	4458855	4458939	993	909	7.83e-28	4460276
Chr5	MoTER1	92.941	85	6	0	4453812	4453896	993	909	7.83e-28	4460276
Chr5	MoTER1	92.941	85	6	0	4448758	4448842	993	909	7.83e-28	4460276
Chr5	MoTER1	92.941	85	6	0	4443717	4443801	993	909	7.83e-28	4460276
Chr5	MoTER1	92.941	85	6	0	4438689	4438773	993	909	7.83e-28	4460276
Chr5	MoTER1	96.000	25	1	0	4459463	4459487	501	477	0.008	4460276
Chr5	MoTER1	96.000	25	1	0	4454419	4454443	501	477	0.008	4460276
Chr5	MoTER1	96.000	25	1	0	4449366	4449390	501	477	0.008	4460276
Chr5	MoTER1	96.000	25	1	0	4444325	4444349	501	477	0.008	4460276
Chr5	MoTER1	96.000	25	1	0	4439297	4439321	501	477	0.008	4460276
Chr5	MoTER2	96.707	911	15	12	133	1030	1	909	0.0	4460276
Chr5	MoTER2	94.968	616	26	5	4444243	4444856	640	28	0.0	4460276
Chr5	MoTER2	94.780	613	23	8	4439215	4439818	640	28	0.0	4460276
Chr5	MoTER2	94.146	615	23	9	4454337	4454940	640	28	0.0	4460276
Chr5	MoTER2	93.861	619	26	10	4449284	4449896	640	28	0.0	4460276
Chr5	MoTER2	93.679	617	26	9	4459381	4459989	640	29	0.0	4460276
Chr5	MoTER2	96.339	437	10	4	4459032	4459463	909	474	0.0	4460276
Chr5	MoTER2	96.339	437	10	4	4453988	4454419	909	474	0.0	4460276
Chr5	MoTER2	96.339	437	10	4	4448935	4449366	909	474	0.0	4460276
Chr5	MoTER2	96.339	437	10	4	4443894	4444325	909	474	0.0	4460276
Chr5	MoTER2	96.339	437	10	4	4438866	4439297	909	474	0.0	4460276
Chr5	MoTER2	89.286	112	9	2	4996	5107	1615	1723	1.01e-31	4460276
Chr5	MoTER2	89.286	112	9	2	4434750	4434861	1723	1615	1.01e-31	4460276
Chr5	MoTER2	88.496	113	9	2	4454938	4455050	1723	1615	1.30e-30	4460276
Chr5	MoTER2	88.496	113	9	2	4449894	4450006	1723	1615	1.30e-30	4460276
Chr5	MoTER2	88.496	113	9	2	4444854	4444966	1723	1615	1.30e-30	4460276
Chr5	MoTER2	89.216	102	8	2	4459991	4460092	1720	1622	7.83e-28	4460276
Chr5	MoTER2	86.607	112	11	3	4439816	4439926	1723	1615	1.01e-26	4460276
Chr5	MoTER2	96.000	25	1	0	4459463	4459487	501	477	0.008	4460276
Chr5	MoTER2	96.000	25	1	0	4454419	4454443	501	477	0.008	4460276
Chr5	MoTER2	96.000	25	1	0	4449366	4449390	501	477	0.008	4460276
Chr5	MoTER2	96.000	25	1	0	4444325	4444349	501	477	0.008	4460276
Chr5	MoTER2	96.000	25	1	0	4439297	4439321	501	477	0.008	4460276
Chr6	MoTER1	98.239	3123	28	19	7283	10400	1934	5034	0.0	6133529
Chr6	MoTER1	98.207	3124	28	20	6102780	6105898	5034	1934	0.0	6133529
Chr6	MoTER1	98.145	3127	28	22	17340	20462	1934	5034	0.0	6133529
Chr6	MoTER1	97.960	3137	24	23	6107881	6111013	5034	1934	0.0	6133529
Chr6	MoTER1	97.927	3135	25	23	12304	15432	1934	5034	0.0	6133529
Chr6	MoTER1	97.895	3135	26	23	6123132	6126260	5034	1934	0.0	6133529
Chr6	MoTER1	97.866	3139	25	25	6112924	6116058	5034	1934	0.0	6133529
Chr6	MoTER1	97.866	3139	24	26	2236	5369	1934	5034	0.0	6133529
Chr6	MoTER1	97.832	3137	24	27	6128171	6131301	5032	1934	0.0	6133529
Chr6	MoTER1	97.707	3140	26	29	6117967	6121099	5034	1934	0.0	6133529
Chr6	MoTER1	97.943	3111	29	16	22363	25448	1934	5034	0.0	6133529
Chr6	MoTER1	91.790	1011	47	17	1256	2255	938	1923	0.0	6133529
Chr6	MoTER1	91.798	1012	46	17	6126241	6127241	1923	938	0.0	6133529
Chr6	MoTER1	91.798	1012	46	17	6302	7302	938	1923	0.0	6133529
Chr6	MoTER1	91.798	1012	45	18	16360	17359	938	1923	0.0	6133529
Chr6	MoTER1	91.708	1013	46	18	6105879	6106880	1923	938	0.0	6133529
Chr6	MoTER1	91.700	1012	47	18	11323	12323	938	1923	0.0	6133529
Chr6	MoTER1	91.700	1012	47	18	6116039	6117039	1923	938	0.0	6133529
Chr6	MoTER1	91.700	1012	47	18	6110994	6111994	1923	938	0.0	6133529
Chr6	MoTER1	91.617	1014	45	23	21381	22382	938	1923	0.0	6133529
Chr6	MoTER1	91.601	1012	47	19	6131282	6132281	1923	938	0.0	6133529
Chr6	MoTER1	91.609	1013	46	19	6121080	6122080	1923	938	0.0	6133529
Chr6	MoTER1	94.625	614	23	9	6112322	6112926	640	28	0.0	6133529
Chr6	MoTER1	94.463	614	26	8	6122408	6123014	640	28	0.0	6133529
Chr6	MoTER1	94.608	612	24	9	5367	5974	34	640	0.0	6133529
Chr6	MoTER1	94.572	608	23	9	6127569	6128169	640	36	0.0	6133529
Chr6	MoTER1	94.127	613	26	8	6117367	6117969	640	28	0.0	6133529
Chr6	MoTER1	94.408	608	23	9	10398	10995	34	640	0.0	6133529
Chr6	MoTER1	93.811	614	26	10	15430	16032	28	640	0.0	6133529
Chr6	MoTER1	93.811	614	26	8	325	928	29	640	0.0	6133529
Chr6	MoTER1	93.496	615	29	11	6132609	6133215	640	29	0.0	6133529
Chr6	MoTER1	93.586	608	24	11	20460	21053	34	640	0.0	6133529
Chr6	MoTER1	92.937	623	23	10	6132083	6132691	1089	474	0.0	6133529
Chr6	MoTER1	92.937	623	23	10	846	1454	474	1089	0.0	6133529
Chr6	MoTER1	92.937	623	23	10	10913	11521	474	1089	0.0	6133529
Chr6	MoTER1	92.937	623	23	10	6116841	6117449	1089	474	0.0	6133529
Chr6	MoTER1	92.937	623	23	10	20971	21579	474	1089	0.0	6133529
Chr6	MoTER1	92.937	623	23	10	6111796	6112404	1089	474	0.0	6133529
Chr6	MoTER1	92.788	624	23	11	6127042	6127651	1089	474	0.0	6133529
Chr6	MoTER1	92.788	624	23	11	5892	6501	474	1089	0.0	6133529
Chr6	MoTER1	92.788	624	23	11	6121881	6122490	1089	474	0.0	6133529
Chr6	MoTER1	92.788	624	23	11	6106681	6107290	1089	474	0.0	6133529
Chr6	MoTER1	92.788	624	22	12	15950	16558	474	1089	0.0	6133529
Chr6	MoTER1	94.464	560	23	7	6107208	6107759	640	81	0.0	6133529
Chr6	MoTER1	95.467	375	9	3	16393	16765	1025	1393	2.45e-168	6133529
Chr6	MoTER1	97.406	347	8	1	6131876	6132221	1393	1047	8.83e-168	6133529
Chr6	MoTER1	97.406	347	8	1	1316	1661	1047	1393	8.83e-168	6133529
Chr6	MoTER1	97.406	347	8	1	6126835	6127180	1393	1047	8.83e-168	6133529
Chr6	MoTER1	97.406	347	8	1	6363	6708	1047	1393	8.83e-168	6133529
Chr6	MoTER1	97.406	347	8	1	11383	11728	1047	1393	8.83e-168	6133529
Chr6	MoTER1	97.406	347	8	1	6121674	6122019	1393	1047	8.83e-168	6133529
Chr6	MoTER1	97.406	347	8	1	6116634	6116979	1393	1047	8.83e-168	6133529
Chr6	MoTER1	97.406	347	8	1	6111589	6111934	1393	1047	8.83e-168	6133529
Chr6	MoTER1	97.406	347	8	1	6106474	6106819	1393	1047	8.83e-168	6133529
Chr6	MoTER1	97.126	348	8	2	21441	21787	1047	1393	1.14e-166	6133529
Chr6	MoTER1	81.308	428	49	21	6131811	6132216	1326	908	4.60e-86	6133529
Chr6	MoTER1	81.308	428	49	21	1321	1726	908	1326	4.60e-86	6133529
Chr6	MoTER1	81.308	428	49	21	6126770	6127175	1326	908	4.60e-86	6133529
Chr6	MoTER1	81.308	428	49	21	6368	6773	908	1326	4.60e-86	6133529
Chr6	MoTER1	81.308	428	49	21	11388	11793	908	1326	4.60e-86	6133529
Chr6	MoTER1	81.308	428	49	21	6121609	6122014	1326	908	4.60e-86	6133529
Chr6	MoTER1	81.308	428	49	21	6116569	6116974	1326	908	4.60e-86	6133529
Chr6	MoTER1	81.308	428	49	21	6111524	6111929	1326	908	4.60e-86	6133529
Chr6	MoTER1	81.308	428	49	21	6106409	6106814	1326	908	4.60e-86	6133529
Chr6	MoTER1	81.265	427	49	21	16426	16830	909	1326	1.65e-85	6133529
Chr6	MoTER1	80.630	413	77	3	95892	96302	4246	4657	1.65e-85	6133529
Chr6	MoTER1	81.119	429	49	22	21446	21852	908	1326	5.95e-85	6133529
Chr6	MoTER1	79.508	366	43	14	6131942	6132281	1393	1034	6.16e-60	6133529
Chr6	MoTER1	79.508	366	43	14	1256	1595	1034	1393	6.16e-60	6133529
Chr6	MoTER1	79.564	367	42	14	6126901	6127241	1393	1034	6.16e-60	6133529
Chr6	MoTER1	79.564	367	42	14	6302	6642	1034	1393	6.16e-60	6133529
Chr6	MoTER1	79.508	366	43	14	11323	11662	1034	1393	6.16e-60	6133529
Chr6	MoTER1	79.564	367	42	14	6121740	6122080	1393	1034	6.16e-60	6133529
Chr6	MoTER1	79.564	367	41	15	16360	16699	1034	1393	6.16e-60	6133529
Chr6	MoTER1	79.508	366	43	14	6116700	6117039	1393	1034	6.16e-60	6133529
Chr6	MoTER1	79.508	366	43	14	6111655	6111994	1393	1034	6.16e-60	6133529
Chr6	MoTER1	79.564	367	42	14	6106540	6106880	1393	1034	6.16e-60	6133529
Chr6	MoTER1	100.000	106	0	0	6123012	6123117	5034	4929	2.25e-49	6133529
Chr6	MoTER1	100.000	106	0	0	6107767	6107872	5034	4929	2.25e-49	6133529
Chr6	MoTER1	100.000	103	0	0	221	323	4929	5031	1.05e-47	6133529
Chr6	MoTER1	99.029	103	0	1	6133217	6133319	5031	4930	1.75e-45	6133529
Chr6	MoTER1	92.941	85	6	0	6132083	6132167	993	909	1.08e-27	6133529
Chr6	MoTER1	92.941	85	6	0	1370	1454	909	993	1.08e-27	6133529
Chr6	MoTER1	92.941	85	6	0	6127042	6127126	993	909	1.08e-27	6133529
Chr6	MoTER1	92.941	85	6	0	6417	6501	909	993	1.08e-27	6133529
Chr6	MoTER1	92.941	85	6	0	11437	11521	909	993	1.08e-27	6133529
Chr6	MoTER1	92.941	85	6	0	6121881	6121965	993	909	1.08e-27	6133529
Chr6	MoTER1	92.941	85	6	0	16474	16558	909	993	1.08e-27	6133529
Chr6	MoTER1	92.941	85	6	0	6116841	6116925	993	909	1.08e-27	6133529
Chr6	MoTER1	92.941	85	6	0	21495	21579	909	993	1.08e-27	6133529
Chr6	MoTER1	92.941	85	6	0	6111796	6111880	993	909	1.08e-27	6133529
Chr6	MoTER1	92.941	85	6	0	6106681	6106765	993	909	1.08e-27	6133529
Chr6	MoTER1	100.000	28	0	0	6128142	6128169	39	12	5.15e-06	6133529
Chr6	MoTER1	96.000	25	1	0	6132691	6132715	501	477	0.011	6133529
Chr6	MoTER1	96.000	25	1	0	822	846	477	501	0.011	6133529
Chr6	MoTER1	96.000	25	1	0	6127651	6127675	501	477	0.011	6133529
Chr6	MoTER1	96.000	25	1	0	5868	5892	477	501	0.011	6133529
Chr6	MoTER1	96.000	25	1	0	10889	10913	477	501	0.011	6133529
Chr6	MoTER1	96.000	25	1	0	6122490	6122514	501	477	0.011	6133529
Chr6	MoTER1	96.000	25	1	0	15926	15950	477	501	0.011	6133529
Chr6	MoTER1	96.000	25	1	0	6117449	6117473	501	477	0.011	6133529
Chr6	MoTER1	96.000	25	1	0	20947	20971	477	501	0.011	6133529
Chr6	MoTER1	96.000	25	1	0	6112404	6112428	501	477	0.011	6133529
Chr6	MoTER1	96.000	25	1	0	6107290	6107314	501	477	0.011	6133529
Chr6	MoTER2	94.788	614	22	9	6112322	6112926	640	28	0.0	6133529
Chr6	MoTER2	94.625	614	25	8	6122408	6123014	640	28	0.0	6133529
Chr6	MoTER2	94.771	612	23	9	5367	5974	34	640	0.0	6133529
Chr6	MoTER2	94.737	608	22	9	6127569	6128169	640	36	0.0	6133529
Chr6	MoTER2	94.290	613	25	8	6117367	6117969	640	28	0.0	6133529
Chr6	MoTER2	94.572	608	22	9	10398	10995	34	640	0.0	6133529
Chr6	MoTER2	93.974	614	25	10	15430	16032	28	640	0.0	6133529
Chr6	MoTER2	93.974	614	25	8	325	928	29	640	0.0	6133529
Chr6	MoTER2	93.659	615	28	11	6132609	6133215	640	29	0.0	6133529
Chr6	MoTER2	93.750	608	23	11	20460	21053	34	640	0.0	6133529
Chr6	MoTER2	94.464	560	23	7	6107208	6107759	640	81	0.0	6133529
Chr6	MoTER2	96.339	437	10	4	6132260	6132691	909	474	0.0	6133529
Chr6	MoTER2	96.339	437	10	4	846	1277	474	909	0.0	6133529
Chr6	MoTER2	96.339	437	10	4	6127220	6127651	909	474	0.0	6133529
Chr6	MoTER2	96.339	437	10	4	5892	6323	474	909	0.0	6133529
Chr6	MoTER2	96.339	437	10	4	10913	11344	474	909	0.0	6133529
Chr6	MoTER2	96.339	437	10	4	6122059	6122490	909	474	0.0	6133529
Chr6	MoTER2	96.339	437	10	4	15950	16381	474	909	0.0	6133529
Chr6	MoTER2	96.339	437	10	4	6117018	6117449	909	474	0.0	6133529
Chr6	MoTER2	96.339	437	10	4	20971	21402	474	909	0.0	6133529
Chr6	MoTER2	96.339	437	10	4	6111973	6112404	909	474	0.0	6133529
Chr6	MoTER2	96.339	437	10	4	6106859	6107290	909	474	0.0	6133529
Chr6	MoTER2	89.286	112	9	2	6123132	6123243	1723	1615	1.38e-31	6133529
Chr6	MoTER2	89.286	112	9	2	10289	10400	1615	1723	1.38e-31	6133529
Chr6	MoTER2	89.286	112	9	2	15321	15432	1615	1723	1.38e-31	6133529
Chr6	MoTER2	88.496	113	9	2	5257	5369	1615	1723	1.79e-30	6133529
Chr6	MoTER2	88.496	113	9	2	6117967	6118079	1723	1615	1.79e-30	6133529
Chr6	MoTER2	88.496	113	9	2	20350	20462	1615	1723	1.79e-30	6133529
Chr6	MoTER2	88.496	113	9	2	6112924	6113036	1723	1615	1.79e-30	6133529
Chr6	MoTER2	88.496	113	9	2	6107881	6107993	1723	1615	1.79e-30	6133529
Chr6	MoTER2	88.393	112	10	2	6102780	6102891	1723	1615	6.43e-30	6133529
Chr6	MoTER2	88.288	111	9	2	6128171	6128281	1721	1615	2.31e-29	6133529
Chr6	MoTER2	89.423	104	9	1	6123012	6123115	1723	1622	2.31e-29	6133529
Chr6	MoTER2	89.423	104	9	1	6107767	6107870	1723	1622	2.31e-29	6133529
Chr6	MoTER2	87.611	113	10	3	25336	25448	1615	1723	8.32e-29	6133529
Chr6	MoTER2	89.216	102	8	2	6133217	6133318	1720	1622	1.08e-27	6133529
Chr6	MoTER2	89.109	101	9	1	223	323	1622	1720	1.08e-27	6133529
Chr6	MoTER2	100.000	28	0	0	6128142	6128169	33	6	5.15e-06	6133529
Chr6	MoTER2	100.000	28	0	0	6128142	6128169	39	12	5.15e-06	6133529
Chr6	MoTER2	96.000	25	1	0	6132691	6132715	501	477	0.011	6133529
Chr6	MoTER2	96.000	25	1	0	822	846	477	501	0.011	6133529
Chr6	MoTER2	96.000	25	1	0	6127651	6127675	501	477	0.011	6133529
Chr6	MoTER2	96.000	25	1	0	5868	5892	477	501	0.011	6133529
Chr6	MoTER2	96.000	25	1	0	10889	10913	477	501	0.011	6133529
Chr6	MoTER2	96.000	25	1	0	6122490	6122514	501	477	0.011	6133529
Chr6	MoTER2	96.000	25	1	0	15926	15950	477	501	0.011	6133529
Chr6	MoTER2	96.000	25	1	0	6117449	6117473	501	477	0.011	6133529
Chr6	MoTER2	96.000	25	1	0	20947	20971	477	501	0.011	6133529
Chr6	MoTER2	96.000	25	1	0	6112404	6112428	501	477	0.011	6133529
Chr6	MoTER2	96.000	25	1	0	6107290	6107314	501	477	0.011	6133529
Chr7	MoTER1	98.303	3123	27	18	4043867	4046985	5034	1934	0.0	4079358
Chr7	MoTER1	98.271	3123	27	19	4036407	4039524	5034	1934	0.0	4079358
Chr7	MoTER1	98.146	3128	27	23	7070	10193	1934	5034	0.0	4079358
Chr7	MoTER1	97.991	3136	24	22	2039	5170	1934	5034	0.0	4079358
Chr7	MoTER1	97.897	3139	24	25	4048880	4052014	5034	1934	0.0	4079358
Chr7	MoTER1	97.897	3138	24	25	4059071	4062203	5034	1934	0.0	4079358
Chr7	MoTER1	97.833	3138	24	27	4054042	4057172	5034	1934	0.0	4079358
Chr7	MoTER1	97.602	3128	26	33	4069231	4072336	5034	1934	0.0	4079358
Chr7	MoTER1	97.290	3136	28	35	4074216	4077329	5034	1934	0.0	4079358
Chr7	MoTER1	98.337	2947	27	22	4064303	4067230	4877	1934	0.0	4079358
Chr7	MoTER1	97.657	2433	31	18	10206	12635	2625	5034	0.0	4079358
Chr7	MoTER1	97.344	2447	24	24	4041418	4043860	5034	2625	0.0	4079358
Chr7	MoTER1	91.881	1010	45	20	4077310	4078306	1923	938	0.0	4079358
Chr7	MoTER1	91.798	1012	46	17	4062184	4063184	1923	938	0.0	4079358
Chr7	MoTER1	91.798	1012	46	17	4051995	4052995	1923	938	0.0	4079358
Chr7	MoTER1	92.703	973	39	13	4046966	4047932	1923	977	0.0	4079358
Chr7	MoTER1	92.703	973	39	13	4039505	4040471	1923	977	0.0	4079358
Chr7	MoTER1	92.600	973	40	13	1092	2058	977	1923	0.0	4079358
Chr7	MoTER1	92.608	974	39	14	6122	7089	977	1923	0.0	4079358
Chr7	MoTER1	91.766	1008	46	21	4072317	4073309	1923	938	0.0	4079358
Chr7	MoTER1	91.609	1013	46	19	4057153	4058153	1923	938	0.0	4079358
Chr7	MoTER1	92.395	973	39	18	4067211	4068174	1923	977	0.0	4079358
Chr7	MoTER1	95.017	602	22	8	5168	5762	40	640	0.0	4079358
Chr7	MoTER1	93.302	642	30	12	4063512	4064142	640	1	0.0	4079358
Chr7	MoTER1	94.300	614	28	7	4053323	4053930	640	28	0.0	4079358
Chr7	MoTER1	92.991	642	29	12	105	732	1	640	0.0	4079358
Chr7	MoTER1	94.343	601	23	10	4040831	4041420	640	40	0.0	4079358
Chr7	MoTER1	94.020	602	26	10	4058481	4059073	640	40	0.0	4079358
Chr7	MoTER1	93.854	602	25	10	4048292	4048882	640	40	0.0	4079358
Chr7	MoTER1	92.937	623	22	11	650	1257	474	1089	0.0	4079358
Chr7	MoTER1	92.937	623	22	12	4073112	4073719	1089	474	0.0	4079358
Chr7	MoTER1	92.937	623	22	11	5680	6287	474	1089	0.0	4079358
Chr7	MoTER1	92.937	623	22	11	4047767	4048374	1089	474	0.0	4079358
Chr7	MoTER1	92.937	623	22	11	4040306	4040913	1089	474	0.0	4079358
Chr7	MoTER1	92.788	624	23	11	4062985	4063594	1089	474	0.0	4079358
Chr7	MoTER1	92.788	624	23	11	4057954	4058563	1089	474	0.0	4079358
Chr7	MoTER1	92.788	624	23	11	4052796	4053405	1089	474	0.0	4079358
Chr7	MoTER1	92.777	623	22	13	4078109	4078715	1089	474	0.0	4079358
Chr7	MoTER1	92.777	623	22	13	4068009	4068615	1089	474	0.0	4079358
Chr7	MoTER1	91.875	640	28	12	4078633	4079248	640	1	0.0	4079358
Chr7	MoTER1	93.178	601	22	12	4073637	4074218	640	40	0.0	4079358
Chr7	MoTER1	92.630	597	22	13	4068533	4069107	640	44	0.0	4079358
Chr7	MoTER1	95.467	375	9	3	1092	1464	1025	1393	1.63e-168	4079358
Chr7	MoTER1	95.467	375	9	3	6122	6494	1025	1393	1.63e-168	4079358
Chr7	MoTER1	95.467	375	9	3	4047560	4047932	1393	1025	1.63e-168	4079358
Chr7	MoTER1	95.467	375	9	3	4040099	4040471	1393	1025	1.63e-168	4079358
Chr7	MoTER1	97.406	347	8	1	4062778	4063123	1393	1047	5.87e-168	4079358
Chr7	MoTER1	97.406	347	8	1	4057747	4058092	1393	1047	5.87e-168	4079358
Chr7	MoTER1	97.406	347	8	1	4052589	4052934	1393	1047	5.87e-168	4079358
Chr7	MoTER1	96.830	347	9	2	4077903	4078247	1393	1047	1.27e-164	4079358
Chr7	MoTER1	94.879	371	10	4	4067807	4068174	1389	1025	2.13e-162	4079358
Chr7	MoTER1	96.542	347	8	2	4072908	4073250	1393	1047	2.13e-162	4079358
Chr7	MoTER1	81.308	428	49	21	4062713	4063118	1326	908	3.06e-86	4079358
Chr7	MoTER1	81.308	428	49	21	4057682	4058087	1326	908	3.06e-86	4079358
Chr7	MoTER1	81.308	428	49	21	4052524	4052929	1326	908	3.06e-86	4079358
Chr7	MoTER1	87.726	277	21	7	12647	12914	4762	5034	5.12e-84	4079358
Chr7	MoTER1	81.766	351	64	0	3789739	3790089	3877	4227	5.16e-79	4079358
Chr7	MoTER1	79.564	367	42	14	4062844	4063184	1393	1034	4.10e-60	4079358
Chr7	MoTER1	79.564	367	42	14	4057813	4058153	1393	1034	4.10e-60	4079358
Chr7	MoTER1	79.564	367	42	14	4052655	4052995	1393	1034	4.10e-60	4079358
Chr7	MoTER1	80.793	328	35	10	1092	1398	1073	1393	4.10e-60	4079358
Chr7	MoTER1	80.793	328	35	10	6122	6428	1073	1393	4.10e-60	4079358
Chr7	MoTER1	80.793	328	35	10	4047626	4047932	1393	1073	4.10e-60	4079358
Chr7	MoTER1	80.793	328	35	10	4040165	4040471	1393	1073	4.10e-60	4079358
Chr7	MoTER1	78.962	366	43	16	4077969	4078306	1393	1034	3.19e-56	4079358
Chr7	MoTER1	79.878	328	37	11	4067869	4068174	1393	1073	1.49e-54	4079358
Chr7	MoTER1	100.000	106	0	0	4053928	4054033	5034	4929	1.50e-49	4079358
Chr7	MoTER1	93.701	127	5	2	4077838	4077961	1326	1200	9.00e-47	4079358
Chr7	MoTER1	93.701	127	5	2	1406	1529	1200	1326	9.00e-47	4079358
Chr7	MoTER1	93.701	127	5	2	4072843	4072966	1326	1200	9.00e-47	4079358
Chr7	MoTER1	93.701	127	5	2	6436	6559	1200	1326	9.00e-47	4079358
Chr7	MoTER1	93.701	127	5	2	4047495	4047618	1326	1200	9.00e-47	4079358
Chr7	MoTER1	93.701	127	5	2	4040034	4040157	1326	1200	9.00e-47	4079358
Chr7	MoTER1	100.000	101	0	0	4069121	4069221	5031	4931	9.00e-47	4079358
Chr7	MoTER1	92.969	128	5	3	4067737	4067861	1326	1200	1.16e-45	4079358
Chr7	MoTER1	92.941	85	6	0	4078109	4078193	993	909	7.16e-28	4079358
Chr7	MoTER1	92.941	85	6	0	1173	1257	909	993	7.16e-28	4079358
Chr7	MoTER1	92.941	85	6	0	4073112	4073196	993	909	7.16e-28	4079358
Chr7	MoTER1	92.941	85	6	0	6203	6287	909	993	7.16e-28	4079358
Chr7	MoTER1	92.941	85	6	0	4068009	4068093	993	909	7.16e-28	4079358
Chr7	MoTER1	92.941	85	6	0	4062985	4063069	993	909	7.16e-28	4079358
Chr7	MoTER1	92.941	85	6	0	4057954	4058038	993	909	7.16e-28	4079358
Chr7	MoTER1	92.941	85	6	0	4052796	4052880	993	909	7.16e-28	4079358
Chr7	MoTER1	92.941	85	6	0	4047767	4047851	993	909	7.16e-28	4079358
Chr7	MoTER1	92.941	85	6	0	4040306	4040390	993	909	7.16e-28	4079358
Chr7	MoTER1	96.000	25	1	0	4078715	4078739	501	477	0.007	4079358
Chr7	MoTER1	96.000	25	1	0	626	650	477	501	0.007	4079358
Chr7	MoTER1	96.000	25	1	0	4073719	4073743	501	477	0.007	4079358
Chr7	MoTER1	96.000	25	1	0	5656	5680	477	501	0.007	4079358
Chr7	MoTER1	96.000	25	1	0	4068615	4068639	501	477	0.007	4079358
Chr7	MoTER1	96.000	25	1	0	4063594	4063618	501	477	0.007	4079358
Chr7	MoTER1	96.000	25	1	0	4058563	4058587	501	477	0.007	4079358
Chr7	MoTER1	96.000	25	1	0	4053405	4053429	501	477	0.007	4079358
Chr7	MoTER1	96.000	25	1	0	4048374	4048398	501	477	0.007	4079358
Chr7	MoTER1	96.000	25	1	0	4040913	4040937	501	477	0.007	4079358
Chr7	MoTER2	95.183	602	21	8	5168	5762	40	640	0.0	4079358
Chr7	MoTER2	93.458	642	29	12	4063512	4064142	640	1	0.0	4079358
Chr7	MoTER2	94.463	614	27	7	4053323	4053930	640	28	0.0	4079358
Chr7	MoTER2	93.146	642	28	12	105	732	1	640	0.0	4079358
Chr7	MoTER2	94.509	601	22	10	4040831	4041420	640	40	0.0	4079358
Chr7	MoTER2	94.186	602	25	10	4058481	4059073	640	40	0.0	4079358
Chr7	MoTER2	94.020	602	24	10	4048292	4048882	640	40	0.0	4079358
Chr7	MoTER2	92.031	640	27	12	4078633	4079248	640	1	0.0	4079358
Chr7	MoTER2	93.344	601	21	12	4073637	4074218	640	40	0.0	4079358
Chr7	MoTER2	92.797	597	21	13	4068533	4069107	640	44	0.0	4079358
Chr7	MoTER2	95.186	457	15	5	4073268	4073719	928	474	0.0	4079358
Chr7	MoTER2	95.186	457	15	5	4068164	4068615	928	474	0.0	4079358
Chr7	MoTER2	96.339	437	10	4	650	1081	474	909	0.0	4079358
Chr7	MoTER2	96.339	437	10	4	5680	6111	474	909	0.0	4079358
Chr7	MoTER2	96.339	437	10	4	4063163	4063594	909	474	0.0	4079358
Chr7	MoTER2	96.339	437	10	4	4058132	4058563	909	474	0.0	4079358
Chr7	MoTER2	96.339	437	10	4	4052974	4053405	909	474	0.0	4079358
Chr7	MoTER2	96.339	437	10	4	4047943	4048374	909	474	0.0	4079358
Chr7	MoTER2	96.339	437	10	4	4040482	4040913	909	474	0.0	4079358
Chr7	MoTER2	94.967	457	15	6	4078265	4078715	928	474	0.0	4079358
Chr7	MoTER2	90.000	110	9	1	4069231	4069340	1723	1616	7.11e-33	4079358
Chr7	MoTER2	89.381	113	8	3	12802	12914	1615	1723	2.56e-32	4079358
Chr7	MoTER2	89.286	112	9	2	4074216	4074327	1723	1615	9.19e-32	4079358
Chr7	MoTER2	89.286	112	9	2	5059	5170	1615	1723	9.19e-32	4079358
Chr7	MoTER2	89.286	112	9	2	4043867	4043978	1723	1615	9.19e-32	4079358
Chr7	MoTER2	89.286	112	9	2	4036407	4036518	1723	1615	9.19e-32	4079358
Chr7	MoTER2	88.596	114	8	3	10080	10193	1615	1723	1.19e-30	4079358
Chr7	MoTER2	88.496	113	9	2	4059071	4059183	1723	1615	1.19e-30	4079358
Chr7	MoTER2	88.496	113	9	2	4054042	4054154	1723	1615	1.19e-30	4079358
Chr7	MoTER2	88.496	113	9	2	4048880	4048992	1723	1615	1.19e-30	4079358
Chr7	MoTER2	88.496	113	9	2	4041418	4041530	1723	1615	1.19e-30	4079358
Chr7	MoTER2	89.423	104	9	1	4053928	4054031	1723	1622	1.54e-29	4079358
Chr7	MoTER2	89.216	102	9	1	4069121	4069222	1720	1621	1.99e-28	4079358
Chr7	MoTER2	86.607	112	12	2	12524	12635	1615	1723	9.26e-27	4079358
Chr7	MoTER2	96.000	25	1	0	4078715	4078739	501	477	0.007	4079358
Chr7	MoTER2	96.000	25	1	0	626	650	477	501	0.007	4079358
Chr7	MoTER2	96.000	25	1	0	4073719	4073743	501	477	0.007	4079358
Chr7	MoTER2	96.000	25	1	0	5656	5680	477	501	0.007	4079358
Chr7	MoTER2	96.000	25	1	0	4068615	4068639	501	477	0.007	4079358
Chr7	MoTER2	96.000	25	1	0	4063594	4063618	501	477	0.007	4079358
Chr7	MoTER2	96.000	25	1	0	4058563	4058587	501	477	0.007	4079358
Chr7	MoTER2	96.000	25	1	0	4053405	4053429	501	477	0.007	4079358
Chr7	MoTER2	96.000	25	1	0	4048374	4048398	501	477	0.007	4079358
Chr7	MoTER2	96.000	25	1	0	4040913	4040937	501	477	0.007	4079358
Chr8	MoTER1	98.050	3128	29	24	1857324	1860446	5034	1934	0.0	1903245
Chr8	MoTER1	97.959	3136	24	23	13947	17077	1934	5034	0.0	1903245
Chr8	MoTER1	98.015	3123	36	18	1847240	1850358	5034	1934	0.0	1903245
Chr8	MoTER1	97.989	3133	24	22	8917	12044	1934	5032	0.0	1903245
Chr8	MoTER1	98.017	3126	29	24	1862470	1865587	5034	1934	0.0	1903245
Chr8	MoTER1	97.866	3139	24	26	3748	6881	1934	5034	0.0	1903245
Chr8	MoTER1	97.859	3130	28	30	1867609	1870728	5034	1934	0.0	1903245
Chr8	MoTER1	97.855	3123	30	29	1898095	1901202	5034	1934	0.0	1903245
Chr8	MoTER1	97.855	3124	27	30	1887996	1891102	5034	1934	0.0	1903245
Chr8	MoTER1	97.794	3128	28	32	1872742	1875855	5034	1934	0.0	1903245
Chr8	MoTER1	97.761	3127	30	31	1877865	1880977	5034	1934	0.0	1903245
Chr8	MoTER1	97.634	3127	31	33	1882998	1886107	5034	1934	0.0	1903245
Chr8	MoTER1	97.630	3123	30	34	1893093	1896193	5034	1934	0.0	1903245
Chr8	MoTER1	98.441	2951	26	19	1842286	1845221	4879	1934	0.0	1903245
Chr8	MoTER1	98.407	2951	26	20	1852490	1855424	4879	1934	0.0	1903245
Chr8	MoTER1	96.102	1565	22	22	181	1742	3506	5034	0.0	1903245
Chr8	MoTER1	91.798	1012	45	18	7937	8936	938	1923	0.0	1903245
Chr8	MoTER1	92.703	973	39	13	13000	13966	977	1923	0.0	1903245
Chr8	MoTER1	91.700	1012	47	18	2767	3767	938	1923	0.0	1903245
Chr8	MoTER1	91.708	1013	45	19	1855405	1856405	1923	938	0.0	1903245
Chr8	MoTER1	91.700	1012	47	18	1850339	1851339	1923	938	0.0	1903245
Chr8	MoTER1	91.708	1013	45	19	1845202	1846202	1923	938	0.0	1903245
Chr8	MoTER1	92.600	973	38	15	1860427	1861391	1923	977	0.0	1903245
Chr8	MoTER1	91.634	1016	40	25	1865568	1866568	1923	938	0.0	1903245
Chr8	MoTER1	91.429	1015	41	27	1870709	1871706	1923	938	0.0	1903245
Chr8	MoTER1	92.819	947	32	21	1891083	1892015	1923	999	0.0	1903245
Chr8	MoTER1	91.214	1013	43	27	1875836	1876829	1923	938	0.0	1903245
Chr8	MoTER1	92.600	946	40	15	1901183	1902119	1923	999	0.0	1903245
Chr8	MoTER1	91.052	1017	41	29	1886088	1887085	1923	938	0.0	1903245
Chr8	MoTER1	90.963	1018	41	31	1880958	1881956	1923	938	0.0	1903245
Chr8	MoTER1	90.918	1013	43	29	1896174	1897164	1923	938	0.0	1903245
Chr8	MoTER1	91.322	749	44	16	1410784	1411522	5034	4297	0.0	1903245
Chr8	MoTER1	94.540	641	30	5	1846530	1847166	640	1	0.0	1903245
Chr8	MoTER1	94.780	613	23	8	1851667	1852270	640	28	0.0	1903245
Chr8	MoTER1	94.481	616	24	10	7001	7609	28	640	0.0	1903245
Chr8	MoTER1	94.958	595	21	7	1854	2439	46	640	0.0	1903245
Chr8	MoTER1	93.811	614	28	10	1861751	1862356	640	29	0.0	1903245
Chr8	MoTER1	94.196	603	24	10	1856733	1857326	640	40	0.0	1903245
Chr8	MoTER1	93.904	607	23	10	12046	12640	36	640	0.0	1903245
Chr8	MoTER1	93.475	613	27	7	1866896	1867496	640	29	0.0	1903245
Chr8	MoTER1	92.937	623	23	10	2357	2965	474	1089	0.0	1903245
Chr8	MoTER1	92.937	623	22	11	12558	13165	474	1089	0.0	1903245
Chr8	MoTER1	92.937	623	22	11	1861226	1861833	1089	474	0.0	1903245
Chr8	MoTER1	92.937	623	23	10	1851141	1851749	1089	474	0.0	1903245
Chr8	MoTER1	92.788	624	23	11	1866369	1866978	1089	474	0.0	1903245
Chr8	MoTER1	92.788	624	22	12	7527	8135	474	1089	0.0	1903245
Chr8	MoTER1	92.788	624	22	12	1856207	1856815	1089	474	0.0	1903245
Chr8	MoTER1	92.788	624	22	12	1846004	1846612	1089	474	0.0	1903245
Chr8	MoTER1	92.581	620	29	10	1876633	1877239	1089	474	0.0	1903245
Chr8	MoTER1	92.730	619	23	12	1886888	1887491	1089	478	0.0	1903245
Chr8	MoTER1	92.822	613	27	12	1877157	1877753	640	29	0.0	1903245
Chr8	MoTER1	92.419	620	28	11	1901982	1902586	1089	474	0.0	1903245
Chr8	MoTER1	92.332	626	22	16	1881760	1882369	1089	474	0.0	1903245
Chr8	MoTER1	92.569	619	23	11	1871510	1872112	1089	478	0.0	1903245
Chr8	MoTER1	91.473	645	30	17	1902504	1903128	640	1	0.0	1903245
Chr8	MoTER1	93.023	602	25	13	1887413	1887998	640	40	0.0	1903245
Chr8	MoTER1	92.484	612	30	14	1872034	1872629	640	29	0.0	1903245
Chr8	MoTER1	92.295	623	23	13	1896970	1897574	1089	474	0.0	1903245
Chr8	MoTER1	92.122	622	27	14	1891879	1892484	1089	474	0.0	1903245
Chr8	MoTER1	91.922	619	26	18	1882285	1882886	640	29	0.0	1903245
Chr8	MoTER1	90.967	631	30	17	1897492	1898096	640	11	0.0	1903245
Chr8	MoTER1	90.065	614	26	15	1892400	1892980	640	29	0.0	1903245
Chr8	MoTER1	99.444	360	0	1	1841308	1841665	5034	4675	0.0	1903245
Chr8	MoTER1	95.467	375	9	3	7970	8342	1025	1393	7.62e-169	1903245
Chr8	MoTER1	95.467	375	9	3	13000	13372	1025	1393	7.62e-169	1903245
Chr8	MoTER1	95.467	375	9	3	1856000	1856372	1393	1025	7.62e-169	1903245
Chr8	MoTER1	95.467	375	9	3	1845797	1846169	1393	1025	7.62e-169	1903245
Chr8	MoTER1	97.406	347	8	1	2827	3172	1047	1393	2.74e-168	1903245
Chr8	MoTER1	97.406	347	8	1	1850934	1851279	1393	1047	2.74e-168	1903245
Chr8	MoTER1	95.200	375	9	4	1861020	1861391	1393	1025	1.27e-166	1903245
Chr8	MoTER1	97.118	347	8	2	1901775	1902119	1393	1047	1.27e-166	1903245
Chr8	MoTER1	96.830	347	9	2	1866163	1866507	1393	1047	5.93e-165	1903245
Chr8	MoTER1	96.784	342	9	2	1886687	1887026	1388	1047	3.57e-162	1903245
Chr8	MoTER1	92.010	413	19	8	1871303	1871706	1393	986	1.28e-161	1903245
Chr8	MoTER1	96.254	347	9	4	1891673	1892015	1393	1047	4.62e-161	1903245
Chr8	MoTER1	95.989	349	9	5	1881552	1881897	1393	1047	5.97e-160	1903245
Chr8	MoTER1	95.977	348	10	4	1876426	1876770	1393	1047	5.97e-160	1903245
Chr8	MoTER1	93.883	376	11	7	1896763	1897133	1393	1025	2.78e-158	1903245
Chr8	MoTER1	95.362	345	12	2	1841675	1842015	5034	4690	6.02e-155	1903245
Chr8	MoTER1	86.200	500	57	6	1337356	1337843	4407	3908	1.68e-150	1903245
Chr8	MoTER1	88.506	348	34	5	1852268	1852612	5034	4690	4.92e-116	1903245
Chr8	MoTER1	88.506	348	34	5	1842064	1842408	5034	4690	4.92e-116	1903245
Chr8	MoTER1	86.901	313	41	0	434291	434603	4220	3908	1.41e-96	1903245
Chr8	MoTER1	81.308	428	49	21	2832	3237	908	1326	1.43e-86	1903245
Chr8	MoTER1	81.352	429	47	22	1866097	1866502	1326	908	1.43e-86	1903245
Chr8	MoTER1	81.308	428	49	21	1850869	1851274	1326	908	1.43e-86	1903245
Chr8	MoTER1	81.265	427	49	21	8003	8407	909	1326	5.13e-86	1903245
Chr8	MoTER1	81.265	427	49	21	1855935	1856339	1326	909	5.13e-86	1903245
Chr8	MoTER1	81.265	427	49	21	1845732	1846136	1326	909	5.13e-86	1903245
Chr8	MoTER1	80.886	429	49	23	1871237	1871642	1326	908	3.09e-83	1903245
Chr8	MoTER1	82.569	327	41	7	1573823	1574148	2801	3112	3.13e-73	1903245
Chr8	MoTER1	82.000	300	32	9	1901841	1902119	1393	1095	1.48e-61	1903245
Chr8	MoTER1	79.508	366	43	14	2767	3106	1034	1393	1.91e-60	1903245
Chr8	MoTER1	79.564	367	41	15	7937	8276	1034	1393	1.91e-60	1903245
Chr8	MoTER1	79.564	367	41	15	1856066	1856405	1393	1034	1.91e-60	1903245
Chr8	MoTER1	79.508	366	43	14	1851000	1851339	1393	1034	1.91e-60	1903245
Chr8	MoTER1	79.564	367	41	15	1845863	1846202	1393	1034	1.91e-60	1903245
Chr8	MoTER1	80.793	328	35	10	13000	13306	1073	1393	1.91e-60	1903245
Chr8	MoTER1	80.488	328	35	11	1861086	1861391	1393	1073	3.20e-58	1903245
Chr8	MoTER1	79.178	365	42	16	1896829	1897164	1393	1034	1.15e-57	1903245
Chr8	MoTER1	100.000	106	0	0	1751	1856	4929	5034	6.98e-50	1903245
Chr8	MoTER1	100.000	103	0	0	1892982	1893084	5031	4929	3.25e-48	1903245
Chr8	MoTER1	100.000	103	0	0	1872631	1872733	5031	4929	3.25e-48	1903245
Chr8	MoTER1	100.000	103	0	0	1867498	1867600	5031	4929	3.25e-48	1903245
Chr8	MoTER1	99.057	106	0	1	6898	7003	4930	5034	1.17e-47	1903245
Chr8	MoTER1	93.701	127	5	2	1891608	1891731	1326	1200	4.20e-47	1903245
Chr8	MoTER1	93.701	127	5	2	13314	13437	1200	1326	4.20e-47	1903245
Chr8	MoTER1	93.701	127	5	2	1860955	1861078	1326	1200	4.20e-47	1903245
Chr8	MoTER1	94.309	123	4	2	1876361	1876480	1326	1204	1.51e-46	1903245
Chr8	MoTER1	99.038	104	0	1	1862358	1862461	5031	4929	1.51e-46	1903245
Chr8	MoTER1	99.029	103	0	1	1882888	1882989	5031	4929	5.43e-46	1903245
Chr8	MoTER1	99.029	103	0	1	1877755	1877856	5031	4929	5.43e-46	1903245
Chr8	MoTER1	92.248	129	5	4	1881485	1881610	1326	1200	2.53e-44	1903245
Chr8	MoTER1	92.126	127	7	2	1896698	1896821	1326	1200	9.09e-44	1903245
Chr8	MoTER1	91.406	128	7	3	1901709	1901833	1326	1200	1.18e-42	1903245
Chr8	MoTER1	90.076	131	6	5	1886613	1886740	1326	1200	7.08e-40	1903245
Chr8	MoTER1	92.941	85	6	0	2881	2965	909	993	3.34e-28	1903245
Chr8	MoTER1	92.941	85	6	0	8051	8135	909	993	3.34e-28	1903245
Chr8	MoTER1	92.941	85	6	0	13081	13165	909	993	3.34e-28	1903245
Chr8	MoTER1	92.941	85	6	0	1886888	1886972	993	909	3.34e-28	1903245
Chr8	MoTER1	92.941	85	6	0	1881760	1881844	993	909	3.34e-28	1903245
Chr8	MoTER1	92.941	85	6	0	1876633	1876717	993	909	3.34e-28	1903245
Chr8	MoTER1	92.941	85	6	0	1871510	1871594	993	909	3.34e-28	1903245
Chr8	MoTER1	92.941	85	6	0	1866369	1866453	993	909	3.34e-28	1903245
Chr8	MoTER1	92.941	85	6	0	1861226	1861310	993	909	3.34e-28	1903245
Chr8	MoTER1	92.941	85	6	0	1856207	1856291	993	909	3.34e-28	1903245
Chr8	MoTER1	92.941	85	6	0	1851141	1851225	993	909	3.34e-28	1903245
Chr8	MoTER1	92.941	85	6	0	1846004	1846088	993	909	3.34e-28	1903245
Chr8	MoTER1	91.765	85	6	1	1901982	1902065	993	909	5.59e-26	1903245
Chr8	MoTER1	91.667	84	6	1	1896970	1897052	993	910	2.01e-25	1903245
Chr8	MoTER1	91.667	84	6	1	1891879	1891961	993	910	2.01e-25	1903245
Chr8	MoTER1	100.000	58	0	0	1847173	1847230	5034	4977	3.36e-23	1903245
Chr8	MoTER1	96.000	25	1	0	1902586	1902610	501	477	0.003	1903245
Chr8	MoTER1	96.000	25	1	0	2333	2357	477	501	0.003	1903245
Chr8	MoTER1	96.000	25	1	0	1897574	1897598	501	477	0.003	1903245
Chr8	MoTER1	96.000	25	1	0	7503	7527	477	501	0.003	1903245
Chr8	MoTER1	96.000	25	1	0	1892484	1892508	501	477	0.003	1903245
Chr8	MoTER1	96.000	25	1	0	12534	12558	477	501	0.003	1903245
Chr8	MoTER1	96.000	25	1	0	1882369	1882393	501	477	0.003	1903245
Chr8	MoTER1	96.000	25	1	0	1877239	1877263	501	477	0.003	1903245
Chr8	MoTER1	96.000	25	1	0	1866978	1867002	501	477	0.003	1903245
Chr8	MoTER1	96.000	25	1	0	1861833	1861857	501	477	0.003	1903245
Chr8	MoTER1	96.000	25	1	0	1856815	1856839	501	477	0.003	1903245
Chr8	MoTER1	96.000	25	1	0	1851749	1851773	501	477	0.003	1903245
Chr8	MoTER1	96.000	25	1	0	1846612	1846636	501	477	0.003	1903245
Chr8	MoTER1	95.652	23	1	0	1887497	1887519	499	477	0.045	1903245
Chr8	MoTER1	92.308	26	1	1	1872115	1872140	501	477	0.16	1903245
Chr8	MoTER2	94.852	641	28	5	1846530	1847166	640	1	0.0	1903245
Chr8	MoTER2	94.943	613	22	8	1851667	1852270	640	28	0.0	1903245
Chr8	MoTER2	94.643	616	23	10	7001	7609	28	640	0.0	1903245
Chr8	MoTER2	95.126	595	20	7	1854	2439	46	640	0.0	1903245
Chr8	MoTER2	93.974	614	27	10	1861751	1862356	640	29	0.0	1903245
Chr8	MoTER2	94.362	603	23	10	1856733	1857326	640	40	0.0	1903245
Chr8	MoTER2	94.069	607	22	10	12046	12640	36	640	0.0	1903245
Chr8	MoTER2	93.638	613	26	7	1866896	1867496	640	29	0.0	1903245
Chr8	MoTER2	92.985	613	26	12	1877157	1877753	640	29	0.0	1903245
Chr8	MoTER2	91.628	645	29	17	1902504	1903128	640	1	0.0	1903245
Chr8	MoTER2	93.189	602	24	13	1887413	1887998	640	40	0.0	1903245
Chr8	MoTER2	92.647	612	29	14	1872034	1872629	640	29	0.0	1903245
Chr8	MoTER2	92.084	619	25	18	1882285	1882886	640	29	0.0	1903245
Chr8	MoTER2	91.139	632	29	17	1897492	1898097	640	10	0.0	1903245
Chr8	MoTER2	90.228	614	25	15	1892400	1892980	640	29	0.0	1903245
Chr8	MoTER2	96.355	439	10	4	1897141	1897574	911	474	0.0	1903245
Chr8	MoTER2	96.339	437	10	4	2357	2788	474	909	0.0	1903245
Chr8	MoTER2	96.339	437	10	4	7527	7958	474	909	0.0	1903245
Chr8	MoTER2	96.339	437	10	4	12558	12989	474	909	0.0	1903245
Chr8	MoTER2	96.339	437	10	4	1866547	1866978	909	474	0.0	1903245
Chr8	MoTER2	96.339	437	10	4	1861402	1861833	909	474	0.0	1903245
Chr8	MoTER2	96.339	437	10	4	1856384	1856815	909	474	0.0	1903245
Chr8	MoTER2	96.339	437	10	4	1851318	1851749	909	474	0.0	1903245
Chr8	MoTER2	96.339	437	10	4	1846181	1846612	909	474	0.0	1903245
Chr8	MoTER2	96.322	435	10	4	1871683	1872112	911	478	0.0	1903245
Chr8	MoTER2	94.956	456	16	5	1902137	1902586	928	474	0.0	1903245
Chr8	MoTER2	95.900	439	12	4	1876806	1877239	911	474	0.0	1903245
Chr8	MoTER2	94.760	458	15	7	1892033	1892484	928	474	0.0	1903245
Chr8	MoTER2	94.565	460	15	8	1881915	1882369	928	474	0.0	1903245
Chr8	MoTER2	94.923	453	16	5	1887044	1887491	928	478	0.0	1903245
Chr8	MoTER2	89.286	112	9	2	1898095	1898206	1723	1615	4.29e-32	1903245
Chr8	MoTER2	89.286	112	9	2	1893093	1893204	1723	1615	4.29e-32	1903245
Chr8	MoTER2	89.286	112	9	2	1887996	1888107	1723	1615	4.29e-32	1903245
Chr8	MoTER2	89.286	112	9	2	16966	17077	1615	1723	4.29e-32	1903245
Chr8	MoTER2	89.286	112	9	2	1852268	1852379	1723	1615	4.29e-32	1903245
Chr8	MoTER2	89.286	112	9	2	1842064	1842175	1723	1615	4.29e-32	1903245
Chr8	MoTER2	89.286	112	9	2	1841675	1841786	1723	1615	4.29e-32	1903245
Chr8	MoTER2	89.286	112	9	2	1841308	1841419	1723	1615	4.29e-32	1903245
Chr8	MoTER2	88.596	114	8	3	1629	1742	1615	1723	5.55e-31	1903245
Chr8	MoTER2	88.596	114	8	3	6768	6881	1615	1723	5.55e-31	1903245
Chr8	MoTER2	88.496	113	9	2	1867609	1867721	1723	1615	5.55e-31	1903245
Chr8	MoTER2	88.496	113	9	2	1862470	1862582	1723	1615	5.55e-31	1903245
Chr8	MoTER2	88.596	114	8	3	1857324	1857437	1723	1615	5.55e-31	1903245
Chr8	MoTER2	89.091	110	9	2	11935	12044	1615	1721	5.55e-31	1903245
Chr8	MoTER2	88.393	112	10	2	1882998	1883109	1723	1615	2.00e-30	1903245
Chr8	MoTER2	88.393	112	10	2	1877865	1877976	1723	1615	2.00e-30	1903245
Chr8	MoTER2	88.393	112	10	2	1872742	1872853	1723	1615	2.00e-30	1903245
Chr8	MoTER2	88.393	112	10	2	1410784	1410895	1723	1615	2.00e-30	1903245
Chr8	MoTER2	88.182	110	12	1	1847240	1847349	1723	1615	7.18e-30	1903245
Chr8	MoTER2	89.423	104	9	1	1753	1856	1622	1723	7.18e-30	1903245
Chr8	MoTER2	89.524	105	8	2	6899	7003	1622	1723	7.18e-30	1903245
Chr8	MoTER2	89.109	101	9	1	1892982	1893082	1720	1622	3.34e-28	1903245
Chr8	MoTER2	89.109	101	9	1	1872631	1872731	1720	1622	3.34e-28	1903245
Chr8	MoTER2	89.109	101	9	1	1867498	1867598	1720	1622	3.34e-28	1903245
Chr8	MoTER2	89.216	102	8	2	1862358	1862459	1720	1622	3.34e-28	1903245
Chr8	MoTER2	88.000	100	11	1	1882888	1882987	1720	1622	5.59e-26	1903245
Chr8	MoTER2	88.000	100	11	1	1877755	1877854	1720	1622	5.59e-26	1903245
Chr8	MoTER2	100.000	58	0	0	1847173	1847230	1723	1666	3.36e-23	1903245
Chr8	MoTER2	96.000	25	1	0	1902586	1902610	501	477	0.003	1903245
Chr8	MoTER2	96.000	25	1	0	2333	2357	477	501	0.003	1903245
Chr8	MoTER2	96.000	25	1	0	1897574	1897598	501	477	0.003	1903245
Chr8	MoTER2	96.000	25	1	0	7503	7527	477	501	0.003	1903245
Chr8	MoTER2	96.000	25	1	0	1892484	1892508	501	477	0.003	1903245
Chr8	MoTER2	96.000	25	1	0	12534	12558	477	501	0.003	1903245
Chr8	MoTER2	96.000	25	1	0	1882369	1882393	501	477	0.003	1903245
Chr8	MoTER2	96.000	25	1	0	1877239	1877263	501	477	0.003	1903245
Chr8	MoTER2	96.000	25	1	0	1866978	1867002	501	477	0.003	1903245
Chr8	MoTER2	96.000	25	1	0	1861833	1861857	501	477	0.003	1903245
Chr8	MoTER2	96.000	25	1	0	1856815	1856839	501	477	0.003	1903245
Chr8	MoTER2	96.000	25	1	0	1851749	1851773	501	477	0.003	1903245
Chr8	MoTER2	96.000	25	1	0	1846612	1846636	501	477	0.003	1903245
Chr8	MoTER2	95.652	23	1	0	1887497	1887519	499	477	0.045	1903245
Chr8	MoTER2	92.308	26	1	1	1872115	1872140	501	477	0.16	1903245
