SRR523975324984	cluster0	95.652	46	2	1	46	59	14	1.94e-19	46
SRR523975324984	cluster0	100.000	31	0	1	31	43	13	1.95e-14	46
SRR523975324984	cluster2	97.222	36	1	1	36	56	21	1.51e-15	46
SRR523975324984	cluster1	97.222	36	1	1	36	52	17	1.51e-15	46
SRR523975324984	cluster3	100.000	31	0	1	31	1	31	1.95e-14	46
SRR523975314216	cluster0	97.561	41	1	1	41	59	19	2.51e-18	46
SRR523975314216	cluster0	100.000	31	0	1	31	43	13	1.95e-14	46
SRR523975314216	cluster2	91.304	46	3	1	46	56	12	1.51e-15	46
SRR523975314216	cluster1	91.304	46	3	1	46	52	8	1.51e-15	46
SRR523975314216	cluster3	100.000	31	0	1	31	1	31	1.95e-14	46
SRR523975314776	cluster0	97.826	46	1	1	46	59	14	4.17e-21	46
SRR523975314776	cluster0	100.000	31	0	1	31	43	13	1.95e-14	46
SRR523975314776	cluster2	97.222	36	1	1	36	56	21	1.51e-15	46
SRR523975314776	cluster1	97.222	36	1	1	36	52	17	1.51e-15	46
SRR523975314776	cluster3	100.000	31	0	1	31	1	31	1.95e-14	46
SRR523975316712	cluster0	100.000	38	0	1	38	59	22	3.02e-18	54
SRR523975316712	cluster0	100.000	31	0	1	31	43	13	2.35e-14	54
SRR523975316712	cluster2	100.000	36	0	1	36	56	21	3.91e-17	54
SRR523975316712	cluster1	100.000	36	0	1	36	52	17	3.91e-17	54
SRR523975316712	cluster3	100.000	33	0	1	33	1	33	1.82e-15	54
SRR52397538224	cluster0	97.826	46	1	1	46	59	14	4.17e-21	46
SRR52397538224	cluster0	100.000	31	0	1	31	43	13	1.95e-14	46
SRR52397538224	cluster2	97.222	36	1	1	36	56	21	1.51e-15	46
SRR52397538224	cluster1	97.222	36	1	1	36	52	17	1.51e-15	46
SRR52397538224	cluster3	100.000	31	0	1	31	1	31	1.95e-14	46
SRR523975316648	cluster0	97.222	36	1	1	36	43	8	1.51e-15	46
SRR523975316648	cluster0	92.683	41	3	1	41	59	19	5.43e-15	46
SRR523975316648	cluster3	100.000	31	0	1	31	1	31	1.95e-14	46
SRR523975316648	cluster2	100.000	31	0	1	31	56	26	1.95e-14	46
SRR523975316648	cluster1	100.000	31	0	1	31	52	22	1.95e-14	46
SRR523975323352	cluster0	97.561	41	1	1	41	59	19	2.51e-18	46
SRR523975323352	cluster0	100.000	31	0	1	31	43	13	1.95e-14	46
SRR523975323352	cluster2	100.000	36	0	1	36	56	21	3.24e-17	46
SRR523975323352	cluster1	100.000	36	0	1	36	52	17	3.24e-17	46
SRR523975323352	cluster3	100.000	33	0	1	33	1	33	1.51e-15	46
SRR52397533064	cluster0	100.000	43	0	1	43	59	17	5.02e-21	54
SRR52397533064	cluster0	100.000	31	0	1	31	43	13	2.35e-14	54
SRR52397533064	cluster0	100.000	28	0	16	43	60	33	1.09e-12	54
SRR52397533064	cluster2	100.000	36	0	1	36	56	21	3.91e-17	54
SRR52397533064	cluster1	100.000	36	0	1	36	52	17	3.91e-17	54
SRR52397533064	cluster3	100.000	33	0	1	33	1	33	1.82e-15	54
SRR523975327640	cluster0	97.872	47	1	2	48	13	59	1.22e-21	48
SRR523975327640	cluster0	100.000	31	0	18	48	13	43	2.05e-14	48
SRR523975327640	cluster2	100.000	36	0	13	48	21	56	3.41e-17	48
SRR523975327640	cluster1	100.000	36	0	13	48	17	52	3.41e-17	48
SRR523975327640	cluster3	100.000	33	0	16	48	33	1	1.59e-15	48
SRR523975329568	cluster0	95.652	46	2	1	46	59	14	1.94e-19	46
SRR523975329568	cluster0	100.000	31	0	1	31	43	13	1.95e-14	46
SRR523975329568	cluster2	93.478	46	3	1	46	56	11	9.02e-18	46
SRR523975329568	cluster1	93.478	46	3	1	46	52	7	9.02e-18	46
SRR523975329568	cluster3	100.000	33	0	1	33	1	33	1.51e-15	46
