ERR20616225128	cluster2	100.000	42	0	19	60	60	19	5.51e-20	60
ERR20616223928	cluster1	97.619	42	1	1	42	30	71	1.68e-18	42
ERR2061622440	cluster1	100.000	46	0	1	46	30	75	2.41e-22	46
ERR20616224400	cluster4	100.000	59	0	1	59	5	63	1.95e-29	60
ERR20616224400	cluster7	100.000	30	0	31	60	4	33	2.58e-13	60
ERR20616224408	cluster7	100.000	43	0	1	43	5	47	1.03e-20	43
ERR20616224408	cluster4	100.000	28	0	1	28	36	63	2.25e-12	43
ERR20616225072	cluster2	100.000	42	0	1	42	1	42	3.60e-20	42
ERR20616227320	cluster0	100.000	29	0	26	54	59	31	9.29e-13	60
ERR20616227184	cluster1	100.000	35	0	26	60	89	55	4.29e-16	60
ERR20616222128	cluster0	90.741	54	0	1	49	59	6	1.15e-16	58
ERR20616222112	cluster0	90.741	54	0	1	49	59	6	1.08e-16	55
ERR20616222184	cluster5	96.970	33	1	28	60	60	28	7.18e-14	60
ERR20616221048	cluster3	100.000	40	0	1	40	1	40	4.39e-19	40
ERR20616221128	cluster3	100.000	43	0	1	43	1	43	1.03e-20	43
ERR20616221112	cluster3	100.000	45	0	1	45	1	45	8.43e-22	45
ERR20616222024	cluster0	100.000	29	0	1	29	59	31	6.07e-13	42
