ER2061616_V68244	MoTER2	100.000	31	0	0	1	31	85	55	6.18e-12	31
ER2061616_V62120	MoTER2	100.000	31	0	0	1	31	85	55	6.18e-12	31
ER2061616_V66284	MoTER2	100.000	30	0	0	1	30	84	55	2.09e-11	30
ER2061616_V66348	MoTER2	100.000	30	0	0	1	30	84	55	2.09e-11	30
ER2061616_V65804	MoTER2	100.000	29	0	0	1	29	83	55	7.06e-11	29
ER2061616_V67936	MoTER2	100.000	29	0	0	1	29	83	55	7.06e-11	29
ER2061616_V62312	MoTER2	100.000	29	0	0	1	29	83	55	7.06e-11	29
ER2061616_V64048	MoTER2	100.000	29	0	0	1	29	83	55	7.06e-11	29
ER2061616_V61520	MoTER2	100.000	34	0	0	1	34	88	55	1.56e-13	34
ER2061616_V69212	MoTER2	100.000	36	0	0	1	36	90	55	1.33e-14	36
ER2061616_V69812	MoTER2	100.000	36	0	0	1	36	90	55	1.33e-14	36
ER2061616_V64608	MoTER2	100.000	35	0	0	1	35	89	55	4.57e-14	35
ER2061616_V610092	MoTER2	100.000	35	0	0	1	35	89	55	4.57e-14	35
ER2061616_V64976	MoTER2	100.000	67	0	0	24	90	785	851	2.65e-31	90
ER2061616_V64976	MoTER1	100.000	67	0	0	24	90	785	851	2.65e-31	90
ER2061616_V63812	MoTER2	100.000	34	0	0	1	34	88	55	1.56e-13	34
ER2061616_V68992	MoTER2	100.000	33	0	0	1	33	87	55	5.34e-13	33
ER2061616_V66960	MoTER2	100.000	33	0	0	1	33	87	55	5.34e-13	33
ER2061616_V62448	MoTER2	100.000	33	0	0	1	33	87	55	5.34e-13	33
ER2061616_V64588	MoTER2	100.000	32	0	0	1	32	86	55	1.82e-12	32
ER2061616_V62564	MoTER1	100.000	28	0	0	1	28	1309	1282	2.88e-10	31
ER2061616_V62564	MoTER1	100.000	28	0	0	1	28	1376	1349	2.88e-10	31
ER2061616_V69016	MoTER2	100.000	31	0	0	1	31	85	55	6.18e-12	31
ER2061616_V61500	MoTER2	100.000	31	0	0	1	31	85	55	6.18e-12	31
ER2061616_V69708	MoTER2	100.000	31	0	0	1	31	85	55	6.18e-12	31
ER2061616_V6848	MoTER2	100.000	30	0	0	1	30	55	84	2.09e-11	30
ER2061616_V68108	MoTER2	100.000	33	0	0	1	33	55	87	5.34e-13	33
ER2061616_V66700	MoTER1	98.901	91	1	0	1	91	2653	2563	5.69e-43	91
ER2061616_V69892	MoTER2	100.000	35	0	0	1	35	55	89	4.57e-14	35
ER2061616_V68988	MoTER2	100.000	33	0	0	1	33	55	87	5.91e-13	35
ER2061616_V65588	MoTER2	100.000	37	0	0	1	37	55	91	3.87e-15	37
ER2061616_V68260	MoTER2	100.000	39	0	0	1	39	55	93	3.25e-16	39
ER2061616_V68260	MoTER1	97.436	39	1	0	1	39	55	93	1.51e-14	39
ER2061616_V66352	MoTER2	100.000	30	0	0	1	30	55	84	2.09e-11	30
ER2061616_V64612	MoTER2	100.000	28	0	0	1	28	55	82	2.37e-10	28
ER2061616_V67156	MoTER2	98.361	61	1	0	1	61	115	55	1.64e-26	61
ER2061616_V67156	MoTER1	96.721	61	2	0	1	61	115	55	7.62e-25	61
ER2061616_V6960	MoTER2	100.000	34	0	0	1	34	55	88	1.64e-13	35
ER2061616_V68284	MoTER2	97.101	69	2	0	1	69	55	123	3.37e-29	72
ER2061616_V68284	MoTER1	95.652	69	3	0	1	69	55	123	1.57e-27	72
ER2061616_V69208	MoTER2	100.000	36	0	0	1	36	55	90	1.33e-14	36
