ERR20616191376	cluster0	100.000	33	0	28	60	87	55	5.05e-15	60
ERR20616191696	cluster2	100.000	39	0	1	39	26	64	1.93e-18	51
ERR20616191696	cluster4	97.059	34	1	1	34	29	62	1.50e-14	51
ERR20616195600	cluster0	100.000	35	0	15	49	87	53	3.08e-16	49
ERR20616191696	cluster2	100.000	39	0	1	39	26	64	1.93e-18	51
ERR20616191696	cluster4	97.059	34	1	1	34	29	62	1.50e-14	51
ERR20616193432	cluster2	100.000	51	0	1	51	14	64	4.98e-25	60
ERR20616193432	cluster4	97.826	46	1	1	46	17	62	3.88e-21	60
ERR2061619856	cluster2	100.000	50	0	1	50	15	64	1.79e-24	60
ERR2061619856	cluster4	97.778	45	1	1	45	18	62	1.39e-20	60
ERR20616196264	cluster2	100.000	40	0	1	40	25	64	5.49e-19	52
ERR20616196264	cluster4	97.143	35	1	1	35	28	62	4.27e-15	52
ERR20616195840	cluster2	100.000	29	0	1	29	33	61	5.85e-13	44
ERR20616197248	cluster2	100.000	39	0	1	39	26	64	1.93e-18	51
ERR20616197248	cluster4	97.059	34	1	1	34	29	62	1.50e-14	51
ERR20616195968	cluster2	100.000	39	0	1	39	26	64	1.93e-18	51
ERR20616195968	cluster4	97.059	34	1	1	34	29	62	1.50e-14	51
