ER2061613_V6new8532	MoTER2	100.000	55	0	0	1	55	210	156	5.94e-26	1723
ER2061613_V6new8532	MoTER1	100.000	55	0	0	1	55	210	156	5.94e-26	5034
ER2061613_V6new8524	MoTER2	100.000	42	0	0	1	42	156	197	4.31e-19	1723
ER2061613_V6new8524	MoTER1	100.000	42	0	0	1	42	156	197	4.31e-19	5034
ER2061613_V6new3548	MoTER2	100.000	81	0	0	1	81	236	156	2.01e-40	1723
ER2061613_V6new3548	MoTER1	100.000	81	0	0	1	81	236	156	2.01e-40	5034
ER2061613_V6new8520	MoTER2	100.000	79	0	0	1	79	234	156	2.52e-39	1723
ER2061613_V6new8520	MoTER1	100.000	79	0	0	1	79	234	156	2.52e-39	5034
ER2061613_V6new6616	MoTER2	100.000	35	0	0	1	35	61	95	6.06e-15	1723
ER2061613_V6new6616	MoTER1	97.143	35	1	0	1	35	61	95	2.82e-13	5034
ER2061613_V6new8224	MoTER2	100.000	37	0	0	1	37	91	55	2.18e-16	1723
ER2061613_V6new9136	MoTER2	97.297	37	1	0	1	37	67	31	1.01e-14	1723
ER2061613_V6new9136	MoTER2	100.000	33	0	0	5	37	33	1	3.64e-14	1723
ER2061613_V6new9136	MoTER2	96.970	33	1	0	5	37	39	7	1.69e-12	1723
ER2061613_V6new9136	MoTER2	96.970	33	1	0	5	37	45	13	1.69e-12	1723
ER2061613_V6new9136	MoTER2	96.970	33	1	0	5	37	51	19	1.69e-12	1723
ER2061613_V6new9136	MoTER2	96.970	33	1	0	5	37	57	25	1.69e-12	1723
ER2061613_V6new9136	MoTER1	100.000	33	0	0	5	37	39	7	3.64e-14	5034
ER2061613_V6new9136	MoTER1	97.059	34	1	0	4	37	64	31	4.71e-13	5034
ER2061613_V6new9136	MoTER1	96.970	33	1	0	5	37	45	13	1.69e-12	5034
ER2061613_V6new9136	MoTER1	96.970	33	1	0	5	37	51	19	1.69e-12	5034
ER2061613_V6new9136	MoTER1	96.970	33	1	0	5	37	57	25	1.69e-12	5034
ER2061613_V6new1248	MoTER2	100.000	37	0	0	1	37	91	55	2.18e-16	1723
ER2061613_V6new2164	MoTER2	100.000	37	0	0	1	37	91	55	2.18e-16	1723
ER2061613_V6new748	MoTER2	100.000	36	0	0	1	36	90	55	7.53e-16	1723
ER2061613_V6new2124	MoTER2	100.000	35	0	0	1	35	89	55	2.60e-15	1723
ER2061613_V6new7084	MoTER2	100.000	35	0	0	1	35	89	55	2.60e-15	1723
ER2061613_V6new2728	MoTER2	100.000	35	0	0	1	35	89	55	2.60e-15	1723
ER2061613_V6new8248	MoTER2	100.000	34	0	0	1	34	88	55	8.96e-15	1723
ER2061613_V6new8300	MoTER2	100.000	34	0	0	1	34	88	55	8.96e-15	1723
ER2061613_V6new7152	MoTER2	100.000	33	0	0	1	33	33	1	3.08e-14	1723
ER2061613_V6new7152	MoTER2	96.970	33	1	0	1	33	39	7	1.43e-12	1723
ER2061613_V6new7152	MoTER2	96.970	33	1	0	1	33	45	13	1.43e-12	1723
ER2061613_V6new7152	MoTER2	96.970	33	1	0	1	33	51	19	1.43e-12	1723
ER2061613_V6new7152	MoTER2	96.970	33	1	0	1	33	57	25	1.43e-12	1723
ER2061613_V6new7152	MoTER2	96.970	33	1	0	1	33	63	31	1.43e-12	1723
ER2061613_V6new7152	MoTER1	100.000	33	0	0	1	33	39	7	3.08e-14	5034
ER2061613_V6new7152	MoTER1	96.970	33	1	0	1	33	45	13	1.43e-12	5034
ER2061613_V6new7152	MoTER1	96.970	33	1	0	1	33	51	19	1.43e-12	5034
ER2061613_V6new7152	MoTER1	96.970	33	1	0	1	33	57	25	1.43e-12	5034
ER2061613_V6new7152	MoTER1	96.970	33	1	0	1	33	63	31	1.43e-12	5034
ER2061613_V6new4156	MoTER2	100.000	30	0	0	1	30	30	1	1.30e-12	1723
ER2061613_V6new4156	MoTER1	100.000	30	0	0	1	30	36	7	1.30e-12	5034
ER2061613_V6new5656	MoTER2	100.000	33	0	0	1	33	1	33	3.08e-14	1723
ER2061613_V6new5656	MoTER2	96.970	33	1	0	1	33	7	39	1.43e-12	1723
ER2061613_V6new5656	MoTER2	96.970	33	1	0	1	33	13	45	1.43e-12	1723
ER2061613_V6new5656	MoTER2	96.970	33	1	0	1	33	19	51	1.43e-12	1723
ER2061613_V6new5656	MoTER2	96.970	33	1	0	1	33	25	57	1.43e-12	1723
ER2061613_V6new5656	MoTER2	96.970	33	1	0	1	33	31	63	1.43e-12	1723
ER2061613_V6new5656	MoTER1	100.000	33	0	0	1	33	7	39	3.08e-14	5034
ER2061613_V6new5656	MoTER1	96.970	33	1	0	1	33	13	45	1.43e-12	5034
ER2061613_V6new5656	MoTER1	96.970	33	1	0	1	33	19	51	1.43e-12	5034
ER2061613_V6new5656	MoTER1	96.970	33	1	0	1	33	25	57	1.43e-12	5034
ER2061613_V6new5656	MoTER1	96.970	33	1	0	1	33	31	63	1.43e-12	5034
ER2061613_V6new4340	MoTER2	100.000	37	0	0	1	37	55	91	2.18e-16	1723
ER2061613_V6new9408	MoTER2	100.000	32	0	0	1	32	55	86	2.62e-13	1723
ER2061613_V6new4388	MoTER2	100.000	33	0	0	1	33	55	87	3.08e-14	1723
ER2061613_V6new5456	MoTER2	100.000	29	0	0	1	29	83	55	4.46e-12	1723
ER2061613_V6new6960	MoTER2	100.000	29	0	0	1	29	83	55	4.46e-12	1723
ER2061613_V6new1004	MoTER2	100.000	31	0	0	1	31	85	55	3.81e-13	1723
ER2061613_V6new2968	MoTER2	100.000	28	0	0	1	28	55	82	4.22e-11	1723
ER2061613_V6new7124	MoTER2	100.000	33	0	0	1	33	1	33	3.08e-14	1723
ER2061613_V6new7124	MoTER2	96.970	33	1	0	1	33	7	39	1.43e-12	1723
ER2061613_V6new7124	MoTER2	96.970	33	1	0	1	33	13	45	1.43e-12	1723
ER2061613_V6new7124	MoTER2	96.970	33	1	0	1	33	19	51	1.43e-12	1723
ER2061613_V6new7124	MoTER2	96.970	33	1	0	1	33	25	57	1.43e-12	1723
ER2061613_V6new7124	MoTER2	96.970	33	1	0	1	33	31	63	1.43e-12	1723
ER2061613_V6new7124	MoTER1	100.000	33	0	0	1	33	7	39	3.08e-14	5034
ER2061613_V6new7124	MoTER1	96.970	33	1	0	1	33	13	45	1.43e-12	5034
ER2061613_V6new7124	MoTER1	96.970	33	1	0	1	33	19	51	1.43e-12	5034
ER2061613_V6new7124	MoTER1	96.970	33	1	0	1	33	25	57	1.43e-12	5034
ER2061613_V6new7124	MoTER1	96.970	33	1	0	1	33	31	63	1.43e-12	5034
ER2061613_V6new8464	MoTER2	100.000	29	0	0	1	29	1	29	4.46e-12	1723
ER2061613_V6new8464	MoTER1	100.000	29	0	0	1	29	7	35	4.46e-12	5034
ER2061613_V6new6604	MoTER2	100.000	29	0	0	1	29	61	89	4.46e-12	1723
ER2061613_V6new3044	MoTER2	100.000	30	0	0	1	30	55	84	1.30e-12	1723
ER2061613_V6new752	MoTER2	100.000	30	0	0	1	30	55	84	1.30e-12	1723
ER2061613_V6new7192	MoTER2	100.000	31	0	0	1	31	1	31	3.81e-13	1723
ER2061613_V6new7192	MoTER1	100.000	31	0	0	1	31	7	37	3.81e-13	5034
ER2061613_V6new8244	MoTER2	100.000	31	0	0	1	31	55	85	3.81e-13	1723
ER2061613_V6new9272	MoTER2	100.000	32	0	0	1	32	55	86	1.11e-13	1723
ER2061613_V6new3480	MoTER2	100.000	31	0	0	1	31	1	31	3.81e-13	1723
ER2061613_V6new3480	MoTER1	100.000	31	0	0	1	31	7	37	3.81e-13	5034
ER2061613_V6new2616	MoTER2	100.000	33	0	0	1	33	1	33	3.22e-14	1723
ER2061613_V6new2616	MoTER2	97.059	34	1	0	1	34	31	64	4.17e-13	1723
ER2061613_V6new2616	MoTER2	96.970	33	1	0	1	33	7	39	1.50e-12	1723
ER2061613_V6new2616	MoTER2	96.970	33	1	0	1	33	13	45	1.50e-12	1723
ER2061613_V6new2616	MoTER2	96.970	33	1	0	1	33	19	51	1.50e-12	1723
ER2061613_V6new2616	MoTER2	96.970	33	1	0	1	33	25	57	1.50e-12	1723
ER2061613_V6new2616	MoTER1	100.000	33	0	0	1	33	7	39	3.22e-14	5034
ER2061613_V6new2616	MoTER1	97.059	34	1	0	1	34	31	64	4.17e-13	5034
ER2061613_V6new2616	MoTER1	96.970	33	1	0	1	33	13	45	1.50e-12	5034
ER2061613_V6new2616	MoTER1	96.970	33	1	0	1	33	19	51	1.50e-12	5034
ER2061613_V6new2616	MoTER1	96.970	33	1	0	1	33	25	57	1.50e-12	5034
ER2061613_V6new7500	MoTER2	100.000	35	0	0	1	35	55	89	2.60e-15	1723
ER2061613_V6new7620	MoTER2	98.462	65	1	0	1	65	120	56	5.72e-30	1723
ER2061613_V6new7620	MoTER1	96.923	65	2	0	1	65	120	56	2.66e-28	5034
ER2061613_V6new604	MoTER2	96.875	64	2	0	1	64	94	31	9.22e-28	1723
ER2061613_V6new604	MoTER2	100.000	33	0	0	32	64	33	1	7.28e-14	1723
ER2061613_V6new604	MoTER2	96.970	33	1	0	32	64	39	7	3.39e-12	1723
ER2061613_V6new604	MoTER2	96.970	33	1	0	32	64	45	13	3.39e-12	1723
ER2061613_V6new604	MoTER2	96.970	33	1	0	32	64	51	19	3.39e-12	1723
ER2061613_V6new604	MoTER1	95.312	64	3	0	1	64	94	31	4.29e-26	5034
ER2061613_V6new604	MoTER1	100.000	33	0	0	32	64	39	7	7.28e-14	5034
ER2061613_V6new604	MoTER1	96.970	33	1	0	32	64	45	13	3.39e-12	5034
ER2061613_V6new604	MoTER1	96.970	33	1	0	32	64	51	19	3.39e-12	5034
ER2061613_V6new4176	MoTER2	100.000	35	0	0	1	35	55	89	2.60e-15	1723
ER2061613_V6new4316	MoTER2	100.000	37	0	0	1	37	55	91	2.18e-16	1723
ER2061613_V6new4772	MoTER2	100.000	33	0	0	1	33	1	33	3.36e-14	1723
ER2061613_V6new4772	MoTER2	97.143	35	1	0	1	35	31	65	1.21e-13	1723
ER2061613_V6new4772	MoTER2	96.970	33	1	0	1	33	7	39	1.56e-12	1723
ER2061613_V6new4772	MoTER2	96.970	33	1	0	1	33	13	45	1.56e-12	1723
ER2061613_V6new4772	MoTER2	96.970	33	1	0	1	33	19	51	1.56e-12	1723
ER2061613_V6new4772	MoTER2	96.970	33	1	0	1	33	25	57	1.56e-12	1723
ER2061613_V6new4772	MoTER1	100.000	33	0	0	1	33	7	39	3.36e-14	5034
ER2061613_V6new4772	MoTER1	97.059	34	1	0	1	34	31	64	4.35e-13	5034
ER2061613_V6new4772	MoTER1	96.970	33	1	0	1	33	13	45	1.56e-12	5034
ER2061613_V6new4772	MoTER1	96.970	33	1	0	1	33	19	51	1.56e-12	5034
ER2061613_V6new4772	MoTER1	96.970	33	1	0	1	33	25	57	1.56e-12	5034
ER2061613_V6new6668	MoTER2	97.368	38	1	0	1	38	61	98	2.92e-15	1723
ER2061613_V6new6648	MoTER2	97.619	42	1	0	1	42	61	102	2.01e-17	1723
