ERR20616231528	cluster4	97.674	43	1	1	43	12	54	2.87e-19	43
ERR20616231528	cluster3	97.674	43	1	1	43	1	43	2.87e-19	43
ERR20616231528	cluster0	100.000	28	0	16	43	76	49	1.34e-12	43
ERR20616233416	cluster4	97.826	46	1	1	46	12	57	6.40e-21	46
ERR20616233416	cluster3	97.727	44	1	1	44	1	44	8.27e-20	46
ERR20616234008	cluster2	100.000	60	0	1	60	6	65	3.10e-30	60
ERR20616233920	cluster4	95.238	42	2	1	42	12	53	4.66e-17	42
ERR20616233920	cluster3	95.238	42	2	1	42	1	42	4.66e-17	42
ERR20616234776	cluster0	100.000	35	0	26	60	18	52	2.45e-16	60
ERR20616233752	cluster1	100.000	44	0	1	44	44	1	1.76e-21	44
ERR20616233664	cluster1	100.000	55	0	1	55	55	1	1.69e-27	55
ERR20616233744	cluster1	100.000	49	0	12	60	60	12	4.04e-24	60
ERR20616233800	cluster1	100.000	38	0	23	60	60	23	5.27e-18	60
ERR2061623808	cluster2	100.000	46	0	15	60	65	20	1.88e-22	60
