ERR20616151752	cluster3	100.000	38	0	6	43	28	65	8.95e-18	43
ERR20616158432	cluster9	100.000	43	0	1	43	26	68	2.14e-20	60
ERR20616158432	cluster0	100.000	43	0	4	46	2	44	2.14e-20	60
ERR20616158432	cluster5	100.000	31	0	1	31	34	64	1.00e-13	60
ERR2061615656	cluster9	100.000	44	0	1	44	25	68	5.94e-21	60
ERR2061615656	cluster0	100.000	43	0	5	47	2	44	2.14e-20	60
ERR2061615656	cluster5	100.000	32	0	1	32	33	64	2.78e-14	60
ERR20616156560	cluster6	100.000	50	0	1	50	30	79	2.26e-24	51
ERR20616156568	cluster9	100.000	51	0	1	51	18	68	6.73e-25	54
ERR20616156568	cluster0	100.000	43	0	12	54	2	44	1.88e-20	54
ERR20616156568	cluster5	100.000	39	0	1	39	26	64	3.15e-18	54
ERR20616153008	cluster4	96.552	29	1	32	60	72	44	1.67e-11	60
ERR20616158296	cluster9	100.000	43	0	1	43	26	68	1.55e-20	46
ERR20616158296	cluster0	100.000	43	0	4	46	2	44	1.55e-20	46
ERR20616158296	cluster5	100.000	31	0	1	31	34	64	7.26e-14	46
ERR20616154216	cluster9	100.000	45	0	1	45	24	68	1.26e-21	48
ERR20616154216	cluster0	100.000	43	0	6	48	2	44	1.63e-20	48
ERR20616154216	cluster5	100.000	33	0	1	33	32	64	5.91e-15	48
ERR20616157408	cluster0	100.000	33	0	1	33	12	44	7.73e-15	60
ERR20616157408	cluster9	100.000	30	0	1	30	39	68	3.60e-13	60
ERR20616154160	cluster9	100.000	52	0	2	53	17	68	1.95e-25	56
ERR20616154160	cluster0	100.000	43	0	14	56	2	44	1.97e-20	56
ERR20616154160	cluster5	100.000	41	0	1	41	24	64	2.55e-19	56
ERR2061615416	cluster0	100.000	43	0	3	45	2	44	1.51e-20	45
ERR2061615416	cluster9	100.000	42	0	1	42	27	68	5.42e-20	45
ERR2061615416	cluster5	100.000	30	0	1	30	35	64	2.54e-13	45
ERR20616158560	cluster9	100.000	44	0	1	44	25	68	4.42e-21	47
ERR20616158560	cluster0	100.000	43	0	5	47	2	44	1.59e-20	47
ERR20616158560	cluster5	100.000	32	0	1	32	33	64	2.07e-14	47
ERR20616151920	cluster9	100.000	44	0	1	44	25	68	4.42e-21	47
ERR20616151920	cluster0	100.000	43	0	5	47	2	44	1.59e-20	47
ERR20616151920	cluster5	100.000	32	0	1	32	33	64	2.07e-14	47
ERR20616152928	cluster4	97.561	41	1	18	58	72	32	3.57e-18	60
