ERR2061612584	cluster0	100.000	44	0	1	44	1	44	2.17e-21	52
ERR20616123376	cluster3	97.500	40	1	1	40	7	46	1.29e-17	40
ERR20616125872	cluster0	100.000	33	0	25	57	1	33	3.15e-15	57
ERR20616123920	cluster0	100.000	30	0	25	54	1	30	1.38e-13	54
ERR20616127512	cluster4	100.000	25	0	31	55	26	50	9.36e-11	60
ERR20616125240	cluster4	100.000	25	0	31	55	26	50	9.36e-11	60
ERR20616121248	cluster0	100.000	44	0	1	44	1	44	2.22e-21	53
ERR2061612616	cluster3	100.000	53	0	8	60	65	13	2.55e-26	60
ERR2061612616	cluster2	100.000	38	0	3	40	20	57	5.55e-18	60
ERR20616122192	cluster3	100.000	52	0	9	60	65	14	9.16e-26	60
ERR20616122192	cluster2	97.619	42	0	1	41	16	57	5.55e-18	60
ERR20616127464	cluster3	100.000	41	0	1	41	7	47	7.93e-20	41
ERR20616122288	cluster0	100.000	44	0	1	44	1	44	2.12e-21	51
ERR2061612936	cluster3	100.000	47	0	14	60	65	19	5.52e-23	60
ERR2061612936	cluster2	97.872	47	0	1	46	11	57	9.23e-21	60
ERR20616124256	cluster0	100.000	44	0	3	46	44	1	2.57e-21	60
ERR20616126720	cluster0	100.000	44	0	13	56	44	1	2.57e-21	60
ERR20616123856	cluster0	100.000	44	0	8	51	44	1	2.57e-21	60
ERR2061612376	cluster0	100.000	32	0	1	32	32	1	1.11e-14	56
ERR20616122800	cluster3	97.222	36	1	7	42	7	42	2.29e-15	42
ERR20616121000	cluster0	100.000	34	0	1	34	34	1	8.94e-16	58
ERR20616123824	cluster3	100.000	40	0	1	40	7	46	2.77e-19	40
ERR2061612568	cluster3	100.000	40	0	1	40	7	46	2.77e-19	40
ERR20616125688	cluster0	100.000	44	0	1	44	1	44	1.88e-21	46
ERR20616127432	cluster0	100.000	36	0	1	36	36	1	7.19e-17	60
ERR20616127544	cluster2	98.000	50	0	1	49	8	57	1.98e-22	60
ERR20616127544	cluster3	100.000	44	0	17	60	65	22	2.57e-21	60
ERR20616122160	cluster0	100.000	36	0	25	60	1	36	7.19e-17	60
ERR20616121728	cluster0	100.000	36	0	25	60	1	36	7.19e-17	60
ERR20616124856	cluster0	100.000	36	0	25	60	1	36	7.19e-17	60
ERR2061612592	cluster0	100.000	36	0	25	60	1	36	7.19e-17	60
