ERR20616212096	cluster4	100.000	31	0	30	60	19	49	6.14e-14	60
ERR20616215360	cluster3	100.000	49	0	12	60	60	12	6.06e-24	60
ERR20616211176	cluster6	97.561	41	1	1	41	1	41	5.01e-18	41
ERR20616214744	cluster3	100.000	43	0	1	43	1	43	8.83e-21	43
ERR20616212488	cluster6	100.000	42	0	1	42	1	42	3.08e-20	42
ERR20616211808	cluster6	100.000	45	0	1	45	1	45	7.21e-22	45
ERR20616211680	cluster4	100.000	44	0	14	57	19	62	3.65e-21	60
ERR20616211672	cluster1	97.872	47	1	1	47	47	1	9.16e-22	55
ERR20616211672	cluster5	100.000	44	0	1	44	15	58	3.29e-21	55
ERR20616215376	cluster3	100.000	39	0	22	60	60	22	2.19e-18	60
ERR20616218096	cluster3	100.000	28	0	33	60	60	33	2.86e-12	60
ERR20616216968	cluster5	100.000	44	0	1	44	15	58	2.66e-21	46
ERR20616216968	cluster1	100.000	44	0	1	44	47	4	2.66e-21	46
ERR20616216960	cluster1	97.222	36	1	25	60	1	36	1.32e-15	60
ERR20616216960	cluster5	100.000	33	0	28	60	58	26	4.75e-15	60
