ER2061615_V610088	MoTER2	100.000	48	0	0	22	69	1555	1602	3.66e-22	69
ER2061615_V61500	MoTER2	100.000	56	0	0	16	71	1555	1610	1.35e-26	71
ER2061615_V610060	MoTER2	100.000	51	0	0	22	72	1555	1605	8.29e-24	72
ER2061615_V61512	MoTER2	98.630	73	0	1	27	99	1555	1626	1.18e-33	99
ER2061615_V6612	MoTER1	100.000	37	0	0	1	37	1852	1816	2.18e-16	37
ER2061615_V67688	MoTER1	100.000	42	0	0	1	42	4333	4292	4.31e-19	42
ER2061615_V63832	MoTER1	100.000	30	0	0	1	30	1845	1816	1.30e-12	30
ER2061615_V68192	MoTER2	100.000	31	0	0	1	31	31	1	3.81e-13	31
ER2061615_V68192	MoTER1	100.000	31	0	0	1	31	37	7	3.81e-13	31
ER2061615_V6168	MoTER1	100.000	32	0	0	1	32	1847	1816	1.11e-13	32
ER2061615_V65124	MoTER1	100.000	85	0	0	1	85	1700	1616	1.68e-42	109
ER2061615_V63864	MoTER2	100.000	87	0	0	1	87	336	250	1.05e-43	90
ER2061615_V63864	MoTER1	100.000	87	0	0	1	87	336	250	1.05e-43	90
ER2061615_V63400	MoTER1	100.000	69	0	0	1	69	4523	4455	7.76e-34	69
