aERR2061620_V6cut8948	cluster3	95.652	46	2	0	7	52	98	53	1.39e-18	75.0
aERR2061620_V6cut11332	cluster0	100.000	29	0	0	8	36	69	97	7.99e-13	54.7
aERR2061620_V6cut12116	cluster0	100.000	29	0	0	8	36	69	97	7.99e-13	54.7
aERR2061620_V6cut7620	cluster0	92.500	40	0	1	1	37	58	97	8.28e-13	54.7
aERR2061620_V6cut7684	cluster0	92.500	40	0	1	1	37	97	58	8.28e-13	54.7
aERR2061620_V6cut588	cluster0	100.000	29	0	0	1	29	69	97	1.25e-12	54.7
aERR2061620_V6cut772	cluster0	100.000	29	0	0	5	33	69	97	7.14e-13	54.7
aERR2061620_V6cut10444	cluster0	100.000	29	0	0	3	31	69	97	6.57e-13	54.7
aERR2061620_V6cut1476	cluster0	100.000	29	0	0	4	32	69	97	6.85e-13	54.7
aERR2061620_V6cut12140	cluster0	100.000	29	0	0	5	33	69	97	7.14e-13	54.7
aERR2061620_V6cut11500	cluster0	100.000	29	0	0	5	33	69	97	7.14e-13	54.7
aERR2061620_V6cut11520	cluster0	100.000	29	0	0	5	33	69	97	7.14e-13	54.7
aERR2061620_V6cut1648	cluster0	100.000	29	0	0	5	33	69	97	7.14e-13	54.7
aERR2061620_V6cut8936	cluster3	100.000	33	0	0	1	33	66	98	4.26e-15	62.1
aERR2061620_V6cut5704	cluster0	100.000	29	0	0	5	33	69	97	7.14e-13	54.7
aERR2061620_V6cut7580	cluster0	100.000	29	0	0	5	33	69	97	7.14e-13	54.7
aERR2061620_V6cut5648	cluster0	100.000	29	0	0	8	36	69	97	7.99e-13	54.7
aERR2061620_V6cut484	cluster0	100.000	29	0	0	5	33	69	97	7.14e-13	54.7
aERR2061620_V6cut9296	cluster0	100.000	29	0	0	6	34	69	97	7.42e-13	54.7
aERR2061620_V6cut880	cluster0	100.000	29	0	0	6	34	69	97	7.42e-13	54.7
aERR2061620_V6cut11316	cluster0	100.000	29	0	0	7	35	69	97	7.71e-13	54.7
aERR2061620_V6cut2664	cluster0	100.000	29	0	0	7	35	69	97	7.71e-13	54.7
aERR2061620_V6cut640	cluster0	100.000	29	0	0	7	35	69	97	7.71e-13	54.7
aERR2061620_V6cut1656	cluster2	100.000	35	0	0	1	35	66	100	3.56e-16	65.8
aERR2061620_V6cut6772	cluster0	100.000	29	0	0	8	36	69	97	7.99e-13	54.7
aERR2061620_V6cut11428	cluster0	100.000	29	0	0	8	36	69	97	7.99e-13	54.7
aERR2061620_V6cut1616	cluster2	100.000	36	0	0	1	36	65	100	1.03e-16	67.6
aERR2061620_V6cut5796	cluster0	100.000	29	0	0	8	36	69	97	7.99e-13	54.7
aERR2061620_V6cut776	cluster0	100.000	29	0	0	1	29	97	69	7.14e-13	54.7
aERR2061620_V6cut10744	cluster0	91.304	46	1	1	1	43	97	52	2.07e-14	60.2
aERR2061620_V6cut12556	cluster0	100.000	29	0	0	1	29	97	69	7.71e-13	54.7
aERR2061620_V6cut708	cluster0	92.500	40	0	1	1	37	97	58	8.28e-13	54.7
aERR2061620_V6cut8932	cluster3	100.000	33	0	0	1	33	98	66	4.26e-15	62.1
aERR2061620_V6cut12504	cluster0	100.000	29	0	0	1	29	97	69	7.71e-13	54.7
aERR2061620_V6cut8856	cluster3	100.000	35	0	0	1	35	98	64	3.56e-16	65.8
aERR2061620_V6cut8880	cluster3	100.000	33	0	0	1	33	98	66	4.26e-15	62.1
aERR2061620_V6cut6972	cluster0	100.000	29	0	0	1	29	97	69	7.42e-13	54.7
aERR2061620_V6cut6816	cluster0	100.000	29	0	0	1	29	97	69	6.28e-13	54.7
aERR2061620_V6cut5904	cluster0	100.000	29	0	0	1	29	97	69	6.57e-13	54.7
aERR2061620_V6cut876	cluster0	100.000	29	0	0	1	29	97	69	7.42e-13	54.7
aERR2061620_V6cut4056	cluster0	93.220	59	1	1	15	70	39	97	2.20e-21	84.2
aERR2061620_V6cut11504	cluster0	100.000	29	0	0	1	29	97	69	7.42e-13	54.7
