aERR2061612_V6cut6736	MoTER1	98.780	82	1	0	1	82	1337	1256	5.06e-38	5034
aERR2061612_V6cut6736	MoTER1	97.183	71	2	0	12	82	1393	1323	3.06e-30	5034
aERR2061612_V6cut6704	MoTER1	98.684	76	1	0	1	76	1331	1256	9.96e-35	5034
aERR2061612_V6cut6704	MoTER1	97.183	71	2	0	6	76	1393	1323	2.79e-30	5034
aERR2061612_V6cut6612	MoTER1	100.000	47	0	0	1	47	1302	1256	1.53e-20	5034
aERR2061612_V6cut2428	MoTER1	98.795	83	1	0	1	83	1256	1338	1.43e-38	5034
aERR2061612_V6cut2428	MoTER1	97.183	71	2	0	1	71	1323	1393	3.11e-30	5034
aERR2061612_V6cut4344	MoTER2	100.000	37	0	0	1	37	91	55	3.87e-15	1723
aERR2061612_V6cut5880	MoTER2	97.297	37	1	0	1	37	31	67	1.88e-13	1723
aERR2061612_V6cut5880	MoTER2	100.000	33	0	0	1	33	1	33	6.75e-13	1723
aERR2061612_V6cut5880	MoTER2	96.970	33	1	0	1	33	7	39	3.14e-11	1723
aERR2061612_V6cut5880	MoTER2	96.970	33	1	0	1	33	13	45	3.14e-11	1723
aERR2061612_V6cut5880	MoTER2	96.970	33	1	0	1	33	19	51	3.14e-11	1723
aERR2061612_V6cut5880	MoTER2	96.970	33	1	0	1	33	25	57	3.14e-11	1723
aERR2061612_V6cut5880	MoTER1	100.000	33	0	0	1	33	7	39	6.75e-13	5034
aERR2061612_V6cut5880	MoTER1	97.059	34	1	0	1	34	31	64	8.73e-12	5034
aERR2061612_V6cut5880	MoTER1	96.970	33	1	0	1	33	13	45	3.14e-11	5034
aERR2061612_V6cut5880	MoTER1	96.970	33	1	0	1	33	19	51	3.14e-11	5034
aERR2061612_V6cut5880	MoTER1	96.970	33	1	0	1	33	25	57	3.14e-11	5034
aERR2061612_V6cut5180	MoTER2	100.000	30	0	0	1	30	90	61	2.09e-11	1723
aERR2061612_V6cut6536	MoTER2	95.652	46	2	0	1	46	76	31	1.16e-16	1723
aERR2061612_V6cut2880	MoTER2	100.000	35	0	0	1	35	55	89	4.78e-14	1723
aERR2061612_V6cut5176	MoTER2	100.000	31	0	0	1	31	61	91	1.75e-11	1723
aERR2061612_V6cut772	MoTER2	100.000	31	0	0	1	31	31	1	6.18e-12	1723
aERR2061612_V6cut772	MoTER1	100.000	31	0	0	1	31	37	7	6.18e-12	5034
aERR2061612_V6cut5876	MoTER2	97.297	37	1	0	1	37	67	31	1.80e-13	1723
aERR2061612_V6cut5876	MoTER2	100.000	33	0	0	5	37	33	1	6.47e-13	1723
aERR2061612_V6cut5876	MoTER2	96.970	33	1	0	5	37	39	7	3.01e-11	1723
aERR2061612_V6cut5876	MoTER2	96.970	33	1	0	5	37	45	13	3.01e-11	1723
aERR2061612_V6cut5876	MoTER2	96.970	33	1	0	5	37	51	19	3.01e-11	1723
aERR2061612_V6cut5876	MoTER2	96.970	33	1	0	5	37	57	25	3.01e-11	1723
aERR2061612_V6cut5876	MoTER1	100.000	33	0	0	5	37	39	7	6.47e-13	5034
aERR2061612_V6cut5876	MoTER1	97.059	34	1	0	4	37	64	31	8.37e-12	5034
aERR2061612_V6cut5876	MoTER1	96.970	33	1	0	5	37	45	13	3.01e-11	5034
aERR2061612_V6cut5876	MoTER1	96.970	33	1	0	5	37	51	19	3.01e-11	5034
aERR2061612_V6cut5876	MoTER1	96.970	33	1	0	5	37	57	25	3.01e-11	5034
aERR2061612_V6cut3372	MoTER2	100.000	37	0	0	1	37	91	55	3.87e-15	1723
aERR2061612_V6cut2756	MoTER2	100.000	32	0	0	1	32	86	55	1.82e-12	1723
aERR2061612_V6cut6112	MoTER2	100.000	37	0	0	1	37	91	55	3.87e-15	1723
aERR2061612_V6cut4132	MoTER2	100.000	36	0	0	1	36	90	55	1.33e-14	1723
aERR2061612_V6cut4316	MoTER2	100.000	36	0	0	1	36	90	55	1.33e-14	1723
aERR2061612_V6cut5772	MoTER2	100.000	34	0	0	1	34	88	55	1.56e-13	1723
aERR2061612_V6cut2676	MoTER2	100.000	31	0	0	1	31	85	55	6.18e-12	1723
aERR2061612_V6cut4792	MoTER2	100.000	34	0	0	1	34	88	55	1.56e-13	1723
aERR2061612_V6cut4220	MoTER2	100.000	34	0	0	1	34	88	55	1.56e-13	1723
aERR2061612_V6cut7240	MoTER2	100.000	33	0	0	1	33	87	55	5.34e-13	1723
aERR2061612_V6cut6520	MoTER2	100.000	33	0	0	1	33	87	55	5.34e-13	1723
aERR2061612_V6cut3028	MoTER2	100.000	33	0	0	1	33	87	55	5.34e-13	1723
aERR2061612_V6cut1576	MoTER2	100.000	32	0	0	1	32	86	55	1.82e-12	1723
aERR2061612_V6cut4248	MoTER2	100.000	31	0	0	1	31	55	85	6.18e-12	1723
aERR2061612_V6cut5900	MoTER2	100.000	31	0	0	1	31	55	85	6.18e-12	1723
aERR2061612_V6cut7172	MoTER2	100.000	34	0	0	1	34	55	88	1.64e-13	1723
aERR2061612_V6cut5844	MoTER2	100.000	34	0	0	1	34	55	88	1.56e-13	1723
aERR2061612_V6cut2200	MoTER2	98.333	60	1	0	1	60	114	55	5.76e-26	1723
aERR2061612_V6cut2200	MoTER1	96.667	60	2	0	1	60	114	55	2.68e-24	5034
