ERR20616149800	cluster3	100.000	52	0	1	52	1	52	1.27e-25	53
ERR20616149800	cluster5	100.000	44	0	10	53	66	23	3.54e-21	53
ERR20616149800	cluster6	100.000	29	0	25	53	10	38	7.72e-13	53
ERR20616149800	cluster1	100.000	29	0	25	53	15	43	7.72e-13	53
ERR20616142640	cluster3	100.000	46	0	1	46	46	1	2.31e-22	46
ERR20616142640	cluster5	100.000	37	0	1	37	30	66	2.33e-17	46
ERR20616148576	cluster3	98.077	52	1	8	59	52	1	6.67e-24	59
ERR20616148576	cluster5	98.000	50	1	1	50	17	66	8.63e-23	59
ERR20616148576	cluster6	100.000	35	0	1	35	44	10	4.04e-16	59
ERR20616148576	cluster1	100.000	35	0	1	35	49	15	4.04e-16	59
ERR206161410464	cluster4	97.826	46	0	1	45	7	52	3.77e-20	45
ERR206161410400	cluster1	100.000	52	0	1	52	15	66	1.46e-25	60
ERR206161410400	cluster6	100.000	44	0	1	44	10	53	4.09e-21	60
ERR206161410400	cluster5	100.000	44	0	1	44	51	8	4.09e-21	60
ERR206161410400	cluster2	92.453	53	0	12	60	78	26	2.46e-18	60
ERR206161410400	cluster3	100.000	28	0	1	28	25	52	3.21e-12	60
ERR20616148944	cluster3	100.000	52	0	9	60	52	1	1.46e-25	60
ERR20616148944	cluster5	100.000	51	0	1	51	16	66	5.26e-25	60
ERR20616148944	cluster6	100.000	36	0	1	36	45	10	1.15e-16	60
ERR20616148944	cluster1	100.000	36	0	1	36	50	15	1.15e-16	60
ERR20616144272	cluster3	98.077	52	1	1	52	1	52	6.67e-24	59
ERR20616144272	cluster5	98.000	50	1	10	59	66	17	8.63e-23	59
ERR20616148392	cluster3	100.000	52	0	5	56	52	1	1.35e-25	56
ERR20616148392	cluster5	100.000	47	0	1	47	20	66	8.12e-23	56
ERR20616148392	cluster6	100.000	32	0	1	32	41	10	1.77e-14	56
ERR20616148392	cluster1	100.000	32	0	1	32	46	15	1.77e-14	56
ERR2061614784	cluster3	100.000	52	0	8	59	52	1	1.43e-25	59
ERR2061614784	cluster5	100.000	50	0	1	50	17	66	1.85e-24	59
ERR2061614784	cluster6	100.000	35	0	1	35	44	10	4.04e-16	59
ERR2061614784	cluster1	100.000	35	0	1	35	49	15	4.04e-16	59
ERR20616148824	cluster4	97.561	41	0	1	40	7	47	1.96e-17	40
ERR20616142776	cluster4	97.561	41	0	1	40	7	47	1.96e-17	40
ERR20616145976	cluster4	97.561	41	0	1	40	7	47	1.96e-17	40
ERR20616144224	cluster3	100.000	42	0	1	42	42	1	3.46e-20	42
ERR20616144224	cluster5	100.000	33	0	1	33	34	66	3.49e-15	42
ERR20616145176	cluster3	100.000	43	0	1	43	43	1	9.91e-21	43
ERR20616145176	cluster5	100.000	34	0	1	34	33	66	9.98e-16	43
ERR2061614656	cluster3	100.000	52	0	1	52	1	52	1.24e-25	52
ERR2061614656	cluster5	100.000	43	0	10	52	66	24	1.25e-20	52
ERR2061614656	cluster6	100.000	28	0	25	52	10	37	2.72e-12	52
ERR2061614656	cluster1	100.000	28	0	25	52	15	42	2.72e-12	52
ERR20616148248	cluster3	100.000	48	0	1	48	48	1	1.88e-23	48
ERR20616148248	cluster5	100.000	39	0	1	39	28	66	1.90e-18	48
ERR2061614432	cluster5	100.000	52	0	1	52	15	66	1.46e-25	60
ERR2061614432	cluster3	100.000	51	0	10	60	52	2	5.26e-25	60
ERR2061614432	cluster6	100.000	37	0	1	37	46	10	3.19e-17	60
ERR2061614432	cluster1	100.000	37	0	1	37	51	15	3.19e-17	60
ERR20616147896	cluster3	100.000	52	0	1	52	1	52	1.38e-25	57
ERR20616147896	cluster5	100.000	48	0	10	57	66	19	2.31e-23	57
ERR20616147896	cluster6	100.000	33	0	25	57	10	42	5.03e-15	57
ERR20616147896	cluster1	100.000	33	0	25	57	15	47	5.03e-15	57
ERR20616147088	cluster1	100.000	45	0	1	45	21	65	8.10e-22	45
ERR20616147088	cluster6	100.000	38	0	1	38	16	53	6.31e-18	45
ERR20616147088	cluster5	100.000	38	0	1	38	45	8	6.31e-18	45
ERR20616147088	cluster2	100.000	36	0	6	41	78	43	8.16e-17	45
ERR20616145104	cluster1	97.826	46	1	1	46	15	60	1.08e-20	46
ERR20616145104	cluster6	97.727	44	1	1	44	10	53	1.39e-19	46
ERR20616145104	cluster5	97.727	44	1	1	44	51	8	1.39e-19	46
ERR20616145104	cluster2	100.000	35	0	12	46	78	44	3.01e-16	46
ERR20616147792	cluster3	100.000	45	0	1	45	1	45	8.10e-22	45
ERR20616147792	cluster5	100.000	36	0	10	45	66	31	8.16e-17	45
ERR20616146328	cluster3	100.000	45	0	1	45	1	45	8.10e-22	45
ERR20616146328	cluster5	100.000	36	0	10	45	66	31	8.16e-17	45
ERR20616146720	cluster3	100.000	45	0	1	45	1	45	8.10e-22	45
ERR20616146720	cluster5	100.000	36	0	10	45	66	31	8.16e-17	45
ERR20616141080	cluster3	100.000	45	0	1	45	1	45	8.10e-22	45
ERR20616141080	cluster5	100.000	36	0	10	45	66	31	8.16e-17	45
ERR20616146184	cluster4	100.000	51	0	10	60	67	17	5.26e-25	60
ERR20616147744	cluster4	95.000	40	1	3	41	9	48	3.38e-15	41
ERR20616142272	cluster4	97.778	45	0	1	44	7	51	1.32e-19	44
ERR20616141640	cluster4	100.000	48	0	13	60	67	20	2.45e-23	60
ERR20616148272	cluster3	100.000	48	0	1	48	1	48	1.88e-23	48
ERR20616148272	cluster5	100.000	39	0	10	48	66	28	1.90e-18	48
ERR20616149880	cluster3	100.000	48	0	1	48	1	48	1.88e-23	48
ERR20616149880	cluster5	100.000	39	0	10	48	66	28	1.90e-18	48
ERR20616149224	cluster4	100.000	40	0	21	60	67	28	6.85e-19	60
ERR20616147536	cluster4	100.000	53	0	8	60	67	15	4.07e-26	60
ERR206161410112	cluster4	100.000	41	0	20	60	67	27	1.90e-19	60
ERR20616148728	cluster3	100.000	47	0	1	47	1	47	6.60e-23	47
ERR20616148728	cluster5	100.000	38	0	10	47	66	29	6.65e-18	47
ERR20616142464	cluster3	100.000	52	0	1	52	1	52	1.32e-25	55
ERR20616142464	cluster5	100.000	46	0	10	55	66	21	2.86e-22	55
ERR20616142464	cluster6	100.000	31	0	25	55	10	40	6.24e-14	55
ERR20616142464	cluster1	100.000	31	0	25	55	15	45	6.24e-14	55
ERR20616144944	cluster3	100.000	52	0	1	52	1	52	1.32e-25	55
ERR20616144944	cluster5	100.000	46	0	10	55	66	21	2.86e-22	55
ERR20616144944	cluster6	100.000	31	0	25	55	10	40	6.24e-14	55
ERR20616144944	cluster1	100.000	31	0	25	55	15	45	6.24e-14	55
ERR20616144368	cluster3	100.000	52	0	1	52	1	52	1.32e-25	55
ERR20616144368	cluster5	100.000	46	0	10	55	66	21	2.86e-22	55
ERR20616144368	cluster6	100.000	31	0	25	55	10	40	6.24e-14	55
ERR20616144368	cluster1	100.000	31	0	25	55	15	45	6.24e-14	55
ERR20616143224	cluster3	100.000	52	0	1	52	1	52	1.29e-25	54
ERR20616143224	cluster5	100.000	45	0	10	54	66	22	1.01e-21	54
ERR20616143224	cluster6	100.000	30	0	25	54	10	39	2.20e-13	54
ERR20616143224	cluster1	100.000	30	0	25	54	15	44	2.20e-13	54
ERR20616147576	cluster3	100.000	40	0	1	40	1	40	4.22e-19	40
ERR20616147576	cluster5	100.000	31	0	10	40	66	36	4.25e-14	40
ERR20616146488	cluster3	100.000	40	0	1	40	1	40	4.22e-19	40
ERR20616146488	cluster5	100.000	31	0	10	40	66	36	4.25e-14	40
