ERR20616171872	cluster1	100.000	35	0	24	58	7	41	5.31e-16	60
ERR20616176144	cluster6	100.000	47	0	14	60	12	58	1.13e-22	60
ERR20616175048	cluster6	100.000	43	0	18	60	12	54	1.90e-20	60
ERR20616172952	cluster3	100.000	31	0	30	60	51	21	8.88e-14	60
ERR20616172912	cluster0	97.619	42	1	5	46	50	9	2.40e-18	46
ERR20616172912	cluster1	100.000	30	0	17	46	62	33	2.42e-13	46
ERR20616172912	cluster5	100.000	28	0	17	44	35	62	3.13e-12	46
ERR20616173192	cluster4	97.727	44	0	4	46	26	69	6.67e-19	46
ERR20616176112	cluster4	97.436	39	0	4	41	26	64	3.49e-16	41
ERR20616173576	cluster4	97.500	40	0	4	42	26	65	9.99e-17	42
ERR20616173752	cluster4	97.674	43	0	4	45	26	68	2.34e-18	45
ERR20616172944	cluster9	100.000	33	0	4	36	8	40	4.37e-15	40
ERR20616171864	cluster9	100.000	39	0	4	42	8	46	2.15e-18	42
ERR20616176040	cluster3	100.000	49	0	12	60	51	3	8.76e-24	60
ERR20616176016	cluster3	100.000	49	0	12	60	51	3	8.76e-24	60
ERR20616173616	cluster2	97.561	41	0	1	40	1	41	2.61e-17	40
ERR20616175552	cluster2	97.727	44	0	1	43	44	1	6.14e-19	43
ERR20616175448	cluster2	97.727	44	0	1	43	44	1	6.14e-19	43
