ERR20616245832	cluster4	98.077	52	0	1	51	72	21	2.27e-23	51
ERR20616245832	cluster6	100.000	42	0	8	49	6	47	4.91e-20	51
ERR20616245832	cluster7	100.000	34	0	1	34	40	73	1.38e-15	51
ERR20616245832	cluster3	100.000	25	0	1	25	52	76	1.39e-10	51
ERR20616247784	cluster3	100.000	41	0	20	60	18	58	2.07e-19	60
ERR20616247784	cluster7	100.000	29	0	32	60	18	46	9.68e-13	60
ERR206162412168	cluster3	100.000	41	0	20	60	18	58	2.07e-19	60
ERR206162412168	cluster7	100.000	29	0	32	60	18	46	9.68e-13	60
ERR206162411536	cluster3	100.000	35	0	26	60	18	52	4.47e-16	60
ERR20616241824	cluster3	100.000	39	0	22	60	18	56	2.67e-18	60
ERR206162410184	cluster3	100.000	45	0	16	60	18	62	1.23e-21	60
ERR206162410184	cluster7	100.000	33	0	28	60	18	50	5.78e-15	60
ERR20616246424	cluster7	100.000	54	0	1	54	20	73	1.23e-26	60
ERR20616246424	cluster3	100.000	45	0	1	45	32	76	1.23e-21	60
ERR20616246424	cluster4	96.000	50	1	12	60	81	32	4.44e-21	60
ERR20616246424	cluster6	100.000	33	0	28	60	6	38	5.78e-15	60
ERR20616243808	cluster5	97.674	43	0	1	42	45	3	1.81e-18	42
ERR20616243768	cluster5	97.959	49	0	1	48	51	3	9.82e-22	48
ERR20616243968	cluster5	97.872	47	0	1	46	3	49	1.21e-20	46
ERR20616244072	cluster4	97.561	41	1	1	41	21	61	6.31e-18	41
ERR20616244072	cluster6	97.436	39	1	3	41	47	9	8.16e-17	41
ERR2061624944	cluster4	97.674	43	1	1	43	63	21	5.17e-19	43
ERR2061624944	cluster6	97.561	41	1	1	41	7	47	6.69e-18	43
ERR206162411160	cluster2	100.000	40	0	1	40	53	14	4.73e-19	40
ERR206162412584	cluster2	100.000	42	0	1	42	14	55	3.88e-20	42
ERR206162412200	cluster2	100.000	44	0	1	44	14	57	3.18e-21	44
ERR20616245656	cluster4	100.000	40	0	1	40	60	21	4.73e-19	40
ERR20616245656	cluster6	100.000	38	0	1	38	10	47	6.12e-18	40
ERR20616248664	cluster4	95.455	44	2	1	44	21	64	7.26e-18	46
ERR20616248664	cluster6	95.238	42	2	3	44	47	6	9.40e-17	46
ERR20616248208	cluster1	93.939	33	2	27	59	81	49	9.68e-13	60
ERR20616248168	cluster1	93.939	33	2	28	60	81	49	9.68e-13	60
ERR20616248448	cluster1	93.939	33	2	20	52	81	49	9.68e-13	60
ERR20616243856	cluster4	96.078	51	1	1	50	71	21	3.71e-21	50
ERR20616243856	cluster6	97.619	42	1	7	48	6	47	2.23e-18	50
ERR20616243856	cluster7	100.000	33	0	1	33	41	73	4.83e-15	50
