ERR20616206400	cluster11	100.000	29	0	32	60	57	29	1.41e-12	60
ERR20616206360	cluster11	100.000	34	0	27	60	57	24	2.35e-15	60
ERR2061620480	cluster10	100.000	41	0	20	60	6	46	3.01e-19	60
ERR2061620480	cluster1	100.000	28	0	32	59	17	44	5.08e-12	60
ERR20616204808	cluster4	100.000	57	0	1	57	64	8	3.62e-28	57
ERR20616204808	cluster10	100.000	41	0	1	41	24	64	2.84e-19	57
ERR20616204808	cluster1	90.000	60	0	1	54	23	82	3.67e-18	57
ERR20616201888	cluster12	100.000	35	0	26	60	7	41	6.52e-16	60
ERR20616201888	cluster3	100.000	34	0	27	60	71	38	2.35e-15	60
ERR20616208848	cluster9	100.000	35	0	26	60	81	47	6.52e-16	60
ERR20616208968	cluster9	100.000	36	0	25	60	81	46	1.81e-16	60
ERR20616204016	cluster11	100.000	45	0	1	45	45	1	1.27e-21	45
ERR20616202840	cluster4	97.778	45	1	1	45	8	52	5.91e-20	45
ERR20616202840	cluster10	100.000	29	0	17	45	64	36	9.96e-13	45
ERR20616205024	cluster4	100.000	28	0	1	28	35	8	3.68e-12	46
ERR20616202000	cluster2	97.500	40	0	1	39	49	10	1.19e-16	41
ERR20616202368	cluster2	97.727	44	0	3	45	10	53	7.65e-19	45
ERR20616202264	cluster2	97.674	43	0	3	44	10	52	2.67e-18	44
ERR20616202320	cluster2	97.674	43	0	3	44	10	52	2.67e-18	44
ERR20616205032	cluster4	97.619	42	1	1	42	8	49	2.52e-18	42
