aERR2061616_V6cut9208	MoTER2	100.000	36	0	0	1	36	55	90	7.53e-16	1723
aERR2061616_V6cut9212	MoTER2	100.000	36	0	0	1	36	90	55	7.53e-16	1723
aERR2061616_V6cut8284	MoTER2	97.101	69	2	0	1	69	55	123	1.77e-30	1723
aERR2061616_V6cut8284	MoTER1	95.652	69	3	0	1	69	55	123	8.23e-29	5034
aERR2061616_V6cut4588	MoTER2	100.000	32	0	0	1	32	86	55	1.11e-13	1723
aERR2061616_V6cut6348	MoTER2	100.000	30	0	0	1	30	84	55	1.30e-12	1723
aERR2061616_V6cut6284	MoTER2	100.000	30	0	0	1	30	84	55	1.30e-12	1723
aERR2061616_V6cut8244	MoTER2	100.000	31	0	0	1	31	85	55	3.81e-13	1723
aERR2061616_V6cut2120	MoTER2	100.000	31	0	0	1	31	85	55	3.81e-13	1723
aERR2061616_V6cut4976	MoTER2	100.000	67	0	0	24	90	785	851	1.37e-32	1723
aERR2061616_V6cut4976	MoTER1	100.000	67	0	0	24	90	785	851	1.37e-32	5034
aERR2061616_V6cut9708	MoTER2	100.000	31	0	0	1	31	85	55	3.81e-13	1723
aERR2061616_V6cut1500	MoTER2	100.000	31	0	0	1	31	85	55	3.81e-13	1723
aERR2061616_V6cut9016	MoTER2	100.000	31	0	0	1	31	85	55	3.81e-13	1723
aERR2061616_V6cut2564	MoTER1	100.000	28	0	0	1	28	1309	1282	1.77e-11	5034
aERR2061616_V6cut2564	MoTER1	100.000	28	0	0	1	28	1376	1349	1.77e-11	5034
aERR2061616_V6cut2448	MoTER2	100.000	33	0	0	1	33	87	55	3.08e-14	1723
aERR2061616_V6cut6960	MoTER2	100.000	33	0	0	1	33	87	55	3.08e-14	1723
aERR2061616_V6cut8992	MoTER2	100.000	33	0	0	1	33	87	55	3.08e-14	1723
aERR2061616_V6cut3812	MoTER2	100.000	34	0	0	1	34	88	55	8.96e-15	1723
aERR2061616_V6cut1520	MoTER2	100.000	34	0	0	1	34	88	55	8.96e-15	1723
aERR2061616_V6cut10092	MoTER2	100.000	35	0	0	1	35	89	55	2.60e-15	1723
aERR2061616_V6cut4608	MoTER2	100.000	35	0	0	1	35	89	55	2.60e-15	1723
aERR2061616_V6cut9812	MoTER2	100.000	36	0	0	1	36	90	55	7.53e-16	1723
aERR2061616_V6cut6352	MoTER2	100.000	30	0	0	1	30	55	84	1.30e-12	1723
aERR2061616_V6cut8260	MoTER2	100.000	39	0	0	1	39	55	93	1.81e-17	1723
aERR2061616_V6cut8260	MoTER1	97.436	39	1	0	1	39	55	93	8.43e-16	5034
aERR2061616_V6cut5588	MoTER2	100.000	37	0	0	1	37	55	91	2.18e-16	1723
aERR2061616_V6cut8988	MoTER2	100.000	33	0	0	1	33	55	87	3.36e-14	1723
aERR2061616_V6cut9892	MoTER2	100.000	35	0	0	1	35	55	89	2.60e-15	1723
aERR2061616_V6cut6700	MoTER1	98.901	91	1	0	1	91	2653	2563	2.95e-44	5034
aERR2061616_V6cut8108	MoTER2	100.000	33	0	0	1	33	55	87	3.08e-14	1723
aERR2061616_V6cut848	MoTER2	100.000	30	0	0	1	30	55	84	1.30e-12	1723
aERR2061616_V6cut960	MoTER2	100.000	34	0	0	1	34	55	88	9.35e-15	1723
aERR2061616_V6cut7156	MoTER2	98.361	61	1	0	1	61	115	55	8.87e-28	1723
aERR2061616_V6cut7156	MoTER1	96.721	61	2	0	1	61	115	55	4.13e-26	5034
