ERR20616093776	cluster3	100.000	32	0	29	60	53	22	2.13e-14	60
ERR20616097760	cluster4	100.000	35	0	1	35	13	47	4.58e-16	60
ERR20616093080	cluster6	100.000	42	0	19	60	8	49	5.88e-20	60
ERR20616095544	cluster1	100.000	38	0	23	60	16	53	9.84e-18	60
ERR20616098000	cluster3	100.000	41	0	1	41	10	50	1.39e-19	41
ERR20616092944	cluster3	100.000	44	0	1	44	53	10	3.25e-21	44
ERR20616094776	cluster4	100.000	42	0	2	43	47	6	4.09e-20	43
ERR20616093112	cluster4	100.000	42	0	2	43	47	6	4.09e-20	43
ERR20616098832	cluster4	100.000	41	0	2	42	47	7	1.43e-19	42
ERR2061609672	cluster6	100.000	31	0	16	46	74	44	5.79e-14	46
ERR20616093680	cluster6	100.000	37	0	1	37	38	74	3.10e-17	52
ERR20616095512	cluster6	100.000	43	0	1	43	32	74	1.57e-20	58
ERR20616098432	cluster6	100.000	36	0	1	36	39	74	1.09e-16	51
ERR20616095464	cluster6	100.000	29	0	1	29	46	74	7.09e-13	44
ERR20616097144	cluster4	100.000	40	0	2	41	47	8	4.99e-19	41
ERR20616095352	cluster4	100.000	40	0	2	41	47	8	4.99e-19	41
ERR20616091344	cluster4	100.000	40	0	2	41	47	8	4.99e-19	41
