aERR2061611_V6cut11296	MoTER2	93.617	47	3	0	1	47	55	101	1.92e-15	1723
aERR2061611_V6cut11296	MoTER2	100.000	30	0	0	27	56	101	72	5.36e-11	1723
aERR2061611_V6cut11296	MoTER1	100.000	30	0	0	27	56	101	72	5.36e-11	5034
aERR2061611_V6cut9368	MoTER2	100.000	31	0	0	1	31	85	55	6.18e-12	1723
aERR2061611_V6cut6232	MoTER2	100.000	36	0	0	1	36	55	90	1.33e-14	1723
aERR2061611_V6cut4188	MoTER2	100.000	37	0	0	1	37	91	55	3.87e-15	1723
aERR2061611_V6cut420	MoTER2	100.000	36	0	0	1	36	90	55	1.33e-14	1723
aERR2061611_V6cut9424	MoTER2	100.000	36	0	0	1	36	90	55	1.33e-14	1723
aERR2061611_V6cut10356	MoTER2	100.000	35	0	0	1	35	89	55	4.57e-14	1723
aERR2061611_V6cut7640	MoTER2	100.000	34	0	0	1	34	88	55	1.56e-13	1723
aERR2061611_V6cut696	MoTER2	100.000	36	0	0	6	41	36	71	1.63e-14	1723
aERR2061611_V6cut696	MoTER2	96.970	33	1	0	1	33	1	33	3.53e-11	1723
aERR2061611_V6cut696	MoTER2	100.000	28	0	0	6	33	12	39	4.57e-10	1723
aERR2061611_V6cut696	MoTER2	100.000	28	0	0	6	33	18	45	4.57e-10	1723
aERR2061611_V6cut696	MoTER2	100.000	28	0	0	6	33	24	51	4.57e-10	1723
aERR2061611_V6cut696	MoTER2	100.000	28	0	0	6	33	30	57	4.57e-10	1723
aERR2061611_V6cut696	MoTER1	97.222	36	1	0	6	41	36	71	7.59e-13	5034
aERR2061611_V6cut696	MoTER1	96.970	33	1	0	1	33	7	39	3.53e-11	5034
aERR2061611_V6cut696	MoTER1	100.000	28	0	0	6	33	18	45	4.57e-10	5034
aERR2061611_V6cut696	MoTER1	100.000	28	0	0	6	33	24	51	4.57e-10	5034
aERR2061611_V6cut696	MoTER1	100.000	28	0	0	6	33	30	57	4.57e-10	5034
aERR2061611_V6cut3436	MoTER2	100.000	35	0	0	1	35	55	89	4.57e-14	1723
aERR2061611_V6cut584	MoTER2	100.000	32	0	0	1	32	87	118	1.82e-12	1723
aERR2061611_V6cut584	MoTER1	100.000	32	0	0	1	32	87	118	1.82e-12	5034
aERR2061611_V6cut10400	MoTER2	100.000	34	0	0	1	34	55	88	1.56e-13	1723
aERR2061611_V6cut5044	MoTER2	100.000	32	0	0	1	32	55	86	1.82e-12	1723
aERR2061611_V6cut5184	MoTER2	100.000	30	0	0	1	30	55	84	2.09e-11	1723
aERR2061611_V6cut2184	MoTER1	100.000	102	0	0	1	102	4571	4470	1.06e-50	5034
aERR2061611_V6cut5348	MoTER2	100.000	70	0	0	1	70	786	717	4.41e-33	1723
aERR2061611_V6cut5348	MoTER1	100.000	70	0	0	1	70	786	717	4.41e-33	5034
aERR2061611_V6cut3568	MoTER2	100.000	34	0	0	1	34	55	88	1.64e-13	1723
