ERR2188724568	Chr8	96.552	58	2	3	60	1843785	1843728	9.97e-21	60	TelYs	1843680	revT
ERR2188724568	Chr8	96.552	58	2	3	60	1848923	1848866	9.97e-21	60	TelYs	1848818	revT
ERR2188724568	Chr8	96.552	58	2	3	60	1853989	1853932	9.97e-21	60	TelYs	1853884	revT
ERR2188724568	Chr8	96.552	58	2	3	60	1859012	1858955	9.97e-21	60	TelYs	1858907	revT
ERR2188724568	Chr8	96.552	58	2	3	60	1864155	1864098	9.97e-21	60	TelYs	1864050	revT
ERR2188724568	Chr8	96.552	58	2	3	60	1869294	1869237	9.97e-21	60	TelYs	1869189	revT
ERR2188724568	Chr8	96.552	58	2	3	60	1874426	1874369	9.97e-21	60	TelYs	1874321	revT
ERR2188724568	Chr8	96.552	58	2	3	60	1879545	1879488	9.97e-21	60	TelYs	1879440	revT
ERR2188724568	Chr8	96.552	58	2	3	60	1884681	1884624	9.97e-21	60	TelYs	1884576	revT
ERR2188724568	Chr8	96.552	58	2	3	60	1889677	1889620	9.97e-21	60	TelYs	1889572	revT
ERR2188724568	Chr8	96.552	58	2	3	60	1894770	1894713	9.97e-21	60	TelYs	1894665	revT
ERR2188724568	Chr8	94.828	58	2	3	60	5184	5240	1.67e-18	60	TelYs	5192	revF
ERR2188724568	Chr8	94.828	58	2	3	60	10353	10409	1.67e-18	60	TelYs	10361	revF
ERR2188724568	Chr8	94.828	58	2	3	60	15383	15439	1.67e-18	60	TelYs	15391	revF
ERR2188724568	Chr8	94.828	58	2	3	60	1899774	1899718	1.67e-18	60	TelYs	1899670	revT
ERR2188724568	Chr7	96.552	58	2	3	60	3475	3532	9.97e-21	60	TelYs	3484	revF
ERR2188724568	Chr7	96.552	58	2	3	60	8506	8563	9.97e-21	60	TelYs	8515	revF
ERR2188724568	Chr7	96.552	58	2	3	60	10951	11008	9.97e-21	60	TelYs	10960	revF
ERR2188724568	Chr7	96.552	58	2	3	60	4045550	4045493	9.97e-21	60	TelYs	4045445	revT
ERR2188724568	Chr7	96.552	58	2	3	60	4050578	4050521	9.97e-21	60	TelYs	4050473	revT
ERR2188724568	Chr7	94.828	58	2	3	60	4038089	4038033	1.67e-18	60	TelYs	4037985	revT
ERR2188724568	Chr7	94.828	58	2	3	60	4043115	4043059	1.67e-18	60	TelYs	4043011	revT
ERR2188724568	Chr7	94.828	58	2	3	60	4055738	4055682	1.67e-18	60	TelYs	4055634	revT
ERR2188724568	Chr7	94.828	58	2	3	60	4060768	4060712	1.67e-18	60	TelYs	4060664	revT
ERR2188724568	Chr7	94.828	58	2	3	60	4065802	4065746	1.67e-18	60	TelYs	4065698	revT
ERR2188724568	Chr7	94.828	58	2	3	60	4070911	4070855	1.67e-18	60	TelYs	4070807	revT
ERR2188724568	Chr7	94.828	58	2	3	60	4075903	4075847	1.67e-18	60	TelYs	4075799	revT
ERR2188724568	Chr6	96.552	58	2	3	60	18776	18833	9.97e-21	60	TelYs	18785	revF
ERR2188724568	Chr6	96.552	58	2	3	60	23798	23855	9.97e-21	60	TelYs	23807	revF
ERR2188724568	Chr6	96.552	58	2	3	60	6104463	6104406	9.97e-21	60	TelYs	6104358	revT
ERR2188724568	Chr6	96.552	58	2	3	60	6109578	6109521	9.97e-21	60	TelYs	6109473	revT
ERR2188724568	Chr6	96.552	58	2	3	60	6114622	6114565	9.97e-21	60	TelYs	6114517	revT
ERR2188724568	Chr6	96.552	58	2	3	60	6119667	6119610	9.97e-21	60	TelYs	6119562	revT
ERR2188724568	Chr6	96.552	58	2	3	60	6129867	6129810	9.97e-21	60	TelYs	6129762	revT
ERR2188724568	Chr6	94.828	58	2	3	60	3672	3728	1.67e-18	60	TelYs	3680	revF
ERR2188724568	Chr6	94.828	58	2	3	60	8719	8775	1.67e-18	60	TelYs	8727	revF
ERR2188724568	Chr6	94.828	58	2	3	60	13738	13794	1.67e-18	60	TelYs	13746	revF
ERR2188724568	Chr6	94.828	58	2	3	60	6124826	6124770	1.67e-18	60	TelYs	6124722	revT
ERR2188724568	Chr5	96.552	58	2	3	60	4436471	4436414	9.97e-21	60	TelYs	4436366	revT
ERR2188724568	Chr5	96.552	58	2	3	60	4441498	4441441	9.97e-21	60	TelYs	4441393	revT
ERR2188724568	Chr5	96.552	58	2	3	60	4446540	4446483	9.97e-21	60	TelYs	4446435	revT
ERR2188724568	Chr5	96.552	58	2	3	60	4451594	4451537	9.97e-21	60	TelYs	4451489	revT
ERR2188724568	Chr5	94.828	58	2	3	60	3425	3481	1.67e-18	60	TelYs	3433	revF
ERR2188724568	Chr5	94.828	58	2	3	60	4456636	4456580	1.67e-18	60	TelYs	4456532	revT
ERR2188724568	Chr4	96.552	58	2	3	60	8533	8590	9.97e-21	60	TelYs	8542	revF
ERR2188724568	Chr4	96.552	58	2	3	60	13570	13627	9.97e-21	60	TelYs	13579	revF
ERR2188724568	Chr4	96.552	58	2	3	60	5395407	5395350	9.97e-21	60	TelYs	5395302	revT
ERR2188724568	Chr4	96.552	58	2	3	60	5405491	5405434	9.97e-21	60	TelYs	5405386	revT
ERR2188724568	Chr4	94.828	58	2	3	60	3507	3563	1.67e-18	60	TelYs	3515	revF
ERR2188724568	Chr4	94.828	58	2	3	60	5400453	5400397	1.67e-18	60	TelYs	5400349	revT
ERR2188724568	Chr4	94.828	58	2	3	60	5409705	5409649	1.67e-18	60	TelYs	5409601	revT
ERR2188724568	Chr3	96.552	58	2	3	60	8224209	8224152	9.97e-21	60	TelYs	8224104	revT
ERR2188724568	Chr3	94.828	58	2	3	60	3043	3099	1.67e-18	60	TelYs	3051	revF
ERR2188724568	Chr3	94.828	58	2	3	60	8035	8091	1.67e-18	60	TelYs	8043	revF
ERR2188724568	Chr3	94.828	58	2	3	60	13021	13077	1.67e-18	60	TelYs	13029	revF
ERR2188724568	Chr3	94.828	58	2	3	60	8229223	8229167	1.67e-18	60	TelYs	8229119	revT
ERR2188724568	Chr3	94.828	58	2	3	60	8234257	8234201	1.67e-18	60	TelYs	8234153	revT
ERR2188724568	Chr2	96.552	58	2	3	60	8705	8762	9.97e-21	60	TelYs	8714	revF
ERR2188724568	Chr2	96.552	58	2	3	60	13730	13787	9.97e-21	60	TelYs	13739	revF
ERR2188724568	Chr2	96.552	58	2	3	60	7911950	7911893	9.97e-21	60	TelYs	7911845	revT
ERR2188724568	Chr2	94.828	58	2	3	60	3622	3678	1.67e-18	60	TelYs	3630	revF
ERR2188724568	Chr1	94.828	58	2	3	60	6664710	6664654	1.67e-18	60	TelYs	6664606	revT
ERR21887247456	Chr8	100.000	60	0	1	60	1843716	1843775	3.56e-25	60	TelYs	1843727	revF
ERR21887247456	Chr8	100.000	60	0	1	60	1848854	1848913	3.56e-25	60	TelYs	1848865	revF
ERR21887247456	Chr8	100.000	60	0	1	60	1853920	1853979	3.56e-25	60	TelYs	1853931	revF
ERR21887247456	Chr8	100.000	60	0	1	60	1858943	1859002	3.56e-25	60	TelYs	1858954	revF
ERR21887247456	Chr8	100.000	60	0	1	60	1864086	1864145	3.56e-25	60	TelYs	1864097	revF
ERR21887247456	Chr8	100.000	60	0	1	60	1869225	1869284	3.56e-25	60	TelYs	1869236	revF
ERR21887247456	Chr8	100.000	60	0	1	60	1874357	1874416	3.56e-25	60	TelYs	1874368	revF
ERR21887247456	Chr8	100.000	60	0	1	60	1879476	1879535	3.56e-25	60	TelYs	1879487	revF
ERR21887247456	Chr8	100.000	60	0	1	60	1884612	1884671	3.56e-25	60	TelYs	1884623	revF
ERR21887247456	Chr8	100.000	60	0	1	60	1889608	1889667	3.56e-25	60	TelYs	1889619	revF
ERR21887247456	Chr8	100.000	60	0	1	60	1894701	1894760	3.56e-25	60	TelYs	1894712	revF
ERR21887247456	Chr8	98.333	60	0	1	60	5252	5194	5.96e-23	60	TelYs	5146	revT
ERR21887247456	Chr8	98.333	60	0	1	60	10421	10363	5.96e-23	60	TelYs	10315	revT
ERR21887247456	Chr8	98.333	60	0	1	60	15451	15393	5.96e-23	60	TelYs	15345	revT
ERR21887247456	Chr8	98.333	60	0	1	60	1899706	1899764	5.96e-23	60	TelYs	1899716	revF
ERR21887247456	Chr7	100.000	60	0	1	60	3544	3485	3.56e-25	60	TelYs	3437	revT
ERR21887247456	Chr7	100.000	60	0	1	60	8575	8516	3.56e-25	60	TelYs	8468	revT
ERR21887247456	Chr7	100.000	60	0	1	60	11020	10961	3.56e-25	60	TelYs	10913	revT
ERR21887247456	Chr7	100.000	60	0	1	60	4045481	4045540	3.56e-25	60	TelYs	4045492	revF
ERR21887247456	Chr7	100.000	60	0	1	60	4050509	4050568	3.56e-25	60	TelYs	4050520	revF
ERR21887247456	Chr7	98.333	60	0	1	60	4038021	4038079	5.96e-23	60	TelYs	4038031	revF
ERR21887247456	Chr7	98.333	60	0	1	60	4043047	4043105	5.96e-23	60	TelYs	4043057	revF
ERR21887247456	Chr7	98.333	60	0	1	60	4055670	4055728	5.96e-23	60	TelYs	4055680	revF
ERR21887247456	Chr7	98.333	60	0	1	60	4060700	4060758	5.96e-23	60	TelYs	4060710	revF
ERR21887247456	Chr7	98.333	60	0	1	60	4065734	4065792	5.96e-23	60	TelYs	4065744	revF
ERR21887247456	Chr7	98.333	60	0	1	60	4070843	4070901	5.96e-23	60	TelYs	4070853	revF
ERR21887247456	Chr7	98.333	60	0	1	60	4075835	4075893	5.96e-23	60	TelYs	4075845	revF
ERR21887247456	Chr6	100.000	60	0	1	60	18845	18786	3.56e-25	60	TelYs	18738	revT
ERR21887247456	Chr6	100.000	60	0	1	60	23867	23808	3.56e-25	60	TelYs	23760	revT
ERR21887247456	Chr6	100.000	60	0	1	60	6104394	6104453	3.56e-25	60	TelYs	6104405	revF
ERR21887247456	Chr6	100.000	60	0	1	60	6109509	6109568	3.56e-25	60	TelYs	6109520	revF
ERR21887247456	Chr6	100.000	60	0	1	60	6114553	6114612	3.56e-25	60	TelYs	6114564	revF
ERR21887247456	Chr6	100.000	60	0	1	60	6119598	6119657	3.56e-25	60	TelYs	6119609	revF
ERR21887247456	Chr6	100.000	60	0	1	60	6129798	6129857	3.56e-25	60	TelYs	6129809	revF
ERR21887247456	Chr6	98.333	60	0	1	60	3740	3682	5.96e-23	60	TelYs	3634	revT
ERR21887247456	Chr6	98.333	60	0	1	60	8787	8729	5.96e-23	60	TelYs	8681	revT
ERR21887247456	Chr6	98.333	60	0	1	60	13806	13748	5.96e-23	60	TelYs	13700	revT
ERR21887247456	Chr6	98.333	60	0	1	60	6124758	6124816	5.96e-23	60	TelYs	6124768	revF
ERR21887247456	Chr5	100.000	60	0	1	60	4436402	4436461	3.56e-25	60	TelYs	4436413	revF
ERR21887247456	Chr5	100.000	60	0	1	60	4441429	4441488	3.56e-25	60	TelYs	4441440	revF
ERR21887247456	Chr5	100.000	60	0	1	60	4446471	4446530	3.56e-25	60	TelYs	4446482	revF
ERR21887247456	Chr5	100.000	60	0	1	60	4451525	4451584	3.56e-25	60	TelYs	4451536	revF
ERR21887247456	Chr5	98.333	60	0	1	60	3493	3435	5.96e-23	60	TelYs	3387	revT
ERR21887247456	Chr5	98.333	60	0	1	60	4456568	4456626	5.96e-23	60	TelYs	4456578	revF
ERR21887247456	Chr4	100.000	60	0	1	60	8602	8543	3.56e-25	60	TelYs	8495	revT
ERR21887247456	Chr4	100.000	60	0	1	60	13639	13580	3.56e-25	60	TelYs	13532	revT
ERR21887247456	Chr4	100.000	60	0	1	60	5395338	5395397	3.56e-25	60	TelYs	5395349	revF
ERR21887247456	Chr4	100.000	60	0	1	60	5405422	5405481	3.56e-25	60	TelYs	5405433	revF
ERR21887247456	Chr4	98.333	60	0	1	60	3575	3517	5.96e-23	60	TelYs	3469	revT
ERR21887247456	Chr4	98.333	60	0	1	60	5400385	5400443	5.96e-23	60	TelYs	5400395	revF
ERR21887247456	Chr4	98.333	60	0	1	60	5409637	5409695	5.96e-23	60	TelYs	5409647	revF
ERR21887247456	Chr3	100.000	60	0	1	60	8224140	8224199	3.56e-25	60	TelYs	8224151	revF
ERR21887247456	Chr3	98.333	60	0	1	60	3111	3053	5.96e-23	60	TelYs	3005	revT
ERR21887247456	Chr3	98.333	60	0	1	60	8103	8045	5.96e-23	60	TelYs	7997	revT
ERR21887247456	Chr3	98.333	60	0	1	60	13089	13031	5.96e-23	60	TelYs	12983	revT
ERR21887247456	Chr3	98.333	60	0	1	60	8229155	8229213	5.96e-23	60	TelYs	8229165	revF
ERR21887247456	Chr3	98.333	60	0	1	60	8234189	8234247	5.96e-23	60	TelYs	8234199	revF
ERR21887247456	Chr2	100.000	60	0	1	60	8774	8715	3.56e-25	60	TelYs	8667	revT
ERR21887247456	Chr2	100.000	60	0	1	60	13799	13740	3.56e-25	60	TelYs	13692	revT
ERR21887247456	Chr2	100.000	60	0	1	60	7911881	7911940	3.56e-25	60	TelYs	7911892	revF
ERR21887247456	Chr2	98.333	60	0	1	60	3690	3632	5.96e-23	60	TelYs	3584	revT
ERR21887247456	Chr1	98.333	60	0	1	60	6664642	6664700	5.96e-23	60	TelYs	6664652	revF
ERR21887247464	Chr8	100.000	60	0	1	60	1843718	1843777	3.56e-25	60	TelYs	1843729	revF
ERR21887247464	Chr8	100.000	60	0	1	60	1848856	1848915	3.56e-25	60	TelYs	1848867	revF
ERR21887247464	Chr8	100.000	60	0	1	60	1853922	1853981	3.56e-25	60	TelYs	1853933	revF
ERR21887247464	Chr8	100.000	60	0	1	60	1858945	1859004	3.56e-25	60	TelYs	1858956	revF
ERR21887247464	Chr8	100.000	60	0	1	60	1864088	1864147	3.56e-25	60	TelYs	1864099	revF
ERR21887247464	Chr8	100.000	60	0	1	60	1869227	1869286	3.56e-25	60	TelYs	1869238	revF
ERR21887247464	Chr8	100.000	60	0	1	60	1874359	1874418	3.56e-25	60	TelYs	1874370	revF
ERR21887247464	Chr8	100.000	60	0	1	60	1879478	1879537	3.56e-25	60	TelYs	1879489	revF
ERR21887247464	Chr8	100.000	60	0	1	60	1884614	1884673	3.56e-25	60	TelYs	1884625	revF
ERR21887247464	Chr8	100.000	60	0	1	60	1889610	1889669	3.56e-25	60	TelYs	1889621	revF
ERR21887247464	Chr8	100.000	60	0	1	60	1894703	1894762	3.56e-25	60	TelYs	1894714	revF
ERR21887247464	Chr8	98.333	60	0	1	60	5250	5192	5.96e-23	60	TelYs	5144	revT
ERR21887247464	Chr8	98.333	60	0	1	60	10419	10361	5.96e-23	60	TelYs	10313	revT
ERR21887247464	Chr8	98.333	60	0	1	60	15449	15391	5.96e-23	60	TelYs	15343	revT
ERR21887247464	Chr8	98.333	60	0	1	60	1899708	1899766	5.96e-23	60	TelYs	1899718	revF
ERR21887247464	Chr7	100.000	60	0	1	60	3542	3483	3.56e-25	60	TelYs	3435	revT
ERR21887247464	Chr7	100.000	60	0	1	60	8573	8514	3.56e-25	60	TelYs	8466	revT
ERR21887247464	Chr7	100.000	60	0	1	60	11018	10959	3.56e-25	60	TelYs	10911	revT
ERR21887247464	Chr7	100.000	60	0	1	60	4045483	4045542	3.56e-25	60	TelYs	4045494	revF
ERR21887247464	Chr7	100.000	60	0	1	60	4050511	4050570	3.56e-25	60	TelYs	4050522	revF
ERR21887247464	Chr7	98.333	60	0	1	60	4038023	4038081	5.96e-23	60	TelYs	4038033	revF
ERR21887247464	Chr7	98.333	60	0	1	60	4043049	4043107	5.96e-23	60	TelYs	4043059	revF
ERR21887247464	Chr7	98.333	60	0	1	60	4055672	4055730	5.96e-23	60	TelYs	4055682	revF
ERR21887247464	Chr7	98.333	60	0	1	60	4060702	4060760	5.96e-23	60	TelYs	4060712	revF
ERR21887247464	Chr7	98.333	60	0	1	60	4065736	4065794	5.96e-23	60	TelYs	4065746	revF
ERR21887247464	Chr7	98.333	60	0	1	60	4070845	4070903	5.96e-23	60	TelYs	4070855	revF
ERR21887247464	Chr7	98.333	60	0	1	60	4075837	4075895	5.96e-23	60	TelYs	4075847	revF
ERR21887247464	Chr6	100.000	60	0	1	60	18843	18784	3.56e-25	60	TelYs	18736	revT
ERR21887247464	Chr6	100.000	60	0	1	60	23865	23806	3.56e-25	60	TelYs	23758	revT
ERR21887247464	Chr6	100.000	60	0	1	60	6104396	6104455	3.56e-25	60	TelYs	6104407	revF
ERR21887247464	Chr6	100.000	60	0	1	60	6109511	6109570	3.56e-25	60	TelYs	6109522	revF
ERR21887247464	Chr6	100.000	60	0	1	60	6114555	6114614	3.56e-25	60	TelYs	6114566	revF
ERR21887247464	Chr6	100.000	60	0	1	60	6119600	6119659	3.56e-25	60	TelYs	6119611	revF
ERR21887247464	Chr6	100.000	60	0	1	60	6129800	6129859	3.56e-25	60	TelYs	6129811	revF
ERR21887247464	Chr6	98.333	60	0	1	60	3738	3680	5.96e-23	60	TelYs	3632	revT
ERR21887247464	Chr6	98.333	60	0	1	60	8785	8727	5.96e-23	60	TelYs	8679	revT
ERR21887247464	Chr6	98.333	60	0	1	60	13804	13746	5.96e-23	60	TelYs	13698	revT
ERR21887247464	Chr6	98.333	60	0	1	60	6124760	6124818	5.96e-23	60	TelYs	6124770	revF
ERR21887247464	Chr5	100.000	60	0	1	60	4436404	4436463	3.56e-25	60	TelYs	4436415	revF
ERR21887247464	Chr5	100.000	60	0	1	60	4441431	4441490	3.56e-25	60	TelYs	4441442	revF
ERR21887247464	Chr5	100.000	60	0	1	60	4446473	4446532	3.56e-25	60	TelYs	4446484	revF
ERR21887247464	Chr5	100.000	60	0	1	60	4451527	4451586	3.56e-25	60	TelYs	4451538	revF
ERR21887247464	Chr5	98.333	60	0	1	60	3491	3433	5.96e-23	60	TelYs	3385	revT
ERR21887247464	Chr5	98.333	60	0	1	60	4456570	4456628	5.96e-23	60	TelYs	4456580	revF
ERR21887247464	Chr4	100.000	60	0	1	60	8600	8541	3.56e-25	60	TelYs	8493	revT
ERR21887247464	Chr4	100.000	60	0	1	60	13637	13578	3.56e-25	60	TelYs	13530	revT
ERR21887247464	Chr4	100.000	60	0	1	60	5395340	5395399	3.56e-25	60	TelYs	5395351	revF
ERR21887247464	Chr4	100.000	60	0	1	60	5405424	5405483	3.56e-25	60	TelYs	5405435	revF
ERR21887247464	Chr4	98.333	60	0	1	60	3573	3515	5.96e-23	60	TelYs	3467	revT
ERR21887247464	Chr4	98.333	60	0	1	60	5400387	5400445	5.96e-23	60	TelYs	5400397	revF
ERR21887247464	Chr4	98.333	60	0	1	60	5409639	5409697	5.96e-23	60	TelYs	5409649	revF
ERR21887247464	Chr3	100.000	60	0	1	60	8224142	8224201	3.56e-25	60	TelYs	8224153	revF
ERR21887247464	Chr3	98.333	60	0	1	60	3109	3051	5.96e-23	60	TelYs	3003	revT
ERR21887247464	Chr3	98.333	60	0	1	60	8101	8043	5.96e-23	60	TelYs	7995	revT
ERR21887247464	Chr3	98.333	60	0	1	60	13087	13029	5.96e-23	60	TelYs	12981	revT
ERR21887247464	Chr3	98.333	60	0	1	60	8229157	8229215	5.96e-23	60	TelYs	8229167	revF
ERR21887247464	Chr3	98.333	60	0	1	60	8234191	8234249	5.96e-23	60	TelYs	8234201	revF
ERR21887247464	Chr2	100.000	60	0	1	60	8772	8713	3.56e-25	60	TelYs	8665	revT
ERR21887247464	Chr2	100.000	60	0	1	60	13797	13738	3.56e-25	60	TelYs	13690	revT
ERR21887247464	Chr2	100.000	60	0	1	60	7911883	7911942	3.56e-25	60	TelYs	7911894	revF
ERR21887247464	Chr2	98.333	60	0	1	60	3688	3630	5.96e-23	60	TelYs	3582	revT
ERR21887247464	Chr1	98.333	60	0	1	60	6664644	6664702	5.96e-23	60	TelYs	6664654	revF
ERR21887243672	Chr8	100.000	53	0	1	53	1843733	1843785	2.42e-21	55	TelYs	1843737	revF
ERR21887243672	Chr8	100.000	53	0	1	53	1848871	1848923	2.42e-21	55	TelYs	1848875	revF
ERR21887243672	Chr8	100.000	53	0	1	53	1853937	1853989	2.42e-21	55	TelYs	1853941	revF
ERR21887243672	Chr8	100.000	53	0	1	53	1858960	1859012	2.42e-21	55	TelYs	1858964	revF
ERR21887243672	Chr8	100.000	53	0	1	53	1864103	1864155	2.42e-21	55	TelYs	1864107	revF
ERR21887243672	Chr8	100.000	53	0	1	53	1869242	1869294	2.42e-21	55	TelYs	1869246	revF
ERR21887243672	Chr8	100.000	53	0	1	53	1874374	1874426	2.42e-21	55	TelYs	1874378	revF
ERR21887243672	Chr8	100.000	53	0	1	53	1879493	1879545	2.42e-21	55	TelYs	1879497	revF
ERR21887243672	Chr8	100.000	53	0	1	53	1884629	1884681	2.42e-21	55	TelYs	1884633	revF
ERR21887243672	Chr8	100.000	53	0	1	53	1889625	1889677	2.42e-21	55	TelYs	1889629	revF
ERR21887243672	Chr8	100.000	53	0	1	53	1894718	1894770	2.42e-21	55	TelYs	1894722	revF
ERR21887243672	Chr8	100.000	52	0	2	53	5235	5184	8.70e-21	55	TelYs	5136	revT
ERR21887243672	Chr8	100.000	52	0	2	53	10404	10353	8.70e-21	55	TelYs	10305	revT
ERR21887243672	Chr8	100.000	52	0	2	53	15434	15383	8.70e-21	55	TelYs	15335	revT
ERR21887243672	Chr8	100.000	52	0	2	53	1899723	1899774	8.70e-21	55	TelYs	1899726	revF
ERR21887243672	Chr7	100.000	53	0	1	53	3527	3475	2.42e-21	55	TelYs	3427	revT
ERR21887243672	Chr7	100.000	53	0	1	53	8558	8506	2.42e-21	55	TelYs	8458	revT
ERR21887243672	Chr7	100.000	53	0	1	53	11003	10951	2.42e-21	55	TelYs	10903	revT
ERR21887243672	Chr7	100.000	53	0	1	53	4045498	4045550	2.42e-21	55	TelYs	4045502	revF
ERR21887243672	Chr7	100.000	53	0	1	53	4050526	4050578	2.42e-21	55	TelYs	4050530	revF
ERR21887243672	Chr7	100.000	52	0	2	53	4038038	4038089	8.70e-21	55	TelYs	4038041	revF
ERR21887243672	Chr7	100.000	52	0	2	53	4043064	4043115	8.70e-21	55	TelYs	4043067	revF
ERR21887243672	Chr7	100.000	52	0	2	53	4055687	4055738	8.70e-21	55	TelYs	4055690	revF
ERR21887243672	Chr7	100.000	52	0	2	53	4060717	4060768	8.70e-21	55	TelYs	4060720	revF
ERR21887243672	Chr7	100.000	52	0	2	53	4065751	4065802	8.70e-21	55	TelYs	4065754	revF
ERR21887243672	Chr7	100.000	52	0	2	53	4070860	4070911	8.70e-21	55	TelYs	4070863	revF
ERR21887243672	Chr7	100.000	52	0	2	53	4075852	4075903	8.70e-21	55	TelYs	4075855	revF
ERR21887243672	Chr6	100.000	53	0	1	53	18828	18776	2.42e-21	55	TelYs	18728	revT
ERR21887243672	Chr6	100.000	53	0	1	53	23850	23798	2.42e-21	55	TelYs	23750	revT
ERR21887243672	Chr6	100.000	53	0	1	53	6104411	6104463	2.42e-21	55	TelYs	6104415	revF
ERR21887243672	Chr6	100.000	53	0	1	53	6109526	6109578	2.42e-21	55	TelYs	6109530	revF
ERR21887243672	Chr6	100.000	53	0	1	53	6114570	6114622	2.42e-21	55	TelYs	6114574	revF
ERR21887243672	Chr6	100.000	53	0	1	53	6119615	6119667	2.42e-21	55	TelYs	6119619	revF
ERR21887243672	Chr6	100.000	53	0	1	53	6129815	6129867	2.42e-21	55	TelYs	6129819	revF
ERR21887243672	Chr6	100.000	52	0	2	53	3723	3672	8.70e-21	55	TelYs	3624	revT
ERR21887243672	Chr6	100.000	52	0	2	53	8770	8719	8.70e-21	55	TelYs	8671	revT
ERR21887243672	Chr6	100.000	52	0	2	53	13789	13738	8.70e-21	55	TelYs	13690	revT
ERR21887243672	Chr6	100.000	52	0	2	53	6124775	6124826	8.70e-21	55	TelYs	6124778	revF
ERR21887243672	Chr5	100.000	53	0	1	53	4436419	4436471	2.42e-21	55	TelYs	4436423	revF
ERR21887243672	Chr5	100.000	53	0	1	53	4441446	4441498	2.42e-21	55	TelYs	4441450	revF
ERR21887243672	Chr5	100.000	53	0	1	53	4446488	4446540	2.42e-21	55	TelYs	4446492	revF
ERR21887243672	Chr5	100.000	53	0	1	53	4451542	4451594	2.42e-21	55	TelYs	4451546	revF
ERR21887243672	Chr5	100.000	52	0	2	53	3476	3425	8.70e-21	55	TelYs	3377	revT
ERR21887243672	Chr5	100.000	52	0	2	53	4456585	4456636	8.70e-21	55	TelYs	4456588	revF
ERR21887243672	Chr4	100.000	53	0	1	53	8585	8533	2.42e-21	55	TelYs	8485	revT
ERR21887243672	Chr4	100.000	53	0	1	53	13622	13570	2.42e-21	55	TelYs	13522	revT
ERR21887243672	Chr4	100.000	53	0	1	53	5395355	5395407	2.42e-21	55	TelYs	5395359	revF
ERR21887243672	Chr4	100.000	53	0	1	53	5405439	5405491	2.42e-21	55	TelYs	5405443	revF
ERR21887243672	Chr4	100.000	52	0	2	53	3558	3507	8.70e-21	55	TelYs	3459	revT
ERR21887243672	Chr4	100.000	52	0	2	53	5400402	5400453	8.70e-21	55	TelYs	5400405	revF
ERR21887243672	Chr4	100.000	52	0	2	53	5409654	5409705	8.70e-21	55	TelYs	5409657	revF
ERR21887243672	Chr3	100.000	53	0	1	53	8224157	8224209	2.42e-21	55	TelYs	8224161	revF
ERR21887243672	Chr3	100.000	52	0	2	53	3094	3043	8.70e-21	55	TelYs	2995	revT
ERR21887243672	Chr3	100.000	52	0	2	53	8086	8035	8.70e-21	55	TelYs	7987	revT
ERR21887243672	Chr3	100.000	52	0	2	53	13072	13021	8.70e-21	55	TelYs	12973	revT
ERR21887243672	Chr3	100.000	52	0	2	53	8229172	8229223	8.70e-21	55	TelYs	8229175	revF
ERR21887243672	Chr3	100.000	52	0	2	53	8234206	8234257	8.70e-21	55	TelYs	8234209	revF
ERR21887243672	Chr2	100.000	53	0	1	53	8757	8705	2.42e-21	55	TelYs	8657	revT
ERR21887243672	Chr2	100.000	53	0	1	53	13782	13730	2.42e-21	55	TelYs	13682	revT
ERR21887243672	Chr2	100.000	53	0	1	53	7911898	7911950	2.42e-21	55	TelYs	7911902	revF
ERR21887243672	Chr2	100.000	52	0	2	53	3673	3622	8.70e-21	55	TelYs	3574	revT
ERR21887243672	Chr1	100.000	52	0	2	53	6664659	6664710	8.70e-21	55	TelYs	6664662	revF
ERR21887248880	Chr8	100.000	60	0	1	60	627	568	3.56e-25	60	TelYs	520	revT
ERR21887248880	Chr8	100.000	60	0	1	60	5765	5706	3.56e-25	60	TelYs	5658	revT
ERR21887248880	Chr8	100.000	60	0	1	60	10934	10875	3.56e-25	60	TelYs	10827	revT
ERR21887248880	Chr8	100.000	60	0	1	60	15964	15905	3.56e-25	60	TelYs	15857	revT
ERR21887248880	Chr8	100.000	60	0	1	60	1843203	1843262	3.56e-25	60	TelYs	1843214	revF
ERR21887248880	Chr8	100.000	60	0	1	60	1848341	1848400	3.56e-25	60	TelYs	1848352	revF
ERR21887248880	Chr8	100.000	60	0	1	60	1853407	1853466	3.56e-25	60	TelYs	1853418	revF
ERR21887248880	Chr8	100.000	60	0	1	60	1858430	1858489	3.56e-25	60	TelYs	1858441	revF
ERR21887248880	Chr8	100.000	60	0	1	60	1863573	1863632	3.56e-25	60	TelYs	1863584	revF
ERR21887248880	Chr8	100.000	60	0	1	60	1868714	1868773	3.56e-25	60	TelYs	1868725	revF
ERR21887248880	Chr8	100.000	60	0	1	60	1873846	1873905	3.56e-25	60	TelYs	1873857	revF
ERR21887248880	Chr8	100.000	60	0	1	60	1878966	1879025	3.56e-25	60	TelYs	1878977	revF
ERR21887248880	Chr8	100.000	60	0	1	60	1884102	1884161	3.56e-25	60	TelYs	1884113	revF
ERR21887248880	Chr8	100.000	60	0	1	60	1889098	1889157	3.56e-25	60	TelYs	1889109	revF
ERR21887248880	Chr8	100.000	60	0	1	60	1899194	1899253	3.56e-25	60	TelYs	1899205	revF
ERR21887248880	Chr8	98.276	58	0	3	60	1894195	1894251	7.71e-22	60	TelYs	1894203	revF
ERR21887248880	Chr7	100.000	60	0	1	60	4057	3998	3.56e-25	60	TelYs	3950	revT
ERR21887248880	Chr7	100.000	60	0	1	60	9088	9029	3.56e-25	60	TelYs	8981	revT
ERR21887248880	Chr7	100.000	60	0	1	60	11533	11474	3.56e-25	60	TelYs	11426	revT
ERR21887248880	Chr7	100.000	60	0	1	60	4037508	4037567	3.56e-25	60	TelYs	4037519	revF
ERR21887248880	Chr7	100.000	60	0	1	60	4042534	4042593	3.56e-25	60	TelYs	4042545	revF
ERR21887248880	Chr7	100.000	60	0	1	60	4044968	4045027	3.56e-25	60	TelYs	4044979	revF
ERR21887248880	Chr7	100.000	60	0	1	60	4049996	4050055	3.56e-25	60	TelYs	4050007	revF
ERR21887248880	Chr7	100.000	60	0	1	60	4055157	4055216	3.56e-25	60	TelYs	4055168	revF
ERR21887248880	Chr7	100.000	60	0	1	60	4060187	4060246	3.56e-25	60	TelYs	4060198	revF
ERR21887248880	Chr7	100.000	60	0	1	60	4065222	4065281	3.56e-25	60	TelYs	4065233	revF
ERR21887248880	Chr7	100.000	60	0	1	60	4070333	4070392	3.56e-25	60	TelYs	4070344	revF
ERR21887248880	Chr7	100.000	60	0	1	60	4075324	4075383	3.56e-25	60	TelYs	4075335	revF
ERR21887248880	Chr6	100.000	60	0	1	60	4253	4194	3.56e-25	60	TelYs	4146	revT
ERR21887248880	Chr6	100.000	60	0	1	60	9300	9241	3.56e-25	60	TelYs	9193	revT
ERR21887248880	Chr6	100.000	60	0	1	60	14319	14260	3.56e-25	60	TelYs	14212	revT
ERR21887248880	Chr6	100.000	60	0	1	60	19358	19299	3.56e-25	60	TelYs	19251	revT
ERR21887248880	Chr6	100.000	60	0	1	60	24380	24321	3.56e-25	60	TelYs	24273	revT
ERR21887248880	Chr6	100.000	60	0	1	60	6103881	6103940	3.56e-25	60	TelYs	6103892	revF
ERR21887248880	Chr6	100.000	60	0	1	60	6108996	6109055	3.56e-25	60	TelYs	6109007	revF
ERR21887248880	Chr6	100.000	60	0	1	60	6114040	6114099	3.56e-25	60	TelYs	6114051	revF
ERR21887248880	Chr6	100.000	60	0	1	60	6119083	6119142	3.56e-25	60	TelYs	6119094	revF
ERR21887248880	Chr6	100.000	60	0	1	60	6124245	6124304	3.56e-25	60	TelYs	6124256	revF
ERR21887248880	Chr6	100.000	60	0	1	60	6129285	6129344	3.56e-25	60	TelYs	6129296	revF
ERR21887248880	Chr5	100.000	60	0	1	60	4006	3947	3.56e-25	60	TelYs	3899	revT
ERR21887248880	Chr5	100.000	60	0	1	60	4435889	4435948	3.56e-25	60	TelYs	4435900	revF
ERR21887248880	Chr5	100.000	60	0	1	60	4440916	4440975	3.56e-25	60	TelYs	4440927	revF
ERR21887248880	Chr5	100.000	60	0	1	60	4445958	4446017	3.56e-25	60	TelYs	4445969	revF
ERR21887248880	Chr5	100.000	60	0	1	60	4451011	4451070	3.56e-25	60	TelYs	4451022	revF
ERR21887248880	Chr5	100.000	60	0	1	60	4456055	4456114	3.56e-25	60	TelYs	4456066	revF
ERR21887248880	Chr4	100.000	60	0	1	60	4088	4029	3.56e-25	60	TelYs	3981	revT
ERR21887248880	Chr4	100.000	60	0	1	60	9115	9056	3.56e-25	60	TelYs	9008	revT
ERR21887248880	Chr4	100.000	60	0	1	60	14153	14094	3.56e-25	60	TelYs	14046	revT
ERR21887248880	Chr4	100.000	60	0	1	60	5394825	5394884	3.56e-25	60	TelYs	5394836	revF
ERR21887248880	Chr4	100.000	60	0	1	60	5399872	5399931	3.56e-25	60	TelYs	5399883	revF
ERR21887248880	Chr4	100.000	60	0	1	60	5404909	5404968	3.56e-25	60	TelYs	5404920	revF
ERR21887248880	Chr4	100.000	60	0	1	60	5409123	5409182	3.56e-25	60	TelYs	5409134	revF
ERR21887248880	Chr3	100.000	60	0	1	60	3624	3565	3.56e-25	60	TelYs	3517	revT
ERR21887248880	Chr3	100.000	60	0	1	60	8616	8557	3.56e-25	60	TelYs	8509	revT
ERR21887248880	Chr3	100.000	60	0	1	60	13601	13542	3.56e-25	60	TelYs	13494	revT
ERR21887248880	Chr3	100.000	60	0	1	60	8223627	8223686	3.56e-25	60	TelYs	8223638	revF
ERR21887248880	Chr3	100.000	60	0	1	60	8228642	8228701	3.56e-25	60	TelYs	8228653	revF
ERR21887248880	Chr3	100.000	60	0	1	60	8233676	8233735	3.56e-25	60	TelYs	8233687	revF
ERR21887248880	Chr2	100.000	60	0	1	60	4202	4143	3.56e-25	60	TelYs	4095	revT
ERR21887248880	Chr2	100.000	60	0	1	60	9287	9228	3.56e-25	60	TelYs	9180	revT
ERR21887248880	Chr2	100.000	60	0	1	60	14312	14253	3.56e-25	60	TelYs	14205	revT
ERR21887248880	Chr2	100.000	60	0	1	60	7911368	7911427	3.56e-25	60	TelYs	7911379	revF
ERR21887248880	Chr1	100.000	60	0	1	60	6664129	6664188	3.56e-25	60	TelYs	6664140	revF
ERR21887244528	Chr8	96.667	60	2	1	60	3933	3992	7.71e-22	60	TelYs	3944	revF
ERR21887244528	Chr8	96.667	60	2	1	60	9102	9161	7.71e-22	60	TelYs	9113	revF
ERR21887244528	Chr8	96.667	60	2	1	60	14132	14191	7.71e-22	60	TelYs	14143	revF
ERR21887244528	Chr8	96.667	60	2	1	60	1845036	1844977	7.71e-22	60	TelYs	1844929	revT
ERR21887244528	Chr8	96.667	60	2	1	60	1850173	1850114	7.71e-22	60	TelYs	1850066	revT
ERR21887244528	Chr8	96.667	60	2	1	60	1855239	1855180	7.71e-22	60	TelYs	1855132	revT
ERR21887244528	Chr8	96.667	60	2	1	60	1860261	1860202	7.71e-22	60	TelYs	1860154	revT
ERR21887244528	Chr8	96.667	60	2	1	60	1865403	1865344	7.71e-22	60	TelYs	1865296	revT
ERR21887244528	Chr8	96.667	60	2	1	60	1870543	1870484	7.71e-22	60	TelYs	1870436	revT
ERR21887244528	Chr8	96.667	60	2	1	60	1875670	1875611	7.71e-22	60	TelYs	1875563	revT
ERR21887244528	Chr8	96.667	60	2	1	60	1880792	1880733	7.71e-22	60	TelYs	1880685	revT
ERR21887244528	Chr8	96.667	60	2	1	60	1885922	1885863	7.71e-22	60	TelYs	1885815	revT
ERR21887244528	Chr8	96.667	60	2	1	60	1890919	1890860	7.71e-22	60	TelYs	1890812	revT
ERR21887244528	Chr8	96.667	60	2	1	60	1896010	1895951	7.71e-22	60	TelYs	1895903	revT
ERR21887244528	Chr8	95.000	60	2	1	60	1901017	1900959	1.29e-19	60	TelYs	1900911	revT
ERR21887244528	Chr7	96.667	60	2	1	60	2224	2283	7.71e-22	60	TelYs	2235	revF
ERR21887244528	Chr7	96.667	60	2	1	60	7255	7314	7.71e-22	60	TelYs	7266	revF
ERR21887244528	Chr7	96.667	60	2	1	60	4039339	4039280	7.71e-22	60	TelYs	4039232	revT
ERR21887244528	Chr7	96.667	60	2	1	60	4046800	4046741	7.71e-22	60	TelYs	4046693	revT
ERR21887244528	Chr7	96.667	60	2	1	60	4051829	4051770	7.71e-22	60	TelYs	4051722	revT
ERR21887244528	Chr7	96.667	60	2	1	60	4056987	4056928	7.71e-22	60	TelYs	4056880	revT
ERR21887244528	Chr7	96.667	60	2	1	60	4062018	4061959	7.71e-22	60	TelYs	4061911	revT
ERR21887244528	Chr7	96.667	60	2	1	60	4067046	4066987	7.71e-22	60	TelYs	4066939	revT
ERR21887244528	Chr7	96.667	60	2	1	60	4077145	4077086	7.71e-22	60	TelYs	4077038	revT
ERR21887244528	Chr7	95.000	60	2	1	60	4072153	4072095	1.29e-19	60	TelYs	4072047	revT
ERR21887244528	Chr6	96.667	60	2	1	60	2421	2480	7.71e-22	60	TelYs	2432	revF
ERR21887244528	Chr6	96.667	60	2	1	60	7468	7527	7.71e-22	60	TelYs	7479	revF
ERR21887244528	Chr6	96.667	60	2	1	60	12489	12548	7.71e-22	60	TelYs	12500	revF
ERR21887244528	Chr6	96.667	60	2	1	60	17525	17584	7.71e-22	60	TelYs	17536	revF
ERR21887244528	Chr6	96.667	60	2	1	60	22548	22607	7.71e-22	60	TelYs	22559	revF
ERR21887244528	Chr6	96.667	60	2	1	60	6105713	6105654	7.71e-22	60	TelYs	6105606	revT
ERR21887244528	Chr6	96.667	60	2	1	60	6110828	6110769	7.71e-22	60	TelYs	6110721	revT
ERR21887244528	Chr6	96.667	60	2	1	60	6115873	6115814	7.71e-22	60	TelYs	6115766	revT
ERR21887244528	Chr6	96.667	60	2	1	60	6120914	6120855	7.71e-22	60	TelYs	6120807	revT
ERR21887244528	Chr6	96.667	60	2	1	60	6126075	6126016	7.71e-22	60	TelYs	6125968	revT
ERR21887244528	Chr6	96.667	60	2	1	60	6131116	6131057	7.71e-22	60	TelYs	6131009	revT
ERR21887244528	Chr5	96.667	60	2	1	60	2174	2233	7.71e-22	60	TelYs	2185	revF
ERR21887244528	Chr5	96.667	60	2	1	60	4437722	4437663	7.71e-22	60	TelYs	4437615	revT
ERR21887244528	Chr5	96.667	60	2	1	60	4442749	4442690	7.71e-22	60	TelYs	4442642	revT
ERR21887244528	Chr5	96.667	60	2	1	60	4447791	4447732	7.71e-22	60	TelYs	4447684	revT
ERR21887244528	Chr5	96.667	60	2	1	60	4452844	4452785	7.71e-22	60	TelYs	4452737	revT
ERR21887244528	Chr5	96.667	60	2	1	60	4457887	4457828	7.71e-22	60	TelYs	4457780	revT
ERR21887244528	Chr4	96.667	60	2	1	60	2256	2315	7.71e-22	60	TelYs	2267	revF
ERR21887244528	Chr4	96.667	60	2	1	60	7282	7341	7.71e-22	60	TelYs	7293	revF
ERR21887244528	Chr4	96.667	60	2	1	60	12319	12378	7.71e-22	60	TelYs	12330	revF
ERR21887244528	Chr4	96.667	60	2	1	60	5396658	5396599	7.71e-22	60	TelYs	5396551	revT
ERR21887244528	Chr4	96.667	60	2	1	60	5401703	5401644	7.71e-22	60	TelYs	5401596	revT
ERR21887244528	Chr4	96.667	60	2	1	60	5406741	5406682	7.71e-22	60	TelYs	5406634	revT
ERR21887244528	Chr4	96.667	60	2	1	60	5410956	5410897	7.71e-22	60	TelYs	5410849	revT
ERR21887244528	Chr3	96.667	60	2	1	60	6784	6843	7.71e-22	60	TelYs	6795	revF
ERR21887244528	Chr3	96.667	60	2	1	60	11772	11831	7.71e-22	60	TelYs	11783	revF
ERR21887244528	Chr3	96.667	60	2	1	60	8225460	8225401	7.71e-22	60	TelYs	8225353	revT
ERR21887244528	Chr3	96.667	60	2	1	60	8230474	8230415	7.71e-22	60	TelYs	8230367	revT
ERR21887244528	Chr3	96.667	60	2	1	60	8235508	8235449	7.71e-22	60	TelYs	8235401	revT
ERR21887244528	Chr3	95.000	60	3	1	60	7474816	7474875	3.59e-20	60	TelYs	7474827	revF
ERR21887244528	Chr3	93.443	61	3	1	60	1791	1851	1.67e-18	60	TelYs	1803	revF
ERR21887244528	Chr2	96.667	60	2	1	60	2378	2437	7.71e-22	60	TelYs	2389	revF
ERR21887244528	Chr2	96.667	60	2	1	60	7454	7513	7.71e-22	60	TelYs	7465	revF
ERR21887244528	Chr2	96.667	60	2	1	60	12480	12539	7.71e-22	60	TelYs	12491	revF
ERR21887244528	Chr2	96.667	60	2	1	60	7913201	7913142	7.71e-22	60	TelYs	7913094	revT
ERR21887244528	Chr1	96.667	60	2	1	60	6665960	6665901	7.71e-22	60	TelYs	6665853	revT
ERR21887241288	Chr8	100.000	60	0	1	60	3993	3934	3.56e-25	60	TelYs	3886	revT
ERR21887241288	Chr8	100.000	60	0	1	60	9162	9103	3.56e-25	60	TelYs	9055	revT
ERR21887241288	Chr8	100.000	60	0	1	60	14192	14133	3.56e-25	60	TelYs	14085	revT
ERR21887241288	Chr8	100.000	60	0	1	60	1844976	1845035	3.56e-25	60	TelYs	1844987	revF
ERR21887241288	Chr8	100.000	60	0	1	60	1850113	1850172	3.56e-25	60	TelYs	1850124	revF
ERR21887241288	Chr8	100.000	60	0	1	60	1855179	1855238	3.56e-25	60	TelYs	1855190	revF
ERR21887241288	Chr8	100.000	60	0	1	60	1860201	1860260	3.56e-25	60	TelYs	1860212	revF
ERR21887241288	Chr8	100.000	60	0	1	60	1865343	1865402	3.56e-25	60	TelYs	1865354	revF
ERR21887241288	Chr8	100.000	60	0	1	60	1870483	1870542	3.56e-25	60	TelYs	1870494	revF
ERR21887241288	Chr8	100.000	60	0	1	60	1875610	1875669	3.56e-25	60	TelYs	1875621	revF
ERR21887241288	Chr8	100.000	60	0	1	60	1880732	1880791	3.56e-25	60	TelYs	1880743	revF
ERR21887241288	Chr8	100.000	60	0	1	60	1885862	1885921	3.56e-25	60	TelYs	1885873	revF
ERR21887241288	Chr8	100.000	60	0	1	60	1890859	1890918	3.56e-25	60	TelYs	1890870	revF
ERR21887241288	Chr8	100.000	60	0	1	60	1895950	1896009	3.56e-25	60	TelYs	1895961	revF
ERR21887241288	Chr8	98.333	60	0	1	60	1900958	1901016	5.96e-23	60	TelYs	1900968	revF
ERR21887241288	Chr7	100.000	60	0	1	60	2284	2225	3.56e-25	60	TelYs	2177	revT
ERR21887241288	Chr7	100.000	60	0	1	60	7315	7256	3.56e-25	60	TelYs	7208	revT
ERR21887241288	Chr7	100.000	60	0	1	60	4039279	4039338	3.56e-25	60	TelYs	4039290	revF
ERR21887241288	Chr7	100.000	60	0	1	60	4046740	4046799	3.56e-25	60	TelYs	4046751	revF
ERR21887241288	Chr7	100.000	60	0	1	60	4051769	4051828	3.56e-25	60	TelYs	4051780	revF
ERR21887241288	Chr7	100.000	60	0	1	60	4056927	4056986	3.56e-25	60	TelYs	4056938	revF
ERR21887241288	Chr7	100.000	60	0	1	60	4061958	4062017	3.56e-25	60	TelYs	4061969	revF
ERR21887241288	Chr7	100.000	60	0	1	60	4066986	4067045	3.56e-25	60	TelYs	4066997	revF
ERR21887241288	Chr7	100.000	60	0	1	60	4077085	4077144	3.56e-25	60	TelYs	4077096	revF
ERR21887241288	Chr7	98.333	60	0	1	60	4072094	4072152	5.96e-23	60	TelYs	4072104	revF
ERR21887241288	Chr6	100.000	60	0	1	60	2481	2422	3.56e-25	60	TelYs	2374	revT
ERR21887241288	Chr6	100.000	60	0	1	60	7528	7469	3.56e-25	60	TelYs	7421	revT
ERR21887241288	Chr6	100.000	60	0	1	60	12549	12490	3.56e-25	60	TelYs	12442	revT
ERR21887241288	Chr6	100.000	60	0	1	60	17585	17526	3.56e-25	60	TelYs	17478	revT
ERR21887241288	Chr6	100.000	60	0	1	60	22608	22549	3.56e-25	60	TelYs	22501	revT
ERR21887241288	Chr6	100.000	60	0	1	60	6105653	6105712	3.56e-25	60	TelYs	6105664	revF
ERR21887241288	Chr6	100.000	60	0	1	60	6110768	6110827	3.56e-25	60	TelYs	6110779	revF
ERR21887241288	Chr6	100.000	60	0	1	60	6115813	6115872	3.56e-25	60	TelYs	6115824	revF
ERR21887241288	Chr6	100.000	60	0	1	60	6120854	6120913	3.56e-25	60	TelYs	6120865	revF
ERR21887241288	Chr6	100.000	60	0	1	60	6126015	6126074	3.56e-25	60	TelYs	6126026	revF
ERR21887241288	Chr6	100.000	60	0	1	60	6131056	6131115	3.56e-25	60	TelYs	6131067	revF
ERR21887241288	Chr5	100.000	60	0	1	60	2234	2175	3.56e-25	60	TelYs	2127	revT
ERR21887241288	Chr5	100.000	60	0	1	60	4437662	4437721	3.56e-25	60	TelYs	4437673	revF
ERR21887241288	Chr5	100.000	60	0	1	60	4442689	4442748	3.56e-25	60	TelYs	4442700	revF
ERR21887241288	Chr5	100.000	60	0	1	60	4447731	4447790	3.56e-25	60	TelYs	4447742	revF
ERR21887241288	Chr5	100.000	60	0	1	60	4452784	4452843	3.56e-25	60	TelYs	4452795	revF
ERR21887241288	Chr5	100.000	60	0	1	60	4457827	4457886	3.56e-25	60	TelYs	4457838	revF
ERR21887241288	Chr4	100.000	60	0	1	60	2316	2257	3.56e-25	60	TelYs	2209	revT
ERR21887241288	Chr4	100.000	60	0	1	60	7342	7283	3.56e-25	60	TelYs	7235	revT
ERR21887241288	Chr4	100.000	60	0	1	60	12379	12320	3.56e-25	60	TelYs	12272	revT
ERR21887241288	Chr4	100.000	60	0	1	60	5396598	5396657	3.56e-25	60	TelYs	5396609	revF
ERR21887241288	Chr4	100.000	60	0	1	60	5401643	5401702	3.56e-25	60	TelYs	5401654	revF
ERR21887241288	Chr4	100.000	60	0	1	60	5406681	5406740	3.56e-25	60	TelYs	5406692	revF
ERR21887241288	Chr4	100.000	60	0	1	60	5410896	5410955	3.56e-25	60	TelYs	5410907	revF
ERR21887241288	Chr3	100.000	60	0	1	60	6844	6785	3.56e-25	60	TelYs	6737	revT
ERR21887241288	Chr3	100.000	60	0	1	60	11832	11773	3.56e-25	60	TelYs	11725	revT
ERR21887241288	Chr3	100.000	60	0	1	60	8225400	8225459	3.56e-25	60	TelYs	8225411	revF
ERR21887241288	Chr3	100.000	60	0	1	60	8230414	8230473	3.56e-25	60	TelYs	8230425	revF
ERR21887241288	Chr3	100.000	60	0	1	60	8235448	8235507	3.56e-25	60	TelYs	8235459	revF
ERR21887241288	Chr3	98.333	60	1	1	60	7474876	7474817	1.66e-23	60	TelYs	7474769	revT
ERR21887241288	Chr3	96.721	61	1	1	60	1852	1792	7.71e-22	60	TelYs	1744	revT
ERR21887241288	Chr2	100.000	60	0	1	60	2438	2379	3.56e-25	60	TelYs	2331	revT
ERR21887241288	Chr2	100.000	60	0	1	60	7514	7455	3.56e-25	60	TelYs	7407	revT
ERR21887241288	Chr2	100.000	60	0	1	60	12540	12481	3.56e-25	60	TelYs	12433	revT
ERR21887241288	Chr2	100.000	60	0	1	60	7913141	7913200	3.56e-25	60	TelYs	7913152	revF
ERR21887241288	Chr1	100.000	60	0	1	60	6665900	6665959	3.56e-25	60	TelYs	6665911	revF
ERR21887246064	Chr7	98.333	60	1	1	60	560549	560608	1.66e-23	60	TelYs	560560	revF
ERR21887246064	Chr7	96.610	59	2	1	59	3966582	3966640	2.77e-21	60	TelYs	3966592	revF
ERR21887246064	Chr7	95.000	60	3	1	60	554660	554719	3.59e-20	60	TelYs	554671	revF
ERR21887246064	Chr7	94.915	59	3	2	60	526116	526058	1.29e-19	60	TelYs	526010	revT
ERR21887246064	Chr3	98.333	60	1	1	60	8075030	8074971	1.66e-23	60	TelYs	8074923	revT
ERR21887246064	Chr3	98.305	59	1	1	59	2596087	2596145	5.96e-23	60	TelYs	2596097	revF
ERR21887246064	Chr3	96.610	59	2	2	60	2559418	2559360	2.77e-21	60	TelYs	2559312	revT
ERR21887246064	Chr3	95.000	60	3	1	60	2041952	2041893	3.59e-20	60	TelYs	2041845	revT
ERR21887246064	Chr3	95.000	60	3	1	60	2539033	2538974	3.59e-20	60	TelYs	2538926	revT
ERR21887246064	Chr3	95.000	60	3	1	60	7866654	7866595	3.59e-20	60	TelYs	7866547	revT
ERR21887246064	Chr3	90.000	60	6	1	60	7863336	7863277	3.61e-15	60	TelYs	7863229	revT
ERR21887246064	Chr3	90.000	60	6	1	60	8081402	8081461	3.61e-15	60	TelYs	8081413	revF
ERR21887246064	Chr1	98.333	60	1	1	60	2205589	2205530	1.66e-23	60	TelYs	2205482	revT
ERR21887246064	Chr1	96.667	60	2	1	60	393161	393102	7.71e-22	60	TelYs	393054	revT
ERR21887246064	Chr1	96.667	60	2	1	60	2300581	2300640	7.71e-22	60	TelYs	2300592	revF
ERR21887246064	Chr1	96.667	60	2	1	60	6643966	6644025	7.71e-22	60	TelYs	6643977	revF
ERR21887246064	Chr1	95.000	60	3	1	60	400035	399976	3.59e-20	60	TelYs	399928	revT
ERR21887246064	Chr1	94.828	58	3	2	59	442320	442377	4.64e-19	60	TelYs	442329	revF
ERR21887246064	Chr1	93.220	59	1	1	59	6391109	6391164	7.77e-17	60	TelYs	6391116	revF
ERR21887246064	Chr8	96.667	60	2	1	60	554856	554797	7.71e-22	60	TelYs	554749	revT
ERR21887246064	Chr2	95.000	60	3	1	60	7390737	7390796	3.59e-20	60	TelYs	7390748	revF
ERR21887247112	Chr8	100.000	60	0	1	60	601	542	3.56e-25	60	TelYs	494	revT
ERR21887247112	Chr8	100.000	60	0	1	60	5739	5680	3.56e-25	60	TelYs	5632	revT
ERR21887247112	Chr8	100.000	60	0	1	60	10908	10849	3.56e-25	60	TelYs	10801	revT
ERR21887247112	Chr8	100.000	60	0	1	60	15938	15879	3.56e-25	60	TelYs	15831	revT
ERR21887247112	Chr8	100.000	60	0	1	60	1843229	1843288	3.56e-25	60	TelYs	1843240	revF
ERR21887247112	Chr8	100.000	60	0	1	60	1848367	1848426	3.56e-25	60	TelYs	1848378	revF
ERR21887247112	Chr8	100.000	60	0	1	60	1853433	1853492	3.56e-25	60	TelYs	1853444	revF
ERR21887247112	Chr8	100.000	60	0	1	60	1858456	1858515	3.56e-25	60	TelYs	1858467	revF
ERR21887247112	Chr8	100.000	60	0	1	60	1863599	1863658	3.56e-25	60	TelYs	1863610	revF
ERR21887247112	Chr8	100.000	60	0	1	60	1868740	1868799	3.56e-25	60	TelYs	1868751	revF
ERR21887247112	Chr8	100.000	60	0	1	60	1873872	1873931	3.56e-25	60	TelYs	1873883	revF
ERR21887247112	Chr8	100.000	60	0	1	60	1878992	1879051	3.56e-25	60	TelYs	1879003	revF
ERR21887247112	Chr8	100.000	60	0	1	60	1884128	1884187	3.56e-25	60	TelYs	1884139	revF
ERR21887247112	Chr8	100.000	60	0	1	60	1889124	1889183	3.56e-25	60	TelYs	1889135	revF
ERR21887247112	Chr8	100.000	60	0	1	60	1899220	1899279	3.56e-25	60	TelYs	1899231	revF
ERR21887247112	Chr8	100.000	58	0	1	58	1894218	1894275	4.61e-24	60	TelYs	1894227	revF
ERR21887247112	Chr7	100.000	60	0	1	60	4031	3972	3.56e-25	60	TelYs	3924	revT
ERR21887247112	Chr7	100.000	60	0	1	60	9062	9003	3.56e-25	60	TelYs	8955	revT
ERR21887247112	Chr7	100.000	60	0	1	60	11507	11448	3.56e-25	60	TelYs	11400	revT
ERR21887247112	Chr7	100.000	60	0	1	60	4037534	4037593	3.56e-25	60	TelYs	4037545	revF
ERR21887247112	Chr7	100.000	60	0	1	60	4042560	4042619	3.56e-25	60	TelYs	4042571	revF
ERR21887247112	Chr7	100.000	60	0	1	60	4044994	4045053	3.56e-25	60	TelYs	4045005	revF
ERR21887247112	Chr7	100.000	60	0	1	60	4050022	4050081	3.56e-25	60	TelYs	4050033	revF
ERR21887247112	Chr7	100.000	60	0	1	60	4055183	4055242	3.56e-25	60	TelYs	4055194	revF
ERR21887247112	Chr7	100.000	60	0	1	60	4060213	4060272	3.56e-25	60	TelYs	4060224	revF
ERR21887247112	Chr7	100.000	60	0	1	60	4065248	4065307	3.56e-25	60	TelYs	4065259	revF
ERR21887247112	Chr7	100.000	60	0	1	60	4070359	4070418	3.56e-25	60	TelYs	4070370	revF
ERR21887247112	Chr7	100.000	58	0	1	58	4075350	4075407	4.61e-24	60	TelYs	4075359	revF
ERR21887247112	Chr6	100.000	60	0	1	60	4227	4168	3.56e-25	60	TelYs	4120	revT
ERR21887247112	Chr6	100.000	60	0	1	60	9274	9215	3.56e-25	60	TelYs	9167	revT
ERR21887247112	Chr6	100.000	60	0	1	60	14293	14234	3.56e-25	60	TelYs	14186	revT
ERR21887247112	Chr6	100.000	60	0	1	60	19332	19273	3.56e-25	60	TelYs	19225	revT
ERR21887247112	Chr6	100.000	60	0	1	60	24354	24295	3.56e-25	60	TelYs	24247	revT
ERR21887247112	Chr6	100.000	60	0	1	60	6103907	6103966	3.56e-25	60	TelYs	6103918	revF
ERR21887247112	Chr6	100.000	60	0	1	60	6109022	6109081	3.56e-25	60	TelYs	6109033	revF
ERR21887247112	Chr6	100.000	60	0	1	60	6114066	6114125	3.56e-25	60	TelYs	6114077	revF
ERR21887247112	Chr6	100.000	60	0	1	60	6119109	6119168	3.56e-25	60	TelYs	6119120	revF
ERR21887247112	Chr6	100.000	60	0	1	60	6124271	6124330	3.56e-25	60	TelYs	6124282	revF
ERR21887247112	Chr6	100.000	60	0	1	60	6129311	6129370	3.56e-25	60	TelYs	6129322	revF
ERR21887247112	Chr5	100.000	60	0	1	60	3980	3921	3.56e-25	60	TelYs	3873	revT
ERR21887247112	Chr5	100.000	60	0	1	60	4435915	4435974	3.56e-25	60	TelYs	4435926	revF
ERR21887247112	Chr5	100.000	60	0	1	60	4440942	4441001	3.56e-25	60	TelYs	4440953	revF
ERR21887247112	Chr5	100.000	60	0	1	60	4445984	4446043	3.56e-25	60	TelYs	4445995	revF
ERR21887247112	Chr5	100.000	60	0	1	60	4451037	4451096	3.56e-25	60	TelYs	4451048	revF
ERR21887247112	Chr5	100.000	60	0	1	60	4456081	4456140	3.56e-25	60	TelYs	4456092	revF
ERR21887247112	Chr4	100.000	60	0	1	60	4062	4003	3.56e-25	60	TelYs	3955	revT
ERR21887247112	Chr4	100.000	60	0	1	60	9089	9030	3.56e-25	60	TelYs	8982	revT
ERR21887247112	Chr4	100.000	60	0	1	60	14127	14068	3.56e-25	60	TelYs	14020	revT
ERR21887247112	Chr4	100.000	60	0	1	60	5394851	5394910	3.56e-25	60	TelYs	5394862	revF
ERR21887247112	Chr4	100.000	60	0	1	60	5399898	5399957	3.56e-25	60	TelYs	5399909	revF
ERR21887247112	Chr4	100.000	60	0	1	60	5404935	5404994	3.56e-25	60	TelYs	5404946	revF
ERR21887247112	Chr4	100.000	60	0	1	60	5409149	5409208	3.56e-25	60	TelYs	5409160	revF
ERR21887247112	Chr3	100.000	60	0	1	60	3598	3539	3.56e-25	60	TelYs	3491	revT
ERR21887247112	Chr3	100.000	60	0	1	60	8590	8531	3.56e-25	60	TelYs	8483	revT
ERR21887247112	Chr3	100.000	60	0	1	60	8223653	8223712	3.56e-25	60	TelYs	8223664	revF
ERR21887247112	Chr3	100.000	60	0	1	60	8228668	8228727	3.56e-25	60	TelYs	8228679	revF
ERR21887247112	Chr3	100.000	60	0	1	60	8233702	8233761	3.56e-25	60	TelYs	8233713	revF
ERR21887247112	Chr3	100.000	58	0	1	58	13575	13518	4.61e-24	60	TelYs	13470	revT
ERR21887247112	Chr2	100.000	60	0	1	60	4176	4117	3.56e-25	60	TelYs	4069	revT
ERR21887247112	Chr2	100.000	60	0	1	60	9261	9202	3.56e-25	60	TelYs	9154	revT
ERR21887247112	Chr2	100.000	60	0	1	60	14286	14227	3.56e-25	60	TelYs	14179	revT
ERR21887247112	Chr2	100.000	60	0	1	60	7911394	7911453	3.56e-25	60	TelYs	7911405	revF
ERR21887247112	Chr1	100.000	60	0	1	60	6664155	6664214	3.56e-25	60	TelYs	6664166	revF
ERR21887247120	Chr8	100.000	60	0	1	60	595	536	3.56e-25	60	TelYs	488	revT
ERR21887247120	Chr8	100.000	60	0	1	60	5733	5674	3.56e-25	60	TelYs	5626	revT
ERR21887247120	Chr8	100.000	60	0	1	60	10902	10843	3.56e-25	60	TelYs	10795	revT
ERR21887247120	Chr8	100.000	60	0	1	60	15932	15873	3.56e-25	60	TelYs	15825	revT
ERR21887247120	Chr8	100.000	60	0	1	60	1843235	1843294	3.56e-25	60	TelYs	1843246	revF
ERR21887247120	Chr8	100.000	60	0	1	60	1848373	1848432	3.56e-25	60	TelYs	1848384	revF
ERR21887247120	Chr8	100.000	60	0	1	60	1853439	1853498	3.56e-25	60	TelYs	1853450	revF
ERR21887247120	Chr8	100.000	60	0	1	60	1858462	1858521	3.56e-25	60	TelYs	1858473	revF
ERR21887247120	Chr8	100.000	60	0	1	60	1863605	1863664	3.56e-25	60	TelYs	1863616	revF
ERR21887247120	Chr8	100.000	60	0	1	60	1868746	1868805	3.56e-25	60	TelYs	1868757	revF
ERR21887247120	Chr8	100.000	60	0	1	60	1873878	1873937	3.56e-25	60	TelYs	1873889	revF
ERR21887247120	Chr8	100.000	60	0	1	60	1878998	1879057	3.56e-25	60	TelYs	1879009	revF
ERR21887247120	Chr8	100.000	60	0	1	60	1884134	1884193	3.56e-25	60	TelYs	1884145	revF
ERR21887247120	Chr8	100.000	60	0	1	60	1889130	1889189	3.56e-25	60	TelYs	1889141	revF
ERR21887247120	Chr8	100.000	60	0	1	60	1899226	1899285	3.56e-25	60	TelYs	1899237	revF
ERR21887247120	Chr8	98.333	60	0	1	60	1894224	1894282	5.96e-23	60	TelYs	1894234	revF
ERR21887247120	Chr7	100.000	60	0	1	60	4025	3966	3.56e-25	60	TelYs	3918	revT
ERR21887247120	Chr7	100.000	60	0	1	60	9056	8997	3.56e-25	60	TelYs	8949	revT
ERR21887247120	Chr7	100.000	60	0	1	60	11501	11442	3.56e-25	60	TelYs	11394	revT
ERR21887247120	Chr7	100.000	60	0	1	60	4037540	4037599	3.56e-25	60	TelYs	4037551	revF
ERR21887247120	Chr7	100.000	60	0	1	60	4042566	4042625	3.56e-25	60	TelYs	4042577	revF
ERR21887247120	Chr7	100.000	60	0	1	60	4045000	4045059	3.56e-25	60	TelYs	4045011	revF
ERR21887247120	Chr7	100.000	60	0	1	60	4050028	4050087	3.56e-25	60	TelYs	4050039	revF
ERR21887247120	Chr7	100.000	60	0	1	60	4055189	4055248	3.56e-25	60	TelYs	4055200	revF
ERR21887247120	Chr7	100.000	60	0	1	60	4060219	4060278	3.56e-25	60	TelYs	4060230	revF
ERR21887247120	Chr7	100.000	60	0	1	60	4065254	4065313	3.56e-25	60	TelYs	4065265	revF
ERR21887247120	Chr7	100.000	60	0	1	60	4070365	4070424	3.56e-25	60	TelYs	4070376	revF
ERR21887247120	Chr7	98.333	60	0	1	60	4075356	4075414	5.96e-23	60	TelYs	4075366	revF
ERR21887247120	Chr6	100.000	60	0	1	60	4221	4162	3.56e-25	60	TelYs	4114	revT
ERR21887247120	Chr6	100.000	60	0	1	60	9268	9209	3.56e-25	60	TelYs	9161	revT
ERR21887247120	Chr6	100.000	60	0	1	60	14287	14228	3.56e-25	60	TelYs	14180	revT
ERR21887247120	Chr6	100.000	60	0	1	60	19326	19267	3.56e-25	60	TelYs	19219	revT
ERR21887247120	Chr6	100.000	60	0	1	60	24348	24289	3.56e-25	60	TelYs	24241	revT
ERR21887247120	Chr6	100.000	60	0	1	60	6103913	6103972	3.56e-25	60	TelYs	6103924	revF
ERR21887247120	Chr6	100.000	60	0	1	60	6109028	6109087	3.56e-25	60	TelYs	6109039	revF
ERR21887247120	Chr6	100.000	60	0	1	60	6114072	6114131	3.56e-25	60	TelYs	6114083	revF
ERR21887247120	Chr6	100.000	60	0	1	60	6119115	6119174	3.56e-25	60	TelYs	6119126	revF
ERR21887247120	Chr6	100.000	60	0	1	60	6124277	6124336	3.56e-25	60	TelYs	6124288	revF
ERR21887247120	Chr6	100.000	60	0	1	60	6129317	6129376	3.56e-25	60	TelYs	6129328	revF
ERR21887247120	Chr5	100.000	60	0	1	60	3974	3915	3.56e-25	60	TelYs	3867	revT
ERR21887247120	Chr5	100.000	60	0	1	60	4435921	4435980	3.56e-25	60	TelYs	4435932	revF
ERR21887247120	Chr5	100.000	60	0	1	60	4440948	4441007	3.56e-25	60	TelYs	4440959	revF
ERR21887247120	Chr5	100.000	60	0	1	60	4445990	4446049	3.56e-25	60	TelYs	4446001	revF
ERR21887247120	Chr5	100.000	60	0	1	60	4451043	4451102	3.56e-25	60	TelYs	4451054	revF
ERR21887247120	Chr5	100.000	60	0	1	60	4456087	4456146	3.56e-25	60	TelYs	4456098	revF
ERR21887247120	Chr4	100.000	60	0	1	60	4056	3997	3.56e-25	60	TelYs	3949	revT
ERR21887247120	Chr4	100.000	60	0	1	60	9083	9024	3.56e-25	60	TelYs	8976	revT
ERR21887247120	Chr4	100.000	60	0	1	60	14121	14062	3.56e-25	60	TelYs	14014	revT
ERR21887247120	Chr4	100.000	60	0	1	60	5394857	5394916	3.56e-25	60	TelYs	5394868	revF
ERR21887247120	Chr4	100.000	60	0	1	60	5399904	5399963	3.56e-25	60	TelYs	5399915	revF
ERR21887247120	Chr4	100.000	60	0	1	60	5404941	5405000	3.56e-25	60	TelYs	5404952	revF
ERR21887247120	Chr4	100.000	60	0	1	60	5409155	5409214	3.56e-25	60	TelYs	5409166	revF
ERR21887247120	Chr3	100.000	60	0	1	60	3592	3533	3.56e-25	60	TelYs	3485	revT
ERR21887247120	Chr3	100.000	60	0	1	60	8584	8525	3.56e-25	60	TelYs	8477	revT
ERR21887247120	Chr3	100.000	60	0	1	60	8223659	8223718	3.56e-25	60	TelYs	8223670	revF
ERR21887247120	Chr3	100.000	60	0	1	60	8228674	8228733	3.56e-25	60	TelYs	8228685	revF
ERR21887247120	Chr3	100.000	60	0	1	60	8233708	8233767	3.56e-25	60	TelYs	8233719	revF
ERR21887247120	Chr3	98.333	60	0	1	60	13569	13511	5.96e-23	60	TelYs	13463	revT
ERR21887247120	Chr2	100.000	60	0	1	60	4170	4111	3.56e-25	60	TelYs	4063	revT
ERR21887247120	Chr2	100.000	60	0	1	60	9255	9196	3.56e-25	60	TelYs	9148	revT
ERR21887247120	Chr2	100.000	60	0	1	60	14280	14221	3.56e-25	60	TelYs	14173	revT
ERR21887247120	Chr2	100.000	60	0	1	60	7911400	7911459	3.56e-25	60	TelYs	7911411	revF
ERR21887247120	Chr1	100.000	60	0	1	60	6664161	6664220	3.56e-25	60	TelYs	6664172	revF
ERR21887245720	Chr1	100.000	51	0	1	51	6662734	6662784	2.76e-20	51	TelYs	6662736	revF
ERR21887245720	Chr1	94.000	50	3	1	50	6662481	6662530	1.00e-14	51	TelYs	6662482	revF
ERR21887246112	Chr8	100.000	41	0	3	43	5184	5224	7.33e-15	43	TelYs	5176	revF
ERR21887246112	Chr8	100.000	41	0	3	43	10353	10393	7.33e-15	43	TelYs	10345	revF
ERR21887246112	Chr8	100.000	41	0	3	43	15383	15423	7.33e-15	43	TelYs	15375	revF
ERR21887246112	Chr8	100.000	41	0	3	43	1843785	1843745	7.33e-15	43	TelYs	1843697	revT
ERR21887246112	Chr8	100.000	41	0	3	43	1848923	1848883	7.33e-15	43	TelYs	1848835	revT
ERR21887246112	Chr8	100.000	41	0	3	43	1853989	1853949	7.33e-15	43	TelYs	1853901	revT
ERR21887246112	Chr8	100.000	41	0	3	43	1859012	1858972	7.33e-15	43	TelYs	1858924	revT
ERR21887246112	Chr8	100.000	41	0	3	43	1864155	1864115	7.33e-15	43	TelYs	1864067	revT
ERR21887246112	Chr8	100.000	41	0	3	43	1869294	1869254	7.33e-15	43	TelYs	1869206	revT
ERR21887246112	Chr8	100.000	41	0	3	43	1874426	1874386	7.33e-15	43	TelYs	1874338	revT
ERR21887246112	Chr8	100.000	41	0	3	43	1879545	1879505	7.33e-15	43	TelYs	1879457	revT
ERR21887246112	Chr8	100.000	41	0	3	43	1884681	1884641	7.33e-15	43	TelYs	1884593	revT
ERR21887246112	Chr8	100.000	41	0	3	43	1889677	1889637	7.33e-15	43	TelYs	1889589	revT
ERR21887246112	Chr8	100.000	41	0	3	43	1894770	1894730	7.33e-15	43	TelYs	1894682	revT
ERR21887246112	Chr8	100.000	41	0	3	43	1899774	1899734	7.33e-15	43	TelYs	1899686	revT
ERR21887246112	Chr7	100.000	41	0	3	43	3475	3515	7.33e-15	43	TelYs	3467	revF
ERR21887246112	Chr7	100.000	41	0	3	43	8506	8546	7.33e-15	43	TelYs	8498	revF
ERR21887246112	Chr7	100.000	41	0	3	43	10951	10991	7.33e-15	43	TelYs	10943	revF
ERR21887246112	Chr7	100.000	41	0	3	43	4038089	4038049	7.33e-15	43	TelYs	4038001	revT
ERR21887246112	Chr7	100.000	41	0	3	43	4043115	4043075	7.33e-15	43	TelYs	4043027	revT
ERR21887246112	Chr7	100.000	41	0	3	43	4045550	4045510	7.33e-15	43	TelYs	4045462	revT
ERR21887246112	Chr7	100.000	41	0	3	43	4050578	4050538	7.33e-15	43	TelYs	4050490	revT
ERR21887246112	Chr7	100.000	41	0	3	43	4055738	4055698	7.33e-15	43	TelYs	4055650	revT
ERR21887246112	Chr7	100.000	41	0	3	43	4060768	4060728	7.33e-15	43	TelYs	4060680	revT
ERR21887246112	Chr7	100.000	41	0	3	43	4065802	4065762	7.33e-15	43	TelYs	4065714	revT
ERR21887246112	Chr7	100.000	41	0	3	43	4070911	4070871	7.33e-15	43	TelYs	4070823	revT
ERR21887246112	Chr7	100.000	41	0	3	43	4075903	4075863	7.33e-15	43	TelYs	4075815	revT
ERR21887246112	Chr6	100.000	41	0	3	43	3672	3712	7.33e-15	43	TelYs	3664	revF
ERR21887246112	Chr6	100.000	41	0	3	43	8719	8759	7.33e-15	43	TelYs	8711	revF
ERR21887246112	Chr6	100.000	41	0	3	43	13738	13778	7.33e-15	43	TelYs	13730	revF
ERR21887246112	Chr6	100.000	41	0	3	43	18776	18816	7.33e-15	43	TelYs	18768	revF
ERR21887246112	Chr6	100.000	41	0	3	43	23798	23838	7.33e-15	43	TelYs	23790	revF
ERR21887246112	Chr6	100.000	41	0	3	43	6104463	6104423	7.33e-15	43	TelYs	6104375	revT
ERR21887246112	Chr6	100.000	41	0	3	43	6109578	6109538	7.33e-15	43	TelYs	6109490	revT
ERR21887246112	Chr6	100.000	41	0	3	43	6114622	6114582	7.33e-15	43	TelYs	6114534	revT
ERR21887246112	Chr6	100.000	41	0	3	43	6119667	6119627	7.33e-15	43	TelYs	6119579	revT
ERR21887246112	Chr6	100.000	41	0	3	43	6124826	6124786	7.33e-15	43	TelYs	6124738	revT
ERR21887246112	Chr6	100.000	41	0	3	43	6129867	6129827	7.33e-15	43	TelYs	6129779	revT
ERR21887246112	Chr5	100.000	41	0	3	43	3425	3465	7.33e-15	43	TelYs	3417	revF
ERR21887246112	Chr5	100.000	41	0	3	43	4436471	4436431	7.33e-15	43	TelYs	4436383	revT
ERR21887246112	Chr5	100.000	41	0	3	43	4441498	4441458	7.33e-15	43	TelYs	4441410	revT
ERR21887246112	Chr5	100.000	41	0	3	43	4446540	4446500	7.33e-15	43	TelYs	4446452	revT
ERR21887246112	Chr5	100.000	41	0	3	43	4451594	4451554	7.33e-15	43	TelYs	4451506	revT
ERR21887246112	Chr5	100.000	41	0	3	43	4456636	4456596	7.33e-15	43	TelYs	4456548	revT
ERR21887246112	Chr4	100.000	41	0	3	43	3507	3547	7.33e-15	43	TelYs	3499	revF
ERR21887246112	Chr4	100.000	41	0	3	43	8533	8573	7.33e-15	43	TelYs	8525	revF
ERR21887246112	Chr4	100.000	41	0	3	43	13570	13610	7.33e-15	43	TelYs	13562	revF
ERR21887246112	Chr4	100.000	41	0	3	43	5395407	5395367	7.33e-15	43	TelYs	5395319	revT
ERR21887246112	Chr4	100.000	41	0	3	43	5400453	5400413	7.33e-15	43	TelYs	5400365	revT
ERR21887246112	Chr4	100.000	41	0	3	43	5405491	5405451	7.33e-15	43	TelYs	5405403	revT
ERR21887246112	Chr4	100.000	41	0	3	43	5409705	5409665	7.33e-15	43	TelYs	5409617	revT
ERR21887246112	Chr3	100.000	41	0	3	43	3043	3083	7.33e-15	43	TelYs	3035	revF
ERR21887246112	Chr3	100.000	41	0	3	43	8035	8075	7.33e-15	43	TelYs	8027	revF
ERR21887246112	Chr3	100.000	41	0	3	43	13021	13061	7.33e-15	43	TelYs	13013	revF
ERR21887246112	Chr3	100.000	41	0	3	43	8224209	8224169	7.33e-15	43	TelYs	8224121	revT
ERR21887246112	Chr3	100.000	41	0	3	43	8229223	8229183	7.33e-15	43	TelYs	8229135	revT
ERR21887246112	Chr3	100.000	41	0	3	43	8234257	8234217	7.33e-15	43	TelYs	8234169	revT
ERR21887246112	Chr2	100.000	41	0	3	43	3622	3662	7.33e-15	43	TelYs	3614	revF
ERR21887246112	Chr2	100.000	41	0	3	43	8705	8745	7.33e-15	43	TelYs	8697	revF
ERR21887246112	Chr2	100.000	41	0	3	43	13730	13770	7.33e-15	43	TelYs	13722	revF
ERR21887246112	Chr2	100.000	41	0	3	43	7911950	7911910	7.33e-15	43	TelYs	7911862	revT
ERR21887246112	Chr1	100.000	41	0	3	43	6664710	6664670	7.33e-15	43	TelYs	6664622	revT
ERR21887248648	Chr8	100.000	50	0	1	50	577	528	9.59e-20	50	TelYs	480	revT
ERR21887248648	Chr8	100.000	50	0	1	50	5715	5666	9.59e-20	50	TelYs	5618	revT
ERR21887248648	Chr8	100.000	50	0	1	50	10884	10835	9.59e-20	50	TelYs	10787	revT
ERR21887248648	Chr8	100.000	50	0	1	50	15914	15865	9.59e-20	50	TelYs	15817	revT
ERR21887248648	Chr8	100.000	50	0	1	50	1843253	1843302	9.59e-20	50	TelYs	1843254	revF
ERR21887248648	Chr8	100.000	50	0	1	50	1848391	1848440	9.59e-20	50	TelYs	1848392	revF
ERR21887248648	Chr8	100.000	50	0	1	50	1853457	1853506	9.59e-20	50	TelYs	1853458	revF
ERR21887248648	Chr8	100.000	50	0	1	50	1858480	1858529	9.59e-20	50	TelYs	1858481	revF
ERR21887248648	Chr8	100.000	50	0	1	50	1863623	1863672	9.59e-20	50	TelYs	1863624	revF
ERR21887248648	Chr8	100.000	50	0	1	50	1868764	1868813	9.59e-20	50	TelYs	1868765	revF
ERR21887248648	Chr8	100.000	50	0	1	50	1873896	1873945	9.59e-20	50	TelYs	1873897	revF
ERR21887248648	Chr8	100.000	50	0	1	50	1879016	1879065	9.59e-20	50	TelYs	1879017	revF
ERR21887248648	Chr8	100.000	50	0	1	50	1884152	1884201	9.59e-20	50	TelYs	1884153	revF
ERR21887248648	Chr8	100.000	50	0	1	50	1889148	1889197	9.59e-20	50	TelYs	1889149	revF
ERR21887248648	Chr8	100.000	50	0	1	50	1899244	1899293	9.59e-20	50	TelYs	1899245	revF
ERR21887248648	Chr8	98.000	50	0	1	50	1894242	1894290	1.61e-17	50	TelYs	1894242	revF
ERR21887248648	Chr7	100.000	50	0	1	50	4007	3958	9.59e-20	50	TelYs	3910	revT
ERR21887248648	Chr7	100.000	50	0	1	50	9038	8989	9.59e-20	50	TelYs	8941	revT
ERR21887248648	Chr7	100.000	50	0	1	50	11483	11434	9.59e-20	50	TelYs	11386	revT
ERR21887248648	Chr7	100.000	50	0	1	50	4037558	4037607	9.59e-20	50	TelYs	4037559	revF
ERR21887248648	Chr7	100.000	50	0	1	50	4042584	4042633	9.59e-20	50	TelYs	4042585	revF
ERR21887248648	Chr7	100.000	50	0	1	50	4045018	4045067	9.59e-20	50	TelYs	4045019	revF
ERR21887248648	Chr7	100.000	50	0	1	50	4050046	4050095	9.59e-20	50	TelYs	4050047	revF
ERR21887248648	Chr7	100.000	50	0	1	50	4055207	4055256	9.59e-20	50	TelYs	4055208	revF
ERR21887248648	Chr7	100.000	50	0	1	50	4060237	4060286	9.59e-20	50	TelYs	4060238	revF
ERR21887248648	Chr7	100.000	50	0	1	50	4065272	4065321	9.59e-20	50	TelYs	4065273	revF
ERR21887248648	Chr7	100.000	50	0	1	50	4070383	4070432	9.59e-20	50	TelYs	4070384	revF
ERR21887248648	Chr7	98.000	50	0	1	50	4075374	4075422	1.61e-17	50	TelYs	4075374	revF
ERR21887248648	Chr6	100.000	50	0	1	50	4203	4154	9.59e-20	50	TelYs	4106	revT
ERR21887248648	Chr6	100.000	50	0	1	50	9250	9201	9.59e-20	50	TelYs	9153	revT
ERR21887248648	Chr6	100.000	50	0	1	50	14269	14220	9.59e-20	50	TelYs	14172	revT
ERR21887248648	Chr6	100.000	50	0	1	50	19308	19259	9.59e-20	50	TelYs	19211	revT
ERR21887248648	Chr6	100.000	50	0	1	50	24330	24281	9.59e-20	50	TelYs	24233	revT
ERR21887248648	Chr6	100.000	50	0	1	50	6103931	6103980	9.59e-20	50	TelYs	6103932	revF
ERR21887248648	Chr6	100.000	50	0	1	50	6109046	6109095	9.59e-20	50	TelYs	6109047	revF
ERR21887248648	Chr6	100.000	50	0	1	50	6114090	6114139	9.59e-20	50	TelYs	6114091	revF
ERR21887248648	Chr6	100.000	50	0	1	50	6119133	6119182	9.59e-20	50	TelYs	6119134	revF
ERR21887248648	Chr6	100.000	50	0	1	50	6124295	6124344	9.59e-20	50	TelYs	6124296	revF
ERR21887248648	Chr6	100.000	50	0	1	50	6129335	6129384	9.59e-20	50	TelYs	6129336	revF
ERR21887248648	Chr5	100.000	50	0	1	50	3956	3907	9.59e-20	50	TelYs	3859	revT
ERR21887248648	Chr5	100.000	50	0	1	50	4435939	4435988	9.59e-20	50	TelYs	4435940	revF
ERR21887248648	Chr5	100.000	50	0	1	50	4440966	4441015	9.59e-20	50	TelYs	4440967	revF
ERR21887248648	Chr5	100.000	50	0	1	50	4446008	4446057	9.59e-20	50	TelYs	4446009	revF
ERR21887248648	Chr5	100.000	50	0	1	50	4451061	4451110	9.59e-20	50	TelYs	4451062	revF
ERR21887248648	Chr5	100.000	50	0	1	50	4456105	4456154	9.59e-20	50	TelYs	4456106	revF
ERR21887248648	Chr4	100.000	50	0	1	50	4038	3989	9.59e-20	50	TelYs	3941	revT
ERR21887248648	Chr4	100.000	50	0	1	50	9065	9016	9.59e-20	50	TelYs	8968	revT
ERR21887248648	Chr4	100.000	50	0	1	50	14103	14054	9.59e-20	50	TelYs	14006	revT
ERR21887248648	Chr4	100.000	50	0	1	50	5394875	5394924	9.59e-20	50	TelYs	5394876	revF
ERR21887248648	Chr4	100.000	50	0	1	50	5399922	5399971	9.59e-20	50	TelYs	5399923	revF
ERR21887248648	Chr4	100.000	50	0	1	50	5404959	5405008	9.59e-20	50	TelYs	5404960	revF
ERR21887248648	Chr4	100.000	50	0	1	50	5409173	5409222	9.59e-20	50	TelYs	5409174	revF
ERR21887248648	Chr3	100.000	50	0	1	50	3574	3525	9.59e-20	50	TelYs	3477	revT
ERR21887248648	Chr3	100.000	50	0	1	50	8566	8517	9.59e-20	50	TelYs	8469	revT
ERR21887248648	Chr3	100.000	50	0	1	50	8223677	8223726	9.59e-20	50	TelYs	8223678	revF
ERR21887248648	Chr3	100.000	50	0	1	50	8228692	8228741	9.59e-20	50	TelYs	8228693	revF
ERR21887248648	Chr3	100.000	50	0	1	50	8233726	8233775	9.59e-20	50	TelYs	8233727	revF
ERR21887248648	Chr3	98.000	50	0	1	50	13551	13503	1.61e-17	50	TelYs	13455	revT
ERR21887248648	Chr3	94.000	50	3	1	50	7477704	7477655	9.66e-15	50	TelYs	7477607	revT
ERR21887248648	Chr2	100.000	50	0	1	50	4152	4103	9.59e-20	50	TelYs	4055	revT
ERR21887248648	Chr2	100.000	50	0	1	50	9237	9188	9.59e-20	50	TelYs	9140	revT
ERR21887248648	Chr2	100.000	50	0	1	50	14262	14213	9.59e-20	50	TelYs	14165	revT
ERR21887248648	Chr2	100.000	50	0	1	50	7911418	7911467	9.59e-20	50	TelYs	7911419	revF
ERR21887248648	Chr1	100.000	50	0	1	50	6664179	6664228	9.59e-20	50	TelYs	6664180	revF
ERR21887247552	Chr8	100.000	54	0	1	54	581	528	6.52e-22	54	TelYs	480	revT
ERR21887247552	Chr8	100.000	54	0	1	54	5719	5666	6.52e-22	54	TelYs	5618	revT
ERR21887247552	Chr8	100.000	54	0	1	54	10888	10835	6.52e-22	54	TelYs	10787	revT
ERR21887247552	Chr8	100.000	54	0	1	54	15918	15865	6.52e-22	54	TelYs	15817	revT
ERR21887247552	Chr8	100.000	54	0	1	54	1843249	1843302	6.52e-22	54	TelYs	1843254	revF
ERR21887247552	Chr8	100.000	54	0	1	54	1848387	1848440	6.52e-22	54	TelYs	1848392	revF
ERR21887247552	Chr8	100.000	54	0	1	54	1853453	1853506	6.52e-22	54	TelYs	1853458	revF
ERR21887247552	Chr8	100.000	54	0	1	54	1858476	1858529	6.52e-22	54	TelYs	1858481	revF
ERR21887247552	Chr8	100.000	54	0	1	54	1863619	1863672	6.52e-22	54	TelYs	1863624	revF
ERR21887247552	Chr8	100.000	54	0	1	54	1868760	1868813	6.52e-22	54	TelYs	1868765	revF
ERR21887247552	Chr8	100.000	54	0	1	54	1873892	1873945	6.52e-22	54	TelYs	1873897	revF
ERR21887247552	Chr8	100.000	54	0	1	54	1879012	1879065	6.52e-22	54	TelYs	1879017	revF
ERR21887247552	Chr8	100.000	54	0	1	54	1884148	1884201	6.52e-22	54	TelYs	1884153	revF
ERR21887247552	Chr8	100.000	54	0	1	54	1889144	1889197	6.52e-22	54	TelYs	1889149	revF
ERR21887247552	Chr8	100.000	54	0	1	54	1899240	1899293	6.52e-22	54	TelYs	1899245	revF
ERR21887247552	Chr8	98.148	54	0	1	54	1894238	1894290	1.09e-19	54	TelYs	1894242	revF
ERR21887247552	Chr7	100.000	54	0	1	54	4011	3958	6.52e-22	54	TelYs	3910	revT
ERR21887247552	Chr7	100.000	54	0	1	54	9042	8989	6.52e-22	54	TelYs	8941	revT
ERR21887247552	Chr7	100.000	54	0	1	54	11487	11434	6.52e-22	54	TelYs	11386	revT
ERR21887247552	Chr7	100.000	54	0	1	54	4037554	4037607	6.52e-22	54	TelYs	4037559	revF
ERR21887247552	Chr7	100.000	54	0	1	54	4042580	4042633	6.52e-22	54	TelYs	4042585	revF
ERR21887247552	Chr7	100.000	54	0	1	54	4045014	4045067	6.52e-22	54	TelYs	4045019	revF
ERR21887247552	Chr7	100.000	54	0	1	54	4050042	4050095	6.52e-22	54	TelYs	4050047	revF
ERR21887247552	Chr7	100.000	54	0	1	54	4055203	4055256	6.52e-22	54	TelYs	4055208	revF
ERR21887247552	Chr7	100.000	54	0	1	54	4060233	4060286	6.52e-22	54	TelYs	4060238	revF
ERR21887247552	Chr7	100.000	54	0	1	54	4065268	4065321	6.52e-22	54	TelYs	4065273	revF
ERR21887247552	Chr7	100.000	54	0	1	54	4070379	4070432	6.52e-22	54	TelYs	4070384	revF
ERR21887247552	Chr7	98.148	54	0	1	54	4075370	4075422	1.09e-19	54	TelYs	4075374	revF
ERR21887247552	Chr6	100.000	54	0	1	54	4207	4154	6.52e-22	54	TelYs	4106	revT
ERR21887247552	Chr6	100.000	54	0	1	54	9254	9201	6.52e-22	54	TelYs	9153	revT
ERR21887247552	Chr6	100.000	54	0	1	54	14273	14220	6.52e-22	54	TelYs	14172	revT
ERR21887247552	Chr6	100.000	54	0	1	54	19312	19259	6.52e-22	54	TelYs	19211	revT
ERR21887247552	Chr6	100.000	54	0	1	54	24334	24281	6.52e-22	54	TelYs	24233	revT
ERR21887247552	Chr6	100.000	54	0	1	54	6103927	6103980	6.52e-22	54	TelYs	6103932	revF
ERR21887247552	Chr6	100.000	54	0	1	54	6109042	6109095	6.52e-22	54	TelYs	6109047	revF
ERR21887247552	Chr6	100.000	54	0	1	54	6114086	6114139	6.52e-22	54	TelYs	6114091	revF
ERR21887247552	Chr6	100.000	54	0	1	54	6119129	6119182	6.52e-22	54	TelYs	6119134	revF
ERR21887247552	Chr6	100.000	54	0	1	54	6124291	6124344	6.52e-22	54	TelYs	6124296	revF
ERR21887247552	Chr6	100.000	54	0	1	54	6129331	6129384	6.52e-22	54	TelYs	6129336	revF
ERR21887247552	Chr5	100.000	54	0	1	54	3960	3907	6.52e-22	54	TelYs	3859	revT
ERR21887247552	Chr5	100.000	54	0	1	54	4435935	4435988	6.52e-22	54	TelYs	4435940	revF
ERR21887247552	Chr5	100.000	54	0	1	54	4440962	4441015	6.52e-22	54	TelYs	4440967	revF
ERR21887247552	Chr5	100.000	54	0	1	54	4446004	4446057	6.52e-22	54	TelYs	4446009	revF
ERR21887247552	Chr5	100.000	54	0	1	54	4451057	4451110	6.52e-22	54	TelYs	4451062	revF
ERR21887247552	Chr5	100.000	54	0	1	54	4456101	4456154	6.52e-22	54	TelYs	4456106	revF
ERR21887247552	Chr4	100.000	54	0	1	54	4042	3989	6.52e-22	54	TelYs	3941	revT
ERR21887247552	Chr4	100.000	54	0	1	54	9069	9016	6.52e-22	54	TelYs	8968	revT
ERR21887247552	Chr4	100.000	54	0	1	54	14107	14054	6.52e-22	54	TelYs	14006	revT
ERR21887247552	Chr4	100.000	54	0	1	54	5394871	5394924	6.52e-22	54	TelYs	5394876	revF
ERR21887247552	Chr4	100.000	54	0	1	54	5399918	5399971	6.52e-22	54	TelYs	5399923	revF
ERR21887247552	Chr4	100.000	54	0	1	54	5404955	5405008	6.52e-22	54	TelYs	5404960	revF
ERR21887247552	Chr4	100.000	54	0	1	54	5409169	5409222	6.52e-22	54	TelYs	5409174	revF
ERR21887247552	Chr3	100.000	54	0	1	54	3578	3525	6.52e-22	54	TelYs	3477	revT
ERR21887247552	Chr3	100.000	54	0	1	54	8570	8517	6.52e-22	54	TelYs	8469	revT
ERR21887247552	Chr3	100.000	54	0	1	54	8223673	8223726	6.52e-22	54	TelYs	8223678	revF
ERR21887247552	Chr3	100.000	54	0	1	54	8228688	8228741	6.52e-22	54	TelYs	8228693	revF
ERR21887247552	Chr3	100.000	54	0	1	54	8233722	8233775	6.52e-22	54	TelYs	8233727	revF
ERR21887247552	Chr3	98.148	54	0	1	54	13555	13503	1.09e-19	54	TelYs	13455	revT
ERR21887247552	Chr3	94.340	53	3	2	54	7477707	7477655	2.36e-16	54	TelYs	7477607	revT
ERR21887247552	Chr2	100.000	54	0	1	54	4156	4103	6.52e-22	54	TelYs	4055	revT
ERR21887247552	Chr2	100.000	54	0	1	54	9241	9188	6.52e-22	54	TelYs	9140	revT
ERR21887247552	Chr2	100.000	54	0	1	54	14266	14213	6.52e-22	54	TelYs	14165	revT
ERR21887247552	Chr2	100.000	54	0	1	54	7911414	7911467	6.52e-22	54	TelYs	7911419	revF
ERR21887247552	Chr1	100.000	54	0	1	54	6664175	6664228	6.52e-22	54	TelYs	6664180	revF
ERR21887249528	Chr8	100.000	60	0	1	60	528	587	3.56e-25	60	TelYs	539	revF
ERR21887249528	Chr8	100.000	60	0	1	60	5666	5725	3.56e-25	60	TelYs	5677	revF
ERR21887249528	Chr8	100.000	60	0	1	60	10835	10894	3.56e-25	60	TelYs	10846	revF
ERR21887249528	Chr8	100.000	60	0	1	60	15865	15924	3.56e-25	60	TelYs	15876	revF
ERR21887249528	Chr8	100.000	60	0	1	60	1843302	1843243	3.56e-25	60	TelYs	1843195	revT
ERR21887249528	Chr8	100.000	60	0	1	60	1848440	1848381	3.56e-25	60	TelYs	1848333	revT
ERR21887249528	Chr8	100.000	60	0	1	60	1853506	1853447	3.56e-25	60	TelYs	1853399	revT
ERR21887249528	Chr8	100.000	60	0	1	60	1858529	1858470	3.56e-25	60	TelYs	1858422	revT
ERR21887249528	Chr8	100.000	60	0	1	60	1863672	1863613	3.56e-25	60	TelYs	1863565	revT
ERR21887249528	Chr8	100.000	60	0	1	60	1868813	1868754	3.56e-25	60	TelYs	1868706	revT
ERR21887249528	Chr8	100.000	60	0	1	60	1873945	1873886	3.56e-25	60	TelYs	1873838	revT
ERR21887249528	Chr8	100.000	60	0	1	60	1879065	1879006	3.56e-25	60	TelYs	1878958	revT
ERR21887249528	Chr8	100.000	60	0	1	60	1884201	1884142	3.56e-25	60	TelYs	1884094	revT
ERR21887249528	Chr8	100.000	60	0	1	60	1889197	1889138	3.56e-25	60	TelYs	1889090	revT
ERR21887249528	Chr8	100.000	60	0	1	60	1899293	1899234	3.56e-25	60	TelYs	1899186	revT
ERR21887249528	Chr8	98.333	60	0	1	60	1894290	1894232	5.96e-23	60	TelYs	1894184	revT
ERR21887249528	Chr7	100.000	60	0	1	60	3958	4017	3.56e-25	60	TelYs	3969	revF
ERR21887249528	Chr7	100.000	60	0	1	60	8989	9048	3.56e-25	60	TelYs	9000	revF
ERR21887249528	Chr7	100.000	60	0	1	60	11434	11493	3.56e-25	60	TelYs	11445	revF
ERR21887249528	Chr7	100.000	60	0	1	60	4037607	4037548	3.56e-25	60	TelYs	4037500	revT
ERR21887249528	Chr7	100.000	60	0	1	60	4042633	4042574	3.56e-25	60	TelYs	4042526	revT
ERR21887249528	Chr7	100.000	60	0	1	60	4045067	4045008	3.56e-25	60	TelYs	4044960	revT
ERR21887249528	Chr7	100.000	60	0	1	60	4050095	4050036	3.56e-25	60	TelYs	4049988	revT
ERR21887249528	Chr7	100.000	60	0	1	60	4055256	4055197	3.56e-25	60	TelYs	4055149	revT
ERR21887249528	Chr7	100.000	60	0	1	60	4060286	4060227	3.56e-25	60	TelYs	4060179	revT
ERR21887249528	Chr7	100.000	60	0	1	60	4065321	4065262	3.56e-25	60	TelYs	4065214	revT
ERR21887249528	Chr7	100.000	60	0	1	60	4070432	4070373	3.56e-25	60	TelYs	4070325	revT
ERR21887249528	Chr7	98.333	60	0	1	60	4075422	4075364	5.96e-23	60	TelYs	4075316	revT
ERR21887249528	Chr6	100.000	60	0	1	60	4154	4213	3.56e-25	60	TelYs	4165	revF
ERR21887249528	Chr6	100.000	60	0	1	60	9201	9260	3.56e-25	60	TelYs	9212	revF
ERR21887249528	Chr6	100.000	60	0	1	60	14220	14279	3.56e-25	60	TelYs	14231	revF
ERR21887249528	Chr6	100.000	60	0	1	60	19259	19318	3.56e-25	60	TelYs	19270	revF
ERR21887249528	Chr6	100.000	60	0	1	60	24281	24340	3.56e-25	60	TelYs	24292	revF
ERR21887249528	Chr6	100.000	60	0	1	60	6103980	6103921	3.56e-25	60	TelYs	6103873	revT
ERR21887249528	Chr6	100.000	60	0	1	60	6109095	6109036	3.56e-25	60	TelYs	6108988	revT
ERR21887249528	Chr6	100.000	60	0	1	60	6114139	6114080	3.56e-25	60	TelYs	6114032	revT
ERR21887249528	Chr6	100.000	60	0	1	60	6119182	6119123	3.56e-25	60	TelYs	6119075	revT
ERR21887249528	Chr6	100.000	60	0	1	60	6124344	6124285	3.56e-25	60	TelYs	6124237	revT
ERR21887249528	Chr6	100.000	60	0	1	60	6129384	6129325	3.56e-25	60	TelYs	6129277	revT
ERR21887249528	Chr5	100.000	60	0	1	60	3907	3966	3.56e-25	60	TelYs	3918	revF
ERR21887249528	Chr5	100.000	60	0	1	60	4435988	4435929	3.56e-25	60	TelYs	4435881	revT
ERR21887249528	Chr5	100.000	60	0	1	60	4441015	4440956	3.56e-25	60	TelYs	4440908	revT
ERR21887249528	Chr5	100.000	60	0	1	60	4446057	4445998	3.56e-25	60	TelYs	4445950	revT
ERR21887249528	Chr5	100.000	60	0	1	60	4451110	4451051	3.56e-25	60	TelYs	4451003	revT
ERR21887249528	Chr5	100.000	60	0	1	60	4456154	4456095	3.56e-25	60	TelYs	4456047	revT
ERR21887249528	Chr4	100.000	60	0	1	60	3989	4048	3.56e-25	60	TelYs	4000	revF
ERR21887249528	Chr4	100.000	60	0	1	60	9016	9075	3.56e-25	60	TelYs	9027	revF
ERR21887249528	Chr4	100.000	60	0	1	60	14054	14113	3.56e-25	60	TelYs	14065	revF
ERR21887249528	Chr4	100.000	60	0	1	60	5394924	5394865	3.56e-25	60	TelYs	5394817	revT
ERR21887249528	Chr4	100.000	60	0	1	60	5399971	5399912	3.56e-25	60	TelYs	5399864	revT
ERR21887249528	Chr4	100.000	60	0	1	60	5405008	5404949	3.56e-25	60	TelYs	5404901	revT
ERR21887249528	Chr4	100.000	60	0	1	60	5409222	5409163	3.56e-25	60	TelYs	5409115	revT
ERR21887249528	Chr3	100.000	60	0	1	60	3525	3584	3.56e-25	60	TelYs	3536	revF
ERR21887249528	Chr3	100.000	60	0	1	60	8517	8576	3.56e-25	60	TelYs	8528	revF
ERR21887249528	Chr3	100.000	60	0	1	60	8223726	8223667	3.56e-25	60	TelYs	8223619	revT
ERR21887249528	Chr3	100.000	60	0	1	60	8228741	8228682	3.56e-25	60	TelYs	8228634	revT
ERR21887249528	Chr3	100.000	60	0	1	60	8233775	8233716	3.56e-25	60	TelYs	8233668	revT
ERR21887249528	Chr3	98.333	60	0	1	60	13503	13561	5.96e-23	60	TelYs	13513	revF
ERR21887249528	Chr3	93.333	60	4	1	60	7477655	7477714	1.67e-18	60	TelYs	7477666	revF
ERR21887249528	Chr2	100.000	60	0	1	60	4103	4162	3.56e-25	60	TelYs	4114	revF
ERR21887249528	Chr2	100.000	60	0	1	60	9188	9247	3.56e-25	60	TelYs	9199	revF
ERR21887249528	Chr2	100.000	60	0	1	60	14213	14272	3.56e-25	60	TelYs	14224	revF
ERR21887249528	Chr2	100.000	60	0	1	60	7911467	7911408	3.56e-25	60	TelYs	7911360	revT
ERR21887249528	Chr1	100.000	60	0	1	60	6664228	6664169	3.56e-25	60	TelYs	6664121	revT
ERR21887246528	Chr8	100.000	54	0	1	54	528	581	6.52e-22	54	TelYs	533	revF
ERR21887246528	Chr8	100.000	54	0	1	54	5666	5719	6.52e-22	54	TelYs	5671	revF
ERR21887246528	Chr8	100.000	54	0	1	54	10835	10888	6.52e-22	54	TelYs	10840	revF
ERR21887246528	Chr8	100.000	54	0	1	54	15865	15918	6.52e-22	54	TelYs	15870	revF
ERR21887246528	Chr8	100.000	54	0	1	54	1843302	1843249	6.52e-22	54	TelYs	1843201	revT
ERR21887246528	Chr8	100.000	54	0	1	54	1848440	1848387	6.52e-22	54	TelYs	1848339	revT
ERR21887246528	Chr8	100.000	54	0	1	54	1853506	1853453	6.52e-22	54	TelYs	1853405	revT
ERR21887246528	Chr8	100.000	54	0	1	54	1858529	1858476	6.52e-22	54	TelYs	1858428	revT
ERR21887246528	Chr8	100.000	54	0	1	54	1863672	1863619	6.52e-22	54	TelYs	1863571	revT
ERR21887246528	Chr8	100.000	54	0	1	54	1868813	1868760	6.52e-22	54	TelYs	1868712	revT
ERR21887246528	Chr8	100.000	54	0	1	54	1873945	1873892	6.52e-22	54	TelYs	1873844	revT
ERR21887246528	Chr8	100.000	54	0	1	54	1879065	1879012	6.52e-22	54	TelYs	1878964	revT
ERR21887246528	Chr8	100.000	54	0	1	54	1884201	1884148	6.52e-22	54	TelYs	1884100	revT
ERR21887246528	Chr8	100.000	54	0	1	54	1889197	1889144	6.52e-22	54	TelYs	1889096	revT
ERR21887246528	Chr8	100.000	54	0	1	54	1899293	1899240	6.52e-22	54	TelYs	1899192	revT
ERR21887246528	Chr8	98.148	54	0	1	54	1894290	1894238	1.09e-19	54	TelYs	1894190	revT
ERR21887246528	Chr7	100.000	54	0	1	54	3958	4011	6.52e-22	54	TelYs	3963	revF
ERR21887246528	Chr7	100.000	54	0	1	54	8989	9042	6.52e-22	54	TelYs	8994	revF
ERR21887246528	Chr7	100.000	54	0	1	54	11434	11487	6.52e-22	54	TelYs	11439	revF
ERR21887246528	Chr7	100.000	54	0	1	54	4037607	4037554	6.52e-22	54	TelYs	4037506	revT
ERR21887246528	Chr7	100.000	54	0	1	54	4042633	4042580	6.52e-22	54	TelYs	4042532	revT
ERR21887246528	Chr7	100.000	54	0	1	54	4045067	4045014	6.52e-22	54	TelYs	4044966	revT
ERR21887246528	Chr7	100.000	54	0	1	54	4050095	4050042	6.52e-22	54	TelYs	4049994	revT
ERR21887246528	Chr7	100.000	54	0	1	54	4055256	4055203	6.52e-22	54	TelYs	4055155	revT
ERR21887246528	Chr7	100.000	54	0	1	54	4060286	4060233	6.52e-22	54	TelYs	4060185	revT
ERR21887246528	Chr7	100.000	54	0	1	54	4065321	4065268	6.52e-22	54	TelYs	4065220	revT
ERR21887246528	Chr7	100.000	54	0	1	54	4070432	4070379	6.52e-22	54	TelYs	4070331	revT
ERR21887246528	Chr7	98.148	54	0	1	54	4075422	4075370	1.09e-19	54	TelYs	4075322	revT
ERR21887246528	Chr6	100.000	54	0	1	54	4154	4207	6.52e-22	54	TelYs	4159	revF
ERR21887246528	Chr6	100.000	54	0	1	54	9201	9254	6.52e-22	54	TelYs	9206	revF
ERR21887246528	Chr6	100.000	54	0	1	54	14220	14273	6.52e-22	54	TelYs	14225	revF
ERR21887246528	Chr6	100.000	54	0	1	54	19259	19312	6.52e-22	54	TelYs	19264	revF
ERR21887246528	Chr6	100.000	54	0	1	54	24281	24334	6.52e-22	54	TelYs	24286	revF
ERR21887246528	Chr6	100.000	54	0	1	54	6103980	6103927	6.52e-22	54	TelYs	6103879	revT
ERR21887246528	Chr6	100.000	54	0	1	54	6109095	6109042	6.52e-22	54	TelYs	6108994	revT
ERR21887246528	Chr6	100.000	54	0	1	54	6114139	6114086	6.52e-22	54	TelYs	6114038	revT
ERR21887246528	Chr6	100.000	54	0	1	54	6119182	6119129	6.52e-22	54	TelYs	6119081	revT
ERR21887246528	Chr6	100.000	54	0	1	54	6124344	6124291	6.52e-22	54	TelYs	6124243	revT
ERR21887246528	Chr6	100.000	54	0	1	54	6129384	6129331	6.52e-22	54	TelYs	6129283	revT
ERR21887246528	Chr5	100.000	54	0	1	54	3907	3960	6.52e-22	54	TelYs	3912	revF
ERR21887246528	Chr5	100.000	54	0	1	54	4435988	4435935	6.52e-22	54	TelYs	4435887	revT
ERR21887246528	Chr5	100.000	54	0	1	54	4441015	4440962	6.52e-22	54	TelYs	4440914	revT
ERR21887246528	Chr5	100.000	54	0	1	54	4446057	4446004	6.52e-22	54	TelYs	4445956	revT
ERR21887246528	Chr5	100.000	54	0	1	54	4451110	4451057	6.52e-22	54	TelYs	4451009	revT
ERR21887246528	Chr5	100.000	54	0	1	54	4456154	4456101	6.52e-22	54	TelYs	4456053	revT
ERR21887246528	Chr4	100.000	54	0	1	54	3989	4042	6.52e-22	54	TelYs	3994	revF
ERR21887246528	Chr4	100.000	54	0	1	54	9016	9069	6.52e-22	54	TelYs	9021	revF
ERR21887246528	Chr4	100.000	54	0	1	54	14054	14107	6.52e-22	54	TelYs	14059	revF
ERR21887246528	Chr4	100.000	54	0	1	54	5394924	5394871	6.52e-22	54	TelYs	5394823	revT
ERR21887246528	Chr4	100.000	54	0	1	54	5399971	5399918	6.52e-22	54	TelYs	5399870	revT
ERR21887246528	Chr4	100.000	54	0	1	54	5405008	5404955	6.52e-22	54	TelYs	5404907	revT
ERR21887246528	Chr4	100.000	54	0	1	54	5409222	5409169	6.52e-22	54	TelYs	5409121	revT
ERR21887246528	Chr3	100.000	54	0	1	54	3525	3578	6.52e-22	54	TelYs	3530	revF
ERR21887246528	Chr3	100.000	54	0	1	54	8517	8570	6.52e-22	54	TelYs	8522	revF
ERR21887246528	Chr3	100.000	54	0	1	54	8223726	8223673	6.52e-22	54	TelYs	8223625	revT
ERR21887246528	Chr3	100.000	54	0	1	54	8228741	8228688	6.52e-22	54	TelYs	8228640	revT
ERR21887246528	Chr3	100.000	54	0	1	54	8233775	8233722	6.52e-22	54	TelYs	8233674	revT
ERR21887246528	Chr3	98.148	54	0	1	54	13503	13555	1.09e-19	54	TelYs	13507	revF
ERR21887246528	Chr3	94.340	53	3	1	53	7477655	7477707	2.36e-16	54	TelYs	7477659	revF
ERR21887246528	Chr2	100.000	54	0	1	54	4103	4156	6.52e-22	54	TelYs	4108	revF
ERR21887246528	Chr2	100.000	54	0	1	54	9188	9241	6.52e-22	54	TelYs	9193	revF
ERR21887246528	Chr2	100.000	54	0	1	54	14213	14266	6.52e-22	54	TelYs	14218	revF
ERR21887246528	Chr2	100.000	54	0	1	54	7911467	7911414	6.52e-22	54	TelYs	7911366	revT
ERR21887246528	Chr1	100.000	54	0	1	54	6664228	6664175	6.52e-22	54	TelYs	6664127	revT
ERR21887244368	Chr8	98.333	60	1	1	60	4888	4829	1.66e-23	60	TelYs	4781	revT
ERR21887244368	Chr8	98.333	60	1	1	60	10057	9998	1.66e-23	60	TelYs	9950	revT
ERR21887244368	Chr8	98.333	60	1	1	60	15087	15028	1.66e-23	60	TelYs	14980	revT
ERR21887244368	Chr8	98.333	60	1	1	60	1844081	1844140	1.66e-23	60	TelYs	1844092	revF
ERR21887244368	Chr8	98.333	60	1	1	60	1849219	1849278	1.66e-23	60	TelYs	1849230	revF
ERR21887244368	Chr8	98.333	60	1	1	60	1854285	1854344	1.66e-23	60	TelYs	1854296	revF
ERR21887244368	Chr8	98.333	60	1	1	60	1859308	1859367	1.66e-23	60	TelYs	1859319	revF
ERR21887244368	Chr8	98.333	60	1	1	60	1864450	1864509	1.66e-23	60	TelYs	1864461	revF
ERR21887244368	Chr8	98.333	60	1	1	60	1869589	1869648	1.66e-23	60	TelYs	1869600	revF
ERR21887244368	Chr8	98.333	60	1	1	60	1874720	1874779	1.66e-23	60	TelYs	1874731	revF
ERR21887244368	Chr8	98.333	60	1	1	60	1879842	1879901	1.66e-23	60	TelYs	1879853	revF
ERR21887244368	Chr8	98.333	60	1	1	60	1884975	1885034	1.66e-23	60	TelYs	1884986	revF
ERR21887244368	Chr8	98.333	60	1	1	60	1889971	1890030	1.66e-23	60	TelYs	1889982	revF
ERR21887244368	Chr8	98.333	60	1	1	60	1895064	1895123	1.66e-23	60	TelYs	1895075	revF
ERR21887244368	Chr8	98.333	60	1	1	60	1900069	1900128	1.66e-23	60	TelYs	1900080	revF
ERR21887244368	Chr7	98.333	60	1	1	60	3179	3120	1.66e-23	60	TelYs	3072	revT
ERR21887244368	Chr7	98.333	60	1	1	60	8210	8151	1.66e-23	60	TelYs	8103	revT
ERR21887244368	Chr7	98.333	60	1	1	60	10655	10596	1.66e-23	60	TelYs	10548	revT
ERR21887244368	Chr7	98.333	60	1	1	60	4038385	4038444	1.66e-23	60	TelYs	4038396	revF
ERR21887244368	Chr7	98.333	60	1	1	60	4043411	4043470	1.66e-23	60	TelYs	4043422	revF
ERR21887244368	Chr7	98.333	60	1	1	60	4045846	4045905	1.66e-23	60	TelYs	4045857	revF
ERR21887244368	Chr7	98.333	60	1	1	60	4050874	4050933	1.66e-23	60	TelYs	4050885	revF
ERR21887244368	Chr7	98.333	60	1	1	60	4056034	4056093	1.66e-23	60	TelYs	4056045	revF
ERR21887244368	Chr7	98.333	60	1	1	60	4061064	4061123	1.66e-23	60	TelYs	4061075	revF
ERR21887244368	Chr7	98.333	60	1	1	60	4066096	4066155	1.66e-23	60	TelYs	4066107	revF
ERR21887244368	Chr7	98.333	60	1	1	60	4071205	4071264	1.66e-23	60	TelYs	4071216	revF
ERR21887244368	Chr7	98.333	60	1	1	60	4076197	4076256	1.66e-23	60	TelYs	4076208	revF
ERR21887244368	Chr6	98.333	60	1	1	60	3376	3317	1.66e-23	60	TelYs	3269	revT
ERR21887244368	Chr6	98.333	60	1	1	60	8423	8364	1.66e-23	60	TelYs	8316	revT
ERR21887244368	Chr6	98.333	60	1	1	60	13442	13383	1.66e-23	60	TelYs	13335	revT
ERR21887244368	Chr6	98.333	60	1	1	60	18480	18421	1.66e-23	60	TelYs	18373	revT
ERR21887244368	Chr6	98.333	60	1	1	60	23502	23443	1.66e-23	60	TelYs	23395	revT
ERR21887244368	Chr6	98.333	60	1	1	60	6104759	6104818	1.66e-23	60	TelYs	6104770	revF
ERR21887244368	Chr6	98.333	60	1	1	60	6109874	6109933	1.66e-23	60	TelYs	6109885	revF
ERR21887244368	Chr6	98.333	60	1	1	60	6114918	6114977	1.66e-23	60	TelYs	6114929	revF
ERR21887244368	Chr6	98.333	60	1	1	60	6119962	6120021	1.66e-23	60	TelYs	6119973	revF
ERR21887244368	Chr6	98.333	60	1	1	60	6125122	6125181	1.66e-23	60	TelYs	6125133	revF
ERR21887244368	Chr6	98.333	60	1	1	60	6130163	6130222	1.66e-23	60	TelYs	6130174	revF
ERR21887244368	Chr5	98.333	60	1	1	60	3129	3070	1.66e-23	60	TelYs	3022	revT
ERR21887244368	Chr5	98.333	60	1	1	60	4436767	4436826	1.66e-23	60	TelYs	4436778	revF
ERR21887244368	Chr5	98.333	60	1	1	60	4441794	4441853	1.66e-23	60	TelYs	4441805	revF
ERR21887244368	Chr5	98.333	60	1	1	60	4446836	4446895	1.66e-23	60	TelYs	4446847	revF
ERR21887244368	Chr5	98.333	60	1	1	60	4451890	4451949	1.66e-23	60	TelYs	4451901	revF
ERR21887244368	Chr5	98.333	60	1	1	60	4456932	4456991	1.66e-23	60	TelYs	4456943	revF
ERR21887244368	Chr4	98.333	60	1	1	60	3211	3152	1.66e-23	60	TelYs	3104	revT
ERR21887244368	Chr4	98.333	60	1	1	60	8237	8178	1.66e-23	60	TelYs	8130	revT
ERR21887244368	Chr4	98.333	60	1	1	60	13274	13215	1.66e-23	60	TelYs	13167	revT
ERR21887244368	Chr4	98.333	60	1	1	60	5395703	5395762	1.66e-23	60	TelYs	5395714	revF
ERR21887244368	Chr4	98.333	60	1	1	60	5400749	5400808	1.66e-23	60	TelYs	5400760	revF
ERR21887244368	Chr4	98.333	60	1	1	60	5405787	5405846	1.66e-23	60	TelYs	5405798	revF
ERR21887244368	Chr4	98.333	60	1	1	60	5410001	5410060	1.66e-23	60	TelYs	5410012	revF
ERR21887244368	Chr3	98.333	60	1	1	60	2747	2688	1.66e-23	60	TelYs	2640	revT
ERR21887244368	Chr3	98.333	60	1	1	60	7739	7680	1.66e-23	60	TelYs	7632	revT
ERR21887244368	Chr3	98.333	60	1	1	60	12725	12666	1.66e-23	60	TelYs	12618	revT
ERR21887244368	Chr3	98.333	60	1	1	60	8224505	8224564	1.66e-23	60	TelYs	8224516	revF
ERR21887244368	Chr3	98.333	60	1	1	60	8229519	8229578	1.66e-23	60	TelYs	8229530	revF
ERR21887244368	Chr3	98.333	60	1	1	60	8234553	8234612	1.66e-23	60	TelYs	8234564	revF
ERR21887244368	Chr2	98.333	60	1	1	60	3328	3269	1.66e-23	60	TelYs	3221	revT
ERR21887244368	Chr2	98.333	60	1	1	60	8409	8350	1.66e-23	60	TelYs	8302	revT
ERR21887244368	Chr2	98.333	60	1	1	60	13434	13375	1.66e-23	60	TelYs	13327	revT
ERR21887244368	Chr2	98.333	60	1	1	60	7912246	7912305	1.66e-23	60	TelYs	7912257	revF
ERR21887244368	Chr1	98.333	60	1	1	60	6665006	6665065	1.66e-23	60	TelYs	6665017	revF
ERR21887243056	Chr8	98.333	60	1	1	60	4887	4828	1.66e-23	60	TelYs	4780	revT
ERR21887243056	Chr8	98.333	60	1	1	60	10056	9997	1.66e-23	60	TelYs	9949	revT
ERR21887243056	Chr8	98.333	60	1	1	60	15086	15027	1.66e-23	60	TelYs	14979	revT
ERR21887243056	Chr8	98.333	60	1	1	60	1844082	1844141	1.66e-23	60	TelYs	1844093	revF
ERR21887243056	Chr8	98.333	60	1	1	60	1849220	1849279	1.66e-23	60	TelYs	1849231	revF
ERR21887243056	Chr8	98.333	60	1	1	60	1874721	1874780	1.66e-23	60	TelYs	1874732	revF
ERR21887243056	Chr8	98.333	60	1	1	60	1884976	1885035	1.66e-23	60	TelYs	1884987	revF
ERR21887243056	Chr8	98.333	60	1	1	60	1889972	1890031	1.66e-23	60	TelYs	1889983	revF
ERR21887243056	Chr8	98.333	60	1	1	60	1895065	1895124	1.66e-23	60	TelYs	1895076	revF
ERR21887243056	Chr8	98.333	60	1	1	60	1900070	1900129	1.66e-23	60	TelYs	1900081	revF
ERR21887243056	Chr8	98.305	59	1	1	59	1854286	1854344	5.96e-23	60	TelYs	1854296	revF
ERR21887243056	Chr8	98.305	59	1	1	59	1859309	1859367	5.96e-23	60	TelYs	1859319	revF
ERR21887243056	Chr8	98.305	59	1	1	59	1864451	1864509	5.96e-23	60	TelYs	1864461	revF
ERR21887243056	Chr8	98.305	59	1	1	59	1869590	1869648	5.96e-23	60	TelYs	1869600	revF
ERR21887243056	Chr8	98.305	59	1	1	59	1879843	1879901	5.96e-23	60	TelYs	1879853	revF
ERR21887243056	Chr7	98.333	60	1	1	60	3178	3119	1.66e-23	60	TelYs	3071	revT
ERR21887243056	Chr7	98.333	60	1	1	60	8209	8150	1.66e-23	60	TelYs	8102	revT
ERR21887243056	Chr7	98.333	60	1	1	60	10654	10595	1.66e-23	60	TelYs	10547	revT
ERR21887243056	Chr7	98.333	60	1	1	60	4038386	4038445	1.66e-23	60	TelYs	4038397	revF
ERR21887243056	Chr7	98.333	60	1	1	60	4043412	4043471	1.66e-23	60	TelYs	4043423	revF
ERR21887243056	Chr7	98.333	60	1	1	60	4045847	4045906	1.66e-23	60	TelYs	4045858	revF
ERR21887243056	Chr7	98.333	60	1	1	60	4050875	4050934	1.66e-23	60	TelYs	4050886	revF
ERR21887243056	Chr7	98.333	60	1	1	60	4056035	4056094	1.66e-23	60	TelYs	4056046	revF
ERR21887243056	Chr7	98.333	60	1	1	60	4061065	4061124	1.66e-23	60	TelYs	4061076	revF
ERR21887243056	Chr7	98.333	60	1	1	60	4066097	4066156	1.66e-23	60	TelYs	4066108	revF
ERR21887243056	Chr7	98.333	60	1	1	60	4071206	4071265	1.66e-23	60	TelYs	4071217	revF
ERR21887243056	Chr7	98.333	60	1	1	60	4076198	4076257	1.66e-23	60	TelYs	4076209	revF
ERR21887243056	Chr6	98.333	60	1	1	60	3375	3316	1.66e-23	60	TelYs	3268	revT
ERR21887243056	Chr6	98.333	60	1	1	60	8422	8363	1.66e-23	60	TelYs	8315	revT
ERR21887243056	Chr6	98.333	60	1	1	60	13441	13382	1.66e-23	60	TelYs	13334	revT
ERR21887243056	Chr6	98.333	60	1	1	60	18479	18420	1.66e-23	60	TelYs	18372	revT
ERR21887243056	Chr6	98.333	60	1	1	60	23501	23442	1.66e-23	60	TelYs	23394	revT
ERR21887243056	Chr6	98.333	60	1	1	60	6104760	6104819	1.66e-23	60	TelYs	6104771	revF
ERR21887243056	Chr6	98.333	60	1	1	60	6109875	6109934	1.66e-23	60	TelYs	6109886	revF
ERR21887243056	Chr6	98.333	60	1	1	60	6114919	6114978	1.66e-23	60	TelYs	6114930	revF
ERR21887243056	Chr6	98.333	60	1	1	60	6130164	6130223	1.66e-23	60	TelYs	6130175	revF
ERR21887243056	Chr6	98.305	59	1	1	59	6119963	6120021	5.96e-23	60	TelYs	6119973	revF
ERR21887243056	Chr6	98.305	59	1	1	59	6125123	6125181	5.96e-23	60	TelYs	6125133	revF
ERR21887243056	Chr5	98.333	60	1	1	60	3128	3069	1.66e-23	60	TelYs	3021	revT
ERR21887243056	Chr5	98.333	60	1	1	60	4436768	4436827	1.66e-23	60	TelYs	4436779	revF
ERR21887243056	Chr5	98.333	60	1	1	60	4441795	4441854	1.66e-23	60	TelYs	4441806	revF
ERR21887243056	Chr5	98.333	60	1	1	60	4446837	4446896	1.66e-23	60	TelYs	4446848	revF
ERR21887243056	Chr5	98.333	60	1	1	60	4451891	4451950	1.66e-23	60	TelYs	4451902	revF
ERR21887243056	Chr5	98.333	60	1	1	60	4456933	4456992	1.66e-23	60	TelYs	4456944	revF
ERR21887243056	Chr4	98.333	60	1	1	60	3210	3151	1.66e-23	60	TelYs	3103	revT
ERR21887243056	Chr4	98.333	60	1	1	60	8236	8177	1.66e-23	60	TelYs	8129	revT
ERR21887243056	Chr4	98.333	60	1	1	60	13273	13214	1.66e-23	60	TelYs	13166	revT
ERR21887243056	Chr4	98.333	60	1	1	60	5395704	5395763	1.66e-23	60	TelYs	5395715	revF
ERR21887243056	Chr4	98.333	60	1	1	60	5405788	5405847	1.66e-23	60	TelYs	5405799	revF
ERR21887243056	Chr4	98.333	60	1	1	60	5410002	5410061	1.66e-23	60	TelYs	5410013	revF
ERR21887243056	Chr4	98.305	59	1	1	59	5400750	5400808	5.96e-23	60	TelYs	5400760	revF
ERR21887243056	Chr3	98.333	60	1	1	60	2746	2687	1.66e-23	60	TelYs	2639	revT
ERR21887243056	Chr3	98.333	60	1	1	60	7738	7679	1.66e-23	60	TelYs	7631	revT
ERR21887243056	Chr3	98.333	60	1	1	60	12724	12665	1.66e-23	60	TelYs	12617	revT
ERR21887243056	Chr3	98.333	60	1	1	60	8224506	8224565	1.66e-23	60	TelYs	8224517	revF
ERR21887243056	Chr3	98.333	60	1	1	60	8229520	8229579	1.66e-23	60	TelYs	8229531	revF
ERR21887243056	Chr3	98.333	60	1	1	60	8234554	8234613	1.66e-23	60	TelYs	8234565	revF
ERR21887243056	Chr2	98.333	60	1	1	60	3327	3268	1.66e-23	60	TelYs	3220	revT
ERR21887243056	Chr2	98.333	60	1	1	60	8408	8349	1.66e-23	60	TelYs	8301	revT
ERR21887243056	Chr2	98.333	60	1	1	60	13433	13374	1.66e-23	60	TelYs	13326	revT
ERR21887243056	Chr2	98.333	60	1	1	60	7912247	7912306	1.66e-23	60	TelYs	7912258	revF
ERR21887243056	Chr1	98.333	60	1	1	60	6665007	6665066	1.66e-23	60	TelYs	6665018	revF
ERR21887249568	Chr8	100.000	60	0	1	60	3188	3129	3.56e-25	60	TelYs	3081	revT
ERR21887249568	Chr8	100.000	60	0	1	60	8358	8299	3.56e-25	60	TelYs	8251	revT
ERR21887249568	Chr8	100.000	60	0	1	60	13388	13329	3.56e-25	60	TelYs	13281	revT
ERR21887249568	Chr8	100.000	60	0	1	60	1845781	1845840	3.56e-25	60	TelYs	1845792	revF
ERR21887249568	Chr8	100.000	60	0	1	60	1850918	1850977	3.56e-25	60	TelYs	1850929	revF
ERR21887249568	Chr8	100.000	60	0	1	60	1855984	1856043	3.56e-25	60	TelYs	1855995	revF
ERR21887249568	Chr8	100.000	60	0	1	60	1861004	1861063	3.56e-25	60	TelYs	1861015	revF
ERR21887249568	Chr8	100.000	60	0	1	60	1876410	1876469	3.56e-25	60	TelYs	1876421	revF
ERR21887249568	Chr8	100.000	60	0	1	60	1891657	1891716	3.56e-25	60	TelYs	1891668	revF
ERR21887249568	Chr8	98.361	61	0	1	60	1866146	1866206	1.66e-23	60	TelYs	1866158	revF
ERR21887249568	Chr8	98.361	61	0	1	60	1871286	1871346	1.66e-23	60	TelYs	1871298	revF
ERR21887249568	Chr8	98.361	61	0	1	60	1881535	1881595	1.66e-23	60	TelYs	1881547	revF
ERR21887249568	Chr8	98.333	60	0	2	60	1896747	1896806	5.96e-23	60	TelYs	1896758	revF
ERR21887249568	Chr8	96.721	61	0	2	60	1901758	1901818	7.71e-22	60	TelYs	1901770	revF
ERR21887249568	Chr8	95.082	61	2	1	60	3055	2995	3.59e-20	60	TelYs	2947	revT
ERR21887249568	Chr8	95.082	61	2	1	60	8225	8165	3.59e-20	60	TelYs	8117	revT
ERR21887249568	Chr8	95.082	61	2	1	60	13255	13195	3.59e-20	60	TelYs	13147	revT
ERR21887249568	Chr8	95.082	61	2	1	60	1845914	1845974	3.59e-20	60	TelYs	1845926	revF
ERR21887249568	Chr8	95.082	61	2	1	60	1851051	1851111	3.59e-20	60	TelYs	1851063	revF
ERR21887249568	Chr8	95.082	61	2	1	60	1856117	1856177	3.59e-20	60	TelYs	1856129	revF
ERR21887249568	Chr8	95.082	61	2	1	60	1861136	1861196	3.59e-20	60	TelYs	1861148	revF
ERR21887249568	Chr8	95.082	61	2	1	60	1866279	1866339	3.59e-20	60	TelYs	1866291	revF
ERR21887249568	Chr8	95.082	61	2	1	60	1871420	1871480	3.59e-20	60	TelYs	1871432	revF
ERR21887249568	Chr8	95.082	61	2	1	60	1876543	1876603	3.59e-20	60	TelYs	1876555	revF
ERR21887249568	Chr8	95.082	61	2	1	60	1886798	1886858	3.59e-20	60	TelYs	1886810	revF
ERR21887249568	Chr8	95.082	61	2	1	60	1891789	1891849	3.59e-20	60	TelYs	1891801	revF
ERR21887249568	Chr8	95.082	61	2	1	60	1896879	1896939	3.59e-20	60	TelYs	1896891	revF
ERR21887249568	Chr8	95.082	61	2	1	60	1901892	1901952	3.59e-20	60	TelYs	1901904	revF
ERR21887249568	Chr8	93.651	63	1	1	60	1886663	1886725	4.64e-19	60	TelYs	1886677	revF
ERR21887249568	Chr8	92.063	63	2	1	60	1881668	1881730	2.16e-17	60	TelYs	1881682	revF
ERR21887249568	Chr7	100.000	60	0	1	60	1480	1421	3.56e-25	60	TelYs	1373	revT
ERR21887249568	Chr7	100.000	60	0	1	60	6510	6451	3.56e-25	60	TelYs	6403	revT
ERR21887249568	Chr7	100.000	60	0	1	60	4040083	4040142	3.56e-25	60	TelYs	4040094	revF
ERR21887249568	Chr7	100.000	60	0	1	60	4047544	4047603	3.56e-25	60	TelYs	4047555	revF
ERR21887249568	Chr7	100.000	60	0	1	60	4052573	4052632	3.56e-25	60	TelYs	4052584	revF
ERR21887249568	Chr7	100.000	60	0	1	60	4057731	4057790	3.56e-25	60	TelYs	4057742	revF
ERR21887249568	Chr7	100.000	60	0	1	60	4062762	4062821	3.56e-25	60	TelYs	4062773	revF
ERR21887249568	Chr7	100.000	60	0	1	60	4072892	4072951	3.56e-25	60	TelYs	4072903	revF
ERR21887249568	Chr7	100.000	60	0	1	60	4077887	4077946	3.56e-25	60	TelYs	4077898	revF
ERR21887249568	Chr7	98.361	61	0	1	60	4067786	4067846	1.66e-23	60	TelYs	4067798	revF
ERR21887249568	Chr7	95.082	61	2	1	60	1347	1287	3.59e-20	60	TelYs	1239	revT
ERR21887249568	Chr7	95.082	61	2	1	60	6377	6317	3.59e-20	60	TelYs	6269	revT
ERR21887249568	Chr7	95.082	61	2	1	60	4040216	4040276	3.59e-20	60	TelYs	4040228	revF
ERR21887249568	Chr7	95.082	61	2	1	60	4047677	4047737	3.59e-20	60	TelYs	4047689	revF
ERR21887249568	Chr7	95.082	61	2	1	60	4052706	4052766	3.59e-20	60	TelYs	4052718	revF
ERR21887249568	Chr7	95.082	61	2	1	60	4057864	4057924	3.59e-20	60	TelYs	4057876	revF
ERR21887249568	Chr7	95.082	61	2	1	60	4062895	4062955	3.59e-20	60	TelYs	4062907	revF
ERR21887249568	Chr6	100.000	60	0	1	60	1677	1618	3.56e-25	60	TelYs	1570	revT
ERR21887249568	Chr6	100.000	60	0	1	60	6724	6665	3.56e-25	60	TelYs	6617	revT
ERR21887249568	Chr6	100.000	60	0	1	60	11744	11685	3.56e-25	60	TelYs	11637	revT
ERR21887249568	Chr6	100.000	60	0	1	60	16781	16722	3.56e-25	60	TelYs	16674	revT
ERR21887249568	Chr6	100.000	60	0	1	60	21803	21744	3.56e-25	60	TelYs	21696	revT
ERR21887249568	Chr6	100.000	60	0	1	60	6106458	6106517	3.56e-25	60	TelYs	6106469	revF
ERR21887249568	Chr6	100.000	60	0	1	60	6111573	6111632	3.56e-25	60	TelYs	6111584	revF
ERR21887249568	Chr6	100.000	60	0	1	60	6116618	6116677	3.56e-25	60	TelYs	6116629	revF
ERR21887249568	Chr6	100.000	60	0	1	60	6121658	6121717	3.56e-25	60	TelYs	6121669	revF
ERR21887249568	Chr6	100.000	60	0	1	60	6126819	6126878	3.56e-25	60	TelYs	6126830	revF
ERR21887249568	Chr6	100.000	60	0	1	60	6131860	6131919	3.56e-25	60	TelYs	6131871	revF
ERR21887249568	Chr6	95.082	61	2	1	60	1544	1484	3.59e-20	60	TelYs	1436	revT
ERR21887249568	Chr6	95.082	61	2	1	60	6591	6531	3.59e-20	60	TelYs	6483	revT
ERR21887249568	Chr6	95.082	61	2	1	60	11611	11551	3.59e-20	60	TelYs	11503	revT
ERR21887249568	Chr6	95.082	61	2	1	60	16648	16588	3.59e-20	60	TelYs	16540	revT
ERR21887249568	Chr6	95.082	61	2	1	60	6106591	6106651	3.59e-20	60	TelYs	6106603	revF
ERR21887249568	Chr6	95.082	61	2	1	60	6111706	6111766	3.59e-20	60	TelYs	6111718	revF
ERR21887249568	Chr6	95.082	61	2	1	60	6116751	6116811	3.59e-20	60	TelYs	6116763	revF
ERR21887249568	Chr6	95.082	61	2	1	60	6121791	6121851	3.59e-20	60	TelYs	6121803	revF
ERR21887249568	Chr6	95.082	61	2	1	60	6126952	6127012	3.59e-20	60	TelYs	6126964	revF
ERR21887249568	Chr6	95.082	61	2	1	60	6131993	6132053	3.59e-20	60	TelYs	6132005	revF
ERR21887249568	Chr5	100.000	60	0	1	60	1430	1371	3.56e-25	60	TelYs	1323	revT
ERR21887249568	Chr5	100.000	60	0	1	60	4438466	4438525	3.56e-25	60	TelYs	4438477	revF
ERR21887249568	Chr5	100.000	60	0	1	60	4443494	4443553	3.56e-25	60	TelYs	4443505	revF
ERR21887249568	Chr5	100.000	60	0	1	60	4448535	4448594	3.56e-25	60	TelYs	4448546	revF
ERR21887249568	Chr5	100.000	60	0	1	60	4453589	4453648	3.56e-25	60	TelYs	4453600	revF
ERR21887249568	Chr5	100.000	60	0	1	60	4458632	4458691	3.56e-25	60	TelYs	4458643	revF
ERR21887249568	Chr5	95.082	61	2	1	60	1297	1237	3.59e-20	60	TelYs	1189	revT
ERR21887249568	Chr5	95.082	61	2	1	60	4438599	4438659	3.59e-20	60	TelYs	4438611	revF
ERR21887249568	Chr5	95.082	61	2	1	60	4443627	4443687	3.59e-20	60	TelYs	4443639	revF
ERR21887249568	Chr5	95.082	61	2	1	60	4448668	4448728	3.59e-20	60	TelYs	4448680	revF
ERR21887249568	Chr5	95.082	61	2	1	60	4453722	4453782	3.59e-20	60	TelYs	4453734	revF
ERR21887249568	Chr5	95.082	61	2	1	60	4458765	4458825	3.59e-20	60	TelYs	4458777	revF
ERR21887249568	Chr4	100.000	60	0	1	60	1511	1452	3.56e-25	60	TelYs	1404	revT
ERR21887249568	Chr4	100.000	60	0	1	60	6537	6478	3.56e-25	60	TelYs	6430	revT
ERR21887249568	Chr4	100.000	60	0	1	60	11575	11516	3.56e-25	60	TelYs	11468	revT
ERR21887249568	Chr4	100.000	60	0	1	60	5397403	5397462	3.56e-25	60	TelYs	5397414	revF
ERR21887249568	Chr4	100.000	60	0	1	60	5402448	5402507	3.56e-25	60	TelYs	5402459	revF
ERR21887249568	Chr4	100.000	60	0	1	60	5407486	5407545	3.56e-25	60	TelYs	5407497	revF
ERR21887249568	Chr4	100.000	60	0	1	60	5411701	5411760	3.56e-25	60	TelYs	5411712	revF
ERR21887249568	Chr4	95.082	61	2	1	60	1378	1318	3.59e-20	60	TelYs	1270	revT
ERR21887249568	Chr4	95.082	61	2	1	60	6404	6344	3.59e-20	60	TelYs	6296	revT
ERR21887249568	Chr4	95.082	61	2	1	60	11442	11382	3.59e-20	60	TelYs	11334	revT
ERR21887249568	Chr4	95.082	61	2	1	60	5397536	5397596	3.59e-20	60	TelYs	5397548	revF
ERR21887249568	Chr4	95.082	61	2	1	60	5402581	5402641	3.59e-20	60	TelYs	5402593	revF
ERR21887249568	Chr4	95.082	61	2	1	60	5407619	5407679	3.59e-20	60	TelYs	5407631	revF
ERR21887249568	Chr4	95.082	61	2	1	60	5411834	5411894	3.59e-20	60	TelYs	5411846	revF
ERR21887249568	Chr3	100.000	60	0	1	60	1048	989	3.56e-25	60	TelYs	941	revT
ERR21887249568	Chr3	100.000	60	0	1	60	6039	5980	3.56e-25	60	TelYs	5932	revT
ERR21887249568	Chr3	100.000	60	0	1	60	11028	10969	3.56e-25	60	TelYs	10921	revT
ERR21887249568	Chr3	100.000	60	0	1	60	8226204	8226263	3.56e-25	60	TelYs	8226215	revF
ERR21887249568	Chr3	100.000	60	0	1	60	8231218	8231277	3.56e-25	60	TelYs	8231229	revF
ERR21887249568	Chr3	100.000	60	0	1	60	8236252	8236311	3.56e-25	60	TelYs	8236263	revF
ERR21887249568	Chr3	95.082	61	2	1	60	915	855	3.59e-20	60	TelYs	807	revT
ERR21887249568	Chr3	95.082	61	2	1	60	5906	5846	3.59e-20	60	TelYs	5798	revT
ERR21887249568	Chr3	95.082	61	2	1	60	10895	10835	3.59e-20	60	TelYs	10787	revT
ERR21887249568	Chr3	95.082	61	2	1	60	8226337	8226397	3.59e-20	60	TelYs	8226349	revF
ERR21887249568	Chr3	95.082	61	2	1	60	8236385	8236445	3.59e-20	60	TelYs	8236397	revF
ERR21887249568	Chr2	100.000	60	0	1	60	1635	1576	3.56e-25	60	TelYs	1528	revT
ERR21887249568	Chr2	100.000	60	0	1	60	6710	6651	3.56e-25	60	TelYs	6603	revT
ERR21887249568	Chr2	100.000	60	0	1	60	11736	11677	3.56e-25	60	TelYs	11629	revT
ERR21887249568	Chr2	100.000	60	0	1	60	7913945	7914004	3.56e-25	60	TelYs	7913956	revF
ERR21887249568	Chr2	95.082	61	2	1	60	6577	6517	3.59e-20	60	TelYs	6469	revT
ERR21887249568	Chr2	95.082	61	2	1	60	11603	11543	3.59e-20	60	TelYs	11495	revT
ERR21887249568	Chr2	95.082	61	2	1	60	7914078	7914138	3.59e-20	60	TelYs	7914090	revF
ERR21887249568	Chr1	100.000	60	0	1	60	6666704	6666763	3.56e-25	60	TelYs	6666715	revF
ERR21887249568	Chr1	95.082	61	2	1	60	6666837	6666897	3.59e-20	60	TelYs	6666849	revF
