ER2061621_V65872	MoTER2	95.349	43	2	0	1	43	67	25	2.68e-16	1723
ER2061621_V61928	MoTER2	97.436	39	1	0	1	39	69	31	8.43e-16	1723
ER2061621_V61928	MoTER2	100.000	33	0	0	7	39	33	1	3.92e-14	1723
ER2061621_V61928	MoTER2	96.970	33	1	0	7	39	39	7	1.83e-12	1723
ER2061621_V61928	MoTER2	96.970	33	1	0	7	39	45	13	1.83e-12	1723
ER2061621_V61928	MoTER2	96.970	33	1	0	7	39	51	19	1.83e-12	1723
ER2061621_V61928	MoTER2	96.970	33	1	0	7	39	57	25	1.83e-12	1723
ER2061621_V61928	MoTER1	100.000	33	0	0	7	39	39	7	3.92e-14	5034
ER2061621_V61928	MoTER1	94.872	39	2	0	1	39	69	31	3.92e-14	5034
ER2061621_V61928	MoTER1	96.970	33	1	0	7	39	45	13	1.83e-12	5034
ER2061621_V61928	MoTER1	96.970	33	1	0	7	39	51	19	1.83e-12	5034
ER2061621_V61928	MoTER1	96.970	33	1	0	7	39	57	25	1.83e-12	5034
ER2061621_V67700	MoTER2	97.297	37	1	0	1	37	91	55	1.01e-14	1723
ER2061621_V61704	MoTER2	98.148	54	1	0	1	54	108	55	5.94e-24	1723
ER2061621_V61704	MoTER1	96.296	54	2	0	1	54	108	55	2.76e-22	5034
ER2061621_V61920	MoTER2	100.000	34	0	0	1	34	132	165	8.96e-15	1723
ER2061621_V61920	MoTER1	100.000	34	0	0	1	34	132	165	8.96e-15	5034
ER2061621_V65176	MoTER2	100.000	33	0	0	2	34	785	817	3.22e-14	1723
ER2061621_V65176	MoTER1	100.000	33	0	0	2	34	785	817	3.22e-14	5034
ER2061621_V66028	MoTER1	100.000	99	0	0	1	99	1744	1646	2.49e-50	5034
ER2061621_V68644	MoTER2	98.039	51	1	0	2	52	785	835	2.64e-22	1723
ER2061621_V68644	MoTER1	98.039	51	1	0	2	52	785	835	2.64e-22	5034
