aERR2061614_V6cut8096	MoTER2	97.500	40	1	0	1	40	55	94	2.43e-16	1723
aERR2061614_V6cut7172	MoTER2	100.000	34	0	0	1	34	61	94	2.14e-14	1723
aERR2061614_V6cut7172	MoTER1	97.059	34	1	0	1	34	61	94	9.97e-13	5034
aERR2061614_V6cut4480	MoTER2	100.000	36	0	0	1	36	55	90	7.53e-16	1723
aERR2061614_V6cut8052	MoTER2	100.000	36	0	0	1	36	90	55	7.53e-16	1723
aERR2061614_V6cut1292	MoTER2	100.000	31	0	0	1	31	85	55	3.81e-13	1723
aERR2061614_V6cut2228	MoTER2	100.000	34	0	0	1	34	88	55	8.96e-15	1723
aERR2061614_V6cut2292	MoTER2	100.000	34	0	0	1	34	88	55	8.96e-15	1723
aERR2061614_V6cut7536	MoTER2	100.000	34	0	0	1	34	88	55	8.96e-15	1723
aERR2061614_V6cut5124	MoTER2	100.000	36	0	0	1	36	90	55	7.53e-16	1723
aERR2061614_V6cut2008	MoTER2	100.000	36	0	0	1	36	90	55	7.53e-16	1723
aERR2061614_V6cut8768	MoTER2	97.297	37	1	0	1	37	67	31	1.01e-14	1723
aERR2061614_V6cut8768	MoTER2	100.000	33	0	0	5	37	33	1	3.64e-14	1723
aERR2061614_V6cut8768	MoTER2	96.970	33	1	0	5	37	39	7	1.69e-12	1723
aERR2061614_V6cut8768	MoTER2	96.970	33	1	0	5	37	45	13	1.69e-12	1723
aERR2061614_V6cut8768	MoTER2	96.970	33	1	0	5	37	51	19	1.69e-12	1723
aERR2061614_V6cut8768	MoTER2	96.970	33	1	0	5	37	57	25	1.69e-12	1723
aERR2061614_V6cut8768	MoTER1	100.000	33	0	0	5	37	39	7	3.64e-14	5034
aERR2061614_V6cut8768	MoTER1	97.059	34	1	0	4	37	64	31	4.71e-13	5034
aERR2061614_V6cut8768	MoTER1	96.970	33	1	0	5	37	45	13	1.69e-12	5034
aERR2061614_V6cut8768	MoTER1	96.970	33	1	0	5	37	51	19	1.69e-12	5034
aERR2061614_V6cut8768	MoTER1	96.970	33	1	0	5	37	57	25	1.69e-12	5034
aERR2061614_V6cut8740	MoTER2	100.000	37	0	0	1	37	91	55	2.18e-16	1723
aERR2061614_V6cut10016	MoTER1	96.970	33	1	0	1	33	1	33	1.43e-12	5034
aERR2061614_V6cut10076	MoTER2	100.000	37	0	0	1	37	55	91	2.18e-16	1723
aERR2061614_V6cut8948	MoTER2	100.000	33	0	0	1	33	55	87	3.08e-14	1723
aERR2061614_V6cut5120	MoTER2	100.000	36	0	0	1	36	55	90	7.53e-16	1723
aERR2061614_V6cut4332	MoTER2	100.000	34	0	0	1	34	55	88	8.96e-15	1723
aERR2061614_V6cut6012	MoTER2	100.000	37	0	0	1	37	55	91	2.18e-16	1723
aERR2061614_V6cut4528	MoTER2	100.000	35	0	0	1	35	55	89	2.60e-15	1723
aERR2061614_V6cut5948	MoTER2	100.000	35	0	0	1	35	55	89	2.60e-15	1723
aERR2061614_V6cut748	MoTER2	100.000	34	0	0	1	34	55	88	8.96e-15	1723
aERR2061614_V6cut7220	MoTER2	100.000	31	0	0	1	31	61	91	3.81e-13	1723
aERR2061614_V6cut3724	MoTER2	100.000	30	0	0	1	30	1	30	1.30e-12	1723
aERR2061614_V6cut3724	MoTER1	100.000	30	0	0	1	30	7	36	1.30e-12	5034
aERR2061614_V6cut8412	MoTER2	96.825	63	2	0	1	63	93	31	3.25e-27	1723
aERR2061614_V6cut8412	MoTER1	95.238	63	3	0	1	63	93	31	1.51e-25	5034
aERR2061614_V6cut1488	MoTER2	100.000	33	0	0	1	33	55	87	3.08e-14	1723
aERR2061614_V6cut9096	MoTER2	98.039	51	1	0	1	51	55	105	2.57e-22	1723
