aERR2061621_V6cut2708	cluster0	92.500	40	0	1	1	37	83	44	4.54e-13	54.7
aERR2061621_V6cut1088	cluster0	100.000	29	0	0	8	36	55	83	4.39e-13	54.7
aERR2061621_V6cut4408	cluster0	100.000	29	0	0	4	32	55	83	3.95e-13	54.7
aERR2061621_V6cut3264	cluster0	100.000	29	0	0	5	33	55	83	3.92e-13	54.7
aERR2061621_V6cut2604	cluster0	100.000	29	0	0	6	34	55	83	4.07e-13	54.7
aERR2061621_V6cut1884	cluster0	100.000	29	0	0	6	34	55	83	4.07e-13	54.7
aERR2061621_V6cut1136	cluster0	100.000	29	0	0	7	35	55	83	4.23e-13	54.7
aERR2061621_V6cut7704	cluster0	100.000	29	0	0	7	35	55	83	4.23e-13	54.7
aERR2061621_V6cut8432	cluster0	100.000	29	0	0	8	36	55	83	4.39e-13	54.7
aERR2061621_V6cut3472	cluster0	100.000	29	0	0	8	36	55	83	4.39e-13	54.7
aERR2061621_V6cut6896	cluster0	92.500	40	0	1	1	37	44	83	4.54e-13	54.7
aERR2061621_V6cut7708	cluster0	100.000	29	0	0	1	29	83	55	4.39e-13	54.7
aERR2061621_V6cut6956	cluster0	92.683	41	0	1	1	38	83	43	1.31e-13	56.5
aERR2061621_V6cut7776	cluster0	100.000	29	0	0	1	29	83	55	4.39e-13	54.7
aERR2061621_V6cut6968	cluster0	100.000	29	0	0	1	29	83	55	4.07e-13	54.7
aERR2061621_V6cut5164	cluster0	100.000	29	0	0	1	29	83	55	4.07e-13	54.7
aERR2061621_V6cut7828	cluster0	100.000	29	0	0	1	29	83	55	3.64e-13	54.7
