ER2061622_V66928	cluster0	100.000	29	0	0	7	35	53	81	6.08e-13	54.7
ER2061622_V61876	cluster0	100.000	29	0	0	2	30	53	81	4.96e-13	54.7
ER2061622_V64124	cluster0	100.000	29	0	0	6	34	53	81	5.86e-13	54.7
ER2061622_V61128	cluster4	100.000	33	0	0	1	33	67	99	3.37e-15	62.1
ER2061622_V66316	cluster0	100.000	29	0	0	3	31	53	81	5.18e-13	54.7
ER2061622_V67716	cluster0	100.000	29	0	0	8	36	53	81	6.31e-13	54.7
ER2061622_V66332	cluster0	100.000	29	0	0	1	29	53	81	4.73e-13	54.7
ER2061622_V6768	cluster0	100.000	28	0	0	1	28	54	81	1.62e-12	52.8
ER2061622_V62900	cluster0	92.500	40	0	1	1	37	81	42	6.53e-13	54.7
ER2061622_V62096	cluster0	92.500	40	0	1	1	37	81	42	6.53e-13	54.7
ER2061622_V61152	cluster4	100.000	29	0	0	1	29	99	71	4.73e-13	54.7
ER2061622_V62748	cluster0	100.000	29	0	0	1	29	81	53	5.41e-13	54.7
ER2061622_V62072	cluster0	100.000	29	0	0	1	29	81	53	4.96e-13	54.7
