aERR2061620_V6cut8	Chr3	100.000	70	0	0	1	70	7469007	7468938	1.21e-30	8237918
aERR2061620_V6cut8	Chr3	94.286	70	4	0	1	70	2242762	2242831	5.67e-24	8237918
aERR2061620_V6cut8	Chr3	94.286	70	4	0	1	70	7837076	7837007	5.67e-24	8237918
aERR2061620_V6cut8	Chr3	94.286	70	4	0	1	70	7842735	7842804	5.67e-24	8237918
aERR2061620_V6cut8	Chr3	94.286	70	4	0	1	70	8138304	8138373	5.67e-24	8237918
aERR2061620_V6cut8	Chr3	93.750	64	4	0	1	64	2793936	2793999	1.23e-20	8237918
aERR2061620_V6cut8	Chr3	97.826	46	1	0	1	46	2670899	2670854	1.24e-15	8237918
aERR2061620_V6cut8	Chr7	97.143	70	2	0	1	70	3975206	3975137	2.62e-27	4079358
aERR2061620_V6cut8	Chr1	95.714	70	3	0	1	70	6378851	6378782	1.22e-25	6668242
aERR2061620_V6cut8	Chr1	92.857	70	5	0	1	70	6402863	6402794	2.64e-22	6668242
aERR2061620_V6cut8	Chr1	90.000	70	7	0	1	70	1354448	1354517	5.71e-19	6668242
aERR2061620_V6cut8	Chr8	94.286	70	4	0	1	70	311418	311349	5.67e-24	1903245
aERR2061620_V6cut3968	Chr8	98.182	55	1	0	1	55	6838	6892	8.70e-21	1903245
aERR2061620_V6cut3968	Chr8	98.182	55	1	0	1	55	6960	7014	8.70e-21	1903245
aERR2061620_V6cut3968	Chr8	98.182	55	1	0	1	55	17034	17088	8.70e-21	1903245
aERR2061620_V6cut3968	Chr8	98.182	55	1	0	1	55	1841718	1841664	8.70e-21	1903245
aERR2061620_V6cut3968	Chr8	98.182	55	1	0	1	55	1847216	1847162	8.70e-21	1903245
aERR2061620_V6cut3968	Chr8	98.182	55	1	0	1	55	1852311	1852257	8.70e-21	1903245
aERR2061620_V6cut3968	Chr8	98.182	55	1	0	1	55	1898138	1898084	8.70e-21	1903245
aERR2061620_V6cut3968	Chr8	98.148	54	1	0	1	54	1699	1752	3.13e-20	1903245
aERR2061620_V6cut3968	Chr8	98.148	54	1	0	1	54	1847283	1847230	3.13e-20	1903245
aERR2061620_V6cut3968	Chr8	98.148	54	1	0	1	54	1862513	1862460	3.13e-20	1903245
aERR2061620_V6cut3968	Chr8	98.148	54	1	0	1	54	1867652	1867599	3.13e-20	1903245
aERR2061620_V6cut3968	Chr8	98.148	54	1	0	1	54	1872785	1872732	3.13e-20	1903245
aERR2061620_V6cut3968	Chr8	98.148	54	1	0	1	54	1877908	1877855	3.13e-20	1903245
aERR2061620_V6cut3968	Chr8	98.148	54	1	0	1	54	1883041	1882988	3.13e-20	1903245
aERR2061620_V6cut3968	Chr8	98.148	54	1	0	1	54	1893136	1893083	3.13e-20	1903245
aERR2061620_V6cut3968	Chr8	98.113	53	1	0	1	53	1857367	1857315	1.12e-19	1903245
aERR2061620_V6cut3968	Chr8	98.113	53	1	0	1	53	1888039	1887987	1.12e-19	1903245
aERR2061620_V6cut3968	Chr8	98.000	50	1	0	5	54	764062	764111	5.23e-18	1903245
aERR2061620_V6cut3968	Chr7	98.182	55	1	0	1	55	10150	10204	8.70e-21	4079358
aERR2061620_V6cut3968	Chr7	98.182	55	1	0	1	55	12592	12646	8.70e-21	4079358
aERR2061620_V6cut3968	Chr7	98.182	55	1	0	1	55	12871	12925	8.70e-21	4079358
aERR2061620_V6cut3968	Chr7	98.182	55	1	0	1	55	4036450	4036396	8.70e-21	4079358
aERR2061620_V6cut3968	Chr7	98.182	55	1	0	1	55	4053971	4053917	8.70e-21	4079358
aERR2061620_V6cut3968	Chr7	98.148	54	1	0	1	54	4054085	4054032	3.13e-20	4079358
aERR2061620_V6cut3968	Chr7	98.148	54	1	0	1	54	4069274	4069221	3.13e-20	4079358
aERR2061620_V6cut3968	Chr7	98.113	53	1	0	1	53	5127	5179	1.12e-19	4079358
aERR2061620_V6cut3968	Chr7	98.113	53	1	0	1	53	4041461	4041409	1.12e-19	4079358
aERR2061620_V6cut3968	Chr7	98.113	53	1	0	1	53	4048923	4048871	1.12e-19	4079358
aERR2061620_V6cut3968	Chr7	98.113	53	1	0	1	53	4059114	4059062	1.12e-19	4079358
aERR2061620_V6cut3968	Chr7	98.113	53	1	0	1	53	4074259	4074207	1.12e-19	4079358
aERR2061620_V6cut3968	Chr7	96.078	51	2	0	5	55	3756171	3756221	6.77e-17	4079358
aERR2061620_V6cut3968	Chr6	98.182	55	1	0	1	55	15389	15443	8.70e-21	6133529
aERR2061620_V6cut3968	Chr6	98.182	55	1	0	1	55	6107810	6107756	8.70e-21	6133529
aERR2061620_V6cut3968	Chr6	98.182	55	1	0	1	55	6112967	6112913	8.70e-21	6133529
aERR2061620_V6cut3968	Chr6	98.182	55	1	0	1	55	6118010	6117956	8.70e-21	6133529
aERR2061620_V6cut3968	Chr6	98.182	55	1	0	1	55	6123055	6123001	8.70e-21	6133529
aERR2061620_V6cut3968	Chr6	98.182	55	1	0	1	55	6123175	6123121	8.70e-21	6133529
aERR2061620_V6cut3968	Chr6	98.148	54	1	0	1	54	6102823	6102770	3.13e-20	6133529
aERR2061620_V6cut3968	Chr6	98.148	54	1	0	1	54	6107924	6107871	3.13e-20	6133529
aERR2061620_V6cut3968	Chr6	98.113	53	1	0	1	53	5326	5378	1.12e-19	6133529
aERR2061620_V6cut3968	Chr6	98.113	53	1	0	1	53	10357	10409	1.12e-19	6133529
aERR2061620_V6cut3968	Chr6	98.113	53	1	0	1	53	20419	20471	1.12e-19	6133529
aERR2061620_V6cut3968	Chr6	96.154	52	2	0	1	52	3295054	3295105	1.88e-17	6133529
aERR2061620_V6cut3968	Chr6	96.875	32	1	0	23	54	191	222	5.31e-08	6133529
aERR2061620_V6cut3968	Chr6	100.000	29	0	0	26	54	6133348	6133320	5.31e-08	6133529
aERR2061620_V6cut3968	Chr5	98.182	55	1	0	1	55	4439859	4439805	8.70e-21	4460276
aERR2061620_V6cut3968	Chr5	98.182	55	1	0	1	55	4444897	4444843	8.70e-21	4460276
aERR2061620_V6cut3968	Chr5	98.182	55	1	0	1	55	4454981	4454927	8.70e-21	4460276
aERR2061620_V6cut3968	Chr5	98.113	53	1	0	1	53	4449937	4449885	1.12e-19	4460276
aERR2061620_V6cut3968	Chr4	98.182	55	1	0	1	55	5398813	5398759	8.70e-21	5413369
aERR2061620_V6cut3968	Chr4	98.182	55	1	0	1	55	5408065	5408011	8.70e-21	5413369
aERR2061620_V6cut3968	Chr4	100.000	29	0	0	26	54	5413190	5413162	5.31e-08	5413369
aERR2061620_V6cut3968	Chr4	100.000	28	0	0	28	55	5393426	5393399	1.91e-07	5413369
aERR2061620_V6cut3968	Chr3	98.182	55	1	0	1	55	4697	4751	8.70e-21	8237918
aERR2061620_V6cut3968	Chr3	98.182	55	1	0	1	55	9684	9738	8.70e-21	8237918
aERR2061620_V6cut3968	Chr3	98.182	55	1	0	1	55	8237651	8237597	8.70e-21	8237918
aERR2061620_V6cut3968	Chr3	98.113	53	1	0	1	53	8227605	8227553	1.12e-19	8237918
aERR2061620_V6cut3968	Chr3	98.113	53	1	0	1	53	8232615	8232563	1.12e-19	8237918
aERR2061620_V6cut3968	Chr2	98.113	53	1	0	1	53	10348	10400	1.12e-19	7915472
aERR2061620_V6cut3968	Chr2	91.837	49	4	0	4	52	48572	48524	1.90e-12	7915472
aERR2061620_V6cut3968	Chr2	96.875	32	1	0	23	54	185	216	5.31e-08	7915472
aERR2061620_V6cut3968	Chr2	96.875	32	1	0	23	54	5221	5252	5.31e-08	7915472
