aERR2061624_V6cut7260	MoTER1	100.000	97	0	0	1	97	1784	1688	3.15e-49	5034
aERR2061624_V6cut7240	MoTER1	100.000	79	0	0	1	79	1766	1688	2.52e-39	5034
aERR2061624_V6cut1712	MoTER1	100.000	70	0	0	1	70	1757	1688	2.20e-34	5034
aERR2061624_V6cut7208	MoTER1	100.000	64	0	0	1	64	1751	1688	4.26e-31	5034
aERR2061624_V6cut948	MoTER2	100.000	36	0	0	1	36	90	55	7.53e-16	1723
aERR2061624_V6cut1564	MoTER2	100.000	37	0	0	1	37	91	55	2.18e-16	1723
aERR2061624_V6cut10500	MoTER2	100.000	36	0	0	1	36	90	55	7.53e-16	1723
aERR2061624_V6cut11516	MoTER2	100.000	36	0	0	1	36	90	55	7.53e-16	1723
aERR2061624_V6cut1528	MoTER2	100.000	36	0	0	1	36	90	55	7.53e-16	1723
aERR2061624_V6cut2436	MoTER2	100.000	36	0	0	1	36	90	55	7.53e-16	1723
aERR2061624_V6cut2696	MoTER2	100.000	37	0	0	1	37	91	55	2.18e-16	1723
aERR2061624_V6cut6300	MoTER2	100.000	32	0	0	1	32	92	61	1.11e-13	1723
aERR2061624_V6cut6400	MoTER2	100.000	36	0	0	1	36	90	55	7.53e-16	1723
aERR2061624_V6cut5108	MoTER2	100.000	36	0	0	1	36	90	55	7.53e-16	1723
aERR2061624_V6cut5380	MoTER2	100.000	36	0	0	1	36	90	55	7.53e-16	1723
aERR2061624_V6cut2788	MoTER2	100.000	35	0	0	1	35	89	55	2.60e-15	1723
aERR2061624_V6cut10388	MoTER2	100.000	35	0	0	1	35	89	55	2.60e-15	1723
aERR2061624_V6cut4324	MoTER2	100.000	33	0	0	1	33	142	110	3.08e-14	1723
aERR2061624_V6cut4324	MoTER1	100.000	33	0	0	1	33	142	110	3.08e-14	5034
aERR2061624_V6cut9620	MoTER2	100.000	30	0	0	1	30	55	84	1.43e-12	1723
aERR2061624_V6cut9608	MoTER2	100.000	35	0	0	1	35	55	89	2.60e-15	1723
aERR2061624_V6cut1752	MoTER1	97.468	79	2	0	1	79	2630	2552	5.86e-36	5034
aERR2061624_V6cut956	MoTER2	97.674	43	1	0	1	43	97	55	5.76e-18	1723
aERR2061624_V6cut956	MoTER1	95.349	43	2	0	1	43	97	55	2.68e-16	5034
aERR2061624_V6cut896	MoTER2	100.000	32	0	0	1	32	1	32	2.27e-13	1723
aERR2061624_V6cut896	MoTER2	96.875	32	1	0	1	32	7	38	1.06e-11	1723
aERR2061624_V6cut896	MoTER2	96.875	32	1	0	1	32	13	44	1.06e-11	1723
aERR2061624_V6cut896	MoTER2	96.875	32	1	0	1	32	19	50	1.06e-11	1723
aERR2061624_V6cut896	MoTER2	96.875	32	1	0	1	32	25	56	1.06e-11	1723
aERR2061624_V6cut896	MoTER2	96.875	32	1	0	1	32	31	62	1.06e-11	1723
aERR2061624_V6cut896	MoTER1	100.000	32	0	0	1	32	7	38	2.27e-13	5034
aERR2061624_V6cut896	MoTER1	96.875	32	1	0	1	32	13	44	1.06e-11	5034
aERR2061624_V6cut896	MoTER1	96.875	32	1	0	1	32	19	50	1.06e-11	5034
aERR2061624_V6cut896	MoTER1	96.875	32	1	0	1	32	25	56	1.06e-11	5034
aERR2061624_V6cut896	MoTER1	96.875	32	1	0	1	32	31	62	1.06e-11	5034
aERR2061624_V6cut5592	MoTER2	98.305	59	1	0	1	59	55	113	1.10e-26	1723
aERR2061624_V6cut3752	MoTER2	98.000	50	1	0	1	50	104	55	9.02e-22	1723
aERR2061624_V6cut3752	MoTER1	96.000	50	2	0	1	50	104	55	4.19e-20	5034
