ER2061619_V61600	MoTER1	100.000	95	0	0	1	95	877	783	7.60e-47	5034
ER2061619_V61600	MoTER2	100.000	91	0	0	5	95	873	783	1.27e-44	1723
ER2061619_V61272	MoTER2	100.000	91	0	0	1	91	873	783	1.22e-44	1723
ER2061619_V61272	MoTER1	100.000	91	0	0	1	91	873	783	1.22e-44	5034
ER2061619_V61676	MoTER2	100.000	51	0	0	1	51	833	783	9.98e-23	1723
ER2061619_V61676	MoTER1	100.000	51	0	0	1	51	833	783	9.98e-23	5034
ER2061619_V61212	MoTER2	100.000	66	0	0	1	66	783	848	6.49e-31	1723
ER2061619_V61212	MoTER1	100.000	66	0	0	1	66	783	848	6.49e-31	5034
ER2061619_V61772	RETRO7_2	98.795	83	1	0	1	83	5584	5502	1.49e-38	6100
ER2061619_V61772	RETRO7_1	97.590	83	2	0	1	83	5595	5513	6.93e-37	6120
ER2061619_V61776	RETRO7_2	100.000	44	0	0	4	47	5502	5545	7.12e-19	6100
ER2061619_V61776	RETRO7_1	97.727	44	1	0	4	47	5513	5556	3.31e-17	6120
ER2061619_V67184	MoTER1	100.000	47	0	0	1	47	3627	3581	1.53e-20	5034
ER2061619_V66200	MoTER2	97.727	44	1	0	1	44	98	55	3.01e-17	1723
ER2061619_V66200	MoTER1	95.455	44	2	0	1	44	98	55	1.40e-15	5034
ER2061619_V61332	MoTER1	100.000	47	0	0	1	47	1211	1165	1.53e-20	5034
ER2061619_V61204	MoTER2	100.000	36	0	0	1	36	818	783	1.33e-14	1723
ER2061619_V61204	MoTER1	100.000	36	0	0	1	36	818	783	1.33e-14	5034
ER2061619_V63340	RETRO7_2	96.970	66	2	0	3	68	104	169	1.51e-27	6100
ER2061619_V63340	RETRO7_2	96.970	66	2	0	3	68	5996	6061	1.51e-27	6100
ER2061619_V6432	MoTER2	98.039	51	1	0	1	51	55	105	4.64e-21	1723
ER2061619_V6432	MoTER1	96.078	51	2	0	1	51	55	105	2.16e-19	5034
