ER2061622_V64424	MoTER2	97.436	39	1	0	1	39	69	31	1.51e-14	1723
ER2061622_V64424	MoTER2	100.000	33	0	0	7	39	33	1	7.03e-13	1723
ER2061622_V64424	MoTER2	96.970	33	1	0	7	39	39	7	3.27e-11	1723
ER2061622_V64424	MoTER2	96.970	33	1	0	7	39	45	13	3.27e-11	1723
ER2061622_V64424	MoTER2	96.970	33	1	0	7	39	51	19	3.27e-11	1723
ER2061622_V64424	MoTER2	96.970	33	1	0	7	39	57	25	3.27e-11	1723
ER2061622_V64424	MoTER1	100.000	33	0	0	7	39	39	7	7.03e-13	5034
ER2061622_V64424	MoTER1	94.872	39	2	0	1	39	69	31	7.03e-13	5034
ER2061622_V64424	MoTER1	96.970	33	1	0	7	39	45	13	3.27e-11	5034
ER2061622_V64424	MoTER1	96.970	33	1	0	7	39	51	19	3.27e-11	5034
ER2061622_V64424	MoTER1	96.970	33	1	0	7	39	57	25	3.27e-11	5034
ER2061622_V67468	MGR586	100.000	37	0	0	1	37	1684	1648	5.88e-15	1860
ER2061622_V63332	MoTER2	100.000	39	0	0	1	39	1680	1718	3.25e-16	1723
ER2061622_V63332	MoTER1	100.000	39	0	0	1	39	4991	5029	3.25e-16	5034
ER2061622_V62116	MoTER2	100.000	39	0	0	1	39	1680	1718	3.25e-16	1723
ER2061622_V62116	MoTER1	100.000	39	0	0	1	39	4991	5029	3.25e-16	5034
