ERR21887211560	Chr8	98.333	60	1	1	60	20566	20507	1.66e-23	60
ERR21887211560	Chr8	98.333	60	1	1	60	1291495	1291436	1.66e-23	60
ERR21887211560	Chr8	98.333	60	1	1	60	1632739	1632680	1.66e-23	60
ERR21887211560	Chr8	96.296	54	2	7	60	751155	751102	1.67e-18	60
ERR21887211560	Chr5	98.333	60	1	1	60	1676471	1676530	1.66e-23	60
ERR21887211560	Chr4	98.333	60	1	1	60	362774	362833	1.66e-23	60
ERR21887211560	Chr1	98.333	60	1	1	60	453298	453239	1.66e-23	60
ERR21887211560	Chr1	98.276	58	1	3	60	1881644	1881587	2.14e-22	60
ERR21887211560	Chr3	95.000	60	3	1	60	6620950	6620891	3.59e-20	60
ERR21887211592	Chr8	98.333	60	1	1	60	20578	20519	1.66e-23	60
ERR21887211592	Chr8	98.333	60	1	1	60	1291507	1291448	1.66e-23	60
ERR21887211592	Chr8	98.333	60	1	1	60	1632751	1632692	1.66e-23	60
ERR21887211592	Chr8	95.000	60	3	1	60	751173	751114	3.59e-20	60
ERR21887211592	Chr5	98.333	60	1	1	60	1676459	1676518	1.66e-23	60
ERR21887211592	Chr4	98.333	60	1	1	60	362762	362821	1.66e-23	60
ERR21887211592	Chr1	98.333	60	1	1	60	453310	453251	1.66e-23	60
ERR21887211592	Chr1	96.667	60	2	1	60	1881658	1881599	7.71e-22	60
ERR21887211592	Chr3	95.000	60	3	1	60	6620962	6620903	3.59e-20	60
ERR21887217784	Chr8	98.333	60	1	1	60	20573	20514	1.66e-23	60
ERR21887217784	Chr8	98.333	60	1	1	60	1291502	1291443	1.66e-23	60
ERR21887217784	Chr8	98.333	60	1	1	60	1632746	1632687	1.66e-23	60
ERR21887217784	Chr8	95.000	60	3	1	60	751168	751109	3.59e-20	60
ERR21887217784	Chr5	98.333	60	1	1	60	1676464	1676523	1.66e-23	60
ERR21887217784	Chr4	98.333	60	1	1	60	362767	362826	1.66e-23	60
ERR21887217784	Chr1	98.333	60	1	1	60	453305	453246	1.66e-23	60
ERR21887217784	Chr1	96.667	60	2	1	60	1881653	1881594	7.71e-22	60
ERR21887217784	Chr3	95.000	60	3	1	60	6620957	6620898	3.59e-20	60
ERR21887214848	Chr8	100.000	60	0	1	60	20560	20501	3.56e-25	60
ERR21887214848	Chr8	100.000	60	0	1	60	1291489	1291430	3.56e-25	60
ERR21887214848	Chr8	100.000	60	0	1	60	1632733	1632674	3.56e-25	60
ERR21887214848	Chr8	96.667	60	2	1	60	751155	751096	7.71e-22	60
ERR21887214848	Chr5	100.000	60	0	1	60	1676477	1676536	3.56e-25	60
ERR21887214848	Chr4	100.000	60	0	1	60	362780	362839	3.56e-25	60
ERR21887214848	Chr1	100.000	60	0	1	60	453292	453233	3.56e-25	60
ERR21887214848	Chr1	100.000	60	0	1	60	1881640	1881581	3.56e-25	60
ERR21887214848	Chr3	96.667	60	2	1	60	6620944	6620885	7.71e-22	60
ERR21887216064	Chr8	100.000	60	0	1	60	20560	20501	3.56e-25	60
ERR21887216064	Chr8	100.000	60	0	1	60	1291489	1291430	3.56e-25	60
ERR21887216064	Chr8	100.000	60	0	1	60	1632733	1632674	3.56e-25	60
ERR21887216064	Chr8	96.667	60	2	1	60	751155	751096	7.71e-22	60
ERR21887216064	Chr5	100.000	60	0	1	60	1676477	1676536	3.56e-25	60
ERR21887216064	Chr4	100.000	60	0	1	60	362780	362839	3.56e-25	60
ERR21887216064	Chr1	100.000	60	0	1	60	453292	453233	3.56e-25	60
ERR21887216064	Chr1	100.000	60	0	1	60	1881640	1881581	3.56e-25	60
ERR21887216064	Chr3	96.667	60	2	1	60	6620944	6620885	7.71e-22	60
ERR21887218088	Chr8	100.000	55	0	1	55	119380	119326	1.87e-22	55
ERR21887218088	Chr8	100.000	55	0	1	55	136183	136237	1.87e-22	55
ERR21887218088	Chr8	100.000	55	0	1	55	410129	410075	1.87e-22	55
ERR21887218088	Chr8	100.000	55	0	1	55	569167	569221	1.87e-22	55
ERR21887218088	Chr8	100.000	55	0	1	55	833958	834012	1.87e-22	55
ERR21887218088	Chr8	100.000	55	0	1	55	1624523	1624577	1.87e-22	55
ERR21887218088	Chr8	98.182	55	1	1	55	226195	226249	8.70e-21	55
ERR21887218088	Chr8	98.182	55	1	1	55	349992	350046	8.70e-21	55
ERR21887218088	Chr8	98.182	55	1	1	55	432463	432517	8.70e-21	55
ERR21887218088	Chr8	98.182	55	1	1	55	462974	462920	8.70e-21	55
ERR21887218088	Chr8	98.182	55	1	1	55	494120	494174	8.70e-21	55
ERR21887218088	Chr8	98.182	55	1	1	55	531659	531605	8.70e-21	55
ERR21887218088	Chr8	98.182	55	1	1	55	567384	567438	8.70e-21	55
ERR21887218088	Chr8	98.182	55	1	1	55	702092	702146	8.70e-21	55
ERR21887218088	Chr8	98.182	55	1	1	55	1162858	1162912	8.70e-21	55
ERR21887218088	Chr8	96.364	55	2	1	55	196248	196194	4.05e-19	55
ERR21887218088	Chr8	96.364	55	2	1	55	899372	899426	4.05e-19	55
ERR21887218088	Chr8	96.364	55	2	1	55	1255693	1255747	4.05e-19	55
ERR21887218088	Chr8	96.364	55	2	1	55	1492884	1492830	4.05e-19	55
ERR21887218088	Chr8	96.364	55	2	1	55	1553763	1553709	4.05e-19	55
ERR21887218088	Chr8	96.364	55	2	1	55	1736609	1736555	4.05e-19	55
ERR21887218088	Chr8	96.364	55	2	1	55	1751985	1751931	4.05e-19	55
ERR21887218088	Chr8	96.364	55	2	1	55	1803106	1803160	4.05e-19	55
ERR21887218088	Chr8	96.364	55	2	1	55	1818485	1818539	4.05e-19	55
ERR21887218088	Chr3	100.000	55	0	1	55	1890684	1890630	1.87e-22	55
ERR21887218088	Chr3	96.364	55	2	1	55	1145101	1145155	4.05e-19	55
ERR21887218088	Chr3	94.231	52	3	1	52	8205584	8205533	8.76e-16	55
ERR21887218088	Chr3	92.000	50	4	1	50	8080462	8080413	5.27e-13	55
ERR21887218088	Chr3	84.906	53	8	1	53	7526277	7526329	5.31e-08	55
ERR21887218088	Chr2	100.000	55	0	1	55	4539945	4539999	1.87e-22	55
ERR21887218088	Chr2	100.000	55	0	1	55	6755400	6755346	1.87e-22	55
ERR21887218088	Chr1	98.182	55	1	1	55	2463089	2463143	8.70e-21	55
ERR21887218088	Chr1	96.364	55	2	1	55	2150594	2150540	4.05e-19	55
ERR21887218088	Chr1	98.039	51	1	1	51	2185068	2185118	1.46e-18	55
ERR21887218088	Chr1	86.538	52	7	2	53	455982	456033	4.10e-09	55
ERR21887218088	Chr4	90.000	50	5	1	50	493255	493206	2.45e-11	55
ERR21887219280	Chr8	100.000	60	0	1	60	119301	119360	3.56e-25	60
ERR21887219280	Chr8	100.000	60	0	1	60	136262	136203	3.56e-25	60
ERR21887219280	Chr8	100.000	60	0	1	60	410050	410109	3.56e-25	60
ERR21887219280	Chr8	100.000	60	0	1	60	569246	569187	3.56e-25	60
ERR21887219280	Chr8	100.000	60	0	1	60	834037	833978	3.56e-25	60
ERR21887219280	Chr8	100.000	60	0	1	60	1624602	1624543	3.56e-25	60
ERR21887219280	Chr8	98.333	60	1	1	60	196169	196228	1.66e-23	60
ERR21887219280	Chr8	98.333	60	1	1	60	226274	226215	1.66e-23	60
ERR21887219280	Chr8	98.333	60	1	1	60	350071	350012	1.66e-23	60
ERR21887219280	Chr8	98.333	60	1	1	60	432542	432483	1.66e-23	60
ERR21887219280	Chr8	98.333	60	1	1	60	462895	462954	1.66e-23	60
ERR21887219280	Chr8	98.333	60	1	1	60	494199	494140	1.66e-23	60
ERR21887219280	Chr8	98.333	60	1	1	60	531580	531639	1.66e-23	60
ERR21887219280	Chr8	98.333	60	1	1	60	567463	567404	1.66e-23	60
ERR21887219280	Chr8	98.333	60	1	1	60	702171	702112	1.66e-23	60
ERR21887219280	Chr8	98.333	60	1	1	60	899451	899392	1.66e-23	60
ERR21887219280	Chr8	98.333	60	1	1	60	1162937	1162878	1.66e-23	60
ERR21887219280	Chr8	98.333	60	1	1	60	1492805	1492864	1.66e-23	60
ERR21887219280	Chr8	98.333	60	1	1	60	1751906	1751965	1.66e-23	60
ERR21887219280	Chr8	98.333	60	1	1	60	1803185	1803126	1.66e-23	60
ERR21887219280	Chr8	96.667	60	2	1	60	1255772	1255713	7.71e-22	60
ERR21887219280	Chr8	96.667	60	2	1	60	1553684	1553743	7.71e-22	60
ERR21887219280	Chr8	96.667	60	2	1	60	1736530	1736589	7.71e-22	60
ERR21887219280	Chr8	96.667	60	2	1	60	1818564	1818505	7.71e-22	60
ERR21887219280	Chr3	100.000	60	0	1	60	1890605	1890664	3.56e-25	60
ERR21887219280	Chr3	98.333	60	1	1	60	1145180	1145121	1.66e-23	60
ERR21887219280	Chr3	90.909	55	5	1	55	7526356	7526302	4.67e-14	60
ERR21887219280	Chr3	89.655	58	6	1	58	8080383	8080440	4.67e-14	60
ERR21887219280	Chr3	100.000	30	0	29	58	8205533	8205562	1.69e-08	60
ERR21887219280	Chr2	100.000	60	0	1	60	4540024	4539965	3.56e-25	60
ERR21887219280	Chr2	100.000	60	0	1	60	6755321	6755380	3.56e-25	60
ERR21887219280	Chr1	98.333	60	1	1	60	2150515	2150574	1.66e-23	60
ERR21887219280	Chr1	98.333	60	1	1	60	2463168	2463109	1.66e-23	60
ERR21887219280	Chr1	92.727	55	4	1	55	456060	456006	1.00e-15	60
ERR21887219280	Chr1	92.727	55	4	1	55	514790	514844	1.00e-15	60
ERR21887219280	Chr1	92.727	55	4	1	55	1374702	1374648	1.00e-15	60
ERR21887219280	Chr1	100.000	31	0	30	60	2185118	2185088	4.71e-09	60
ERR21887219280	Chr4	94.828	58	3	1	58	493176	493233	4.64e-19	60
ERR21887211456	Chr8	100.000	60	0	1	60	119298	119357	3.56e-25	60
ERR21887211456	Chr8	100.000	60	0	1	60	136265	136206	3.56e-25	60
ERR21887211456	Chr8	100.000	60	0	1	60	410047	410106	3.56e-25	60
ERR21887211456	Chr8	100.000	60	0	1	60	569249	569190	3.56e-25	60
ERR21887211456	Chr8	100.000	60	0	1	60	834040	833981	3.56e-25	60
ERR21887211456	Chr8	100.000	60	0	1	60	1624605	1624546	3.56e-25	60
ERR21887211456	Chr8	98.333	60	1	1	60	196166	196225	1.66e-23	60
ERR21887211456	Chr8	98.333	60	1	1	60	226277	226218	1.66e-23	60
ERR21887211456	Chr8	98.333	60	1	1	60	350074	350015	1.66e-23	60
ERR21887211456	Chr8	98.333	60	1	1	60	432545	432486	1.66e-23	60
ERR21887211456	Chr8	98.333	60	1	1	60	462892	462951	1.66e-23	60
ERR21887211456	Chr8	98.333	60	1	1	60	494202	494143	1.66e-23	60
ERR21887211456	Chr8	98.333	60	1	1	60	531577	531636	1.66e-23	60
ERR21887211456	Chr8	98.333	60	1	1	60	567466	567407	1.66e-23	60
ERR21887211456	Chr8	98.333	60	1	1	60	702174	702115	1.66e-23	60
ERR21887211456	Chr8	98.333	60	1	1	60	899454	899395	1.66e-23	60
ERR21887211456	Chr8	98.333	60	1	1	60	1162940	1162881	1.66e-23	60
ERR21887211456	Chr8	98.333	60	1	1	60	1492802	1492861	1.66e-23	60
ERR21887211456	Chr8	98.333	60	1	1	60	1751903	1751962	1.66e-23	60
ERR21887211456	Chr8	98.333	60	1	1	60	1803188	1803129	1.66e-23	60
ERR21887211456	Chr8	98.276	58	1	1	58	1553681	1553738	2.14e-22	60
ERR21887211456	Chr8	98.276	58	1	1	58	1736527	1736584	2.14e-22	60
ERR21887211456	Chr8	98.276	58	1	1	58	1818567	1818510	2.14e-22	60
ERR21887211456	Chr3	100.000	60	0	1	60	1890602	1890661	3.56e-25	60
ERR21887211456	Chr3	98.333	60	1	1	60	1145183	1145124	1.66e-23	60
ERR21887211456	Chr3	91.379	58	5	1	58	7526359	7526302	1.00e-15	60
ERR21887211456	Chr3	100.000	29	0	32	60	8205533	8205561	6.09e-08	60
ERR21887211456	Chr2	100.000	60	0	1	60	4540027	4539968	3.56e-25	60
ERR21887211456	Chr2	100.000	60	0	1	60	6755318	6755377	3.56e-25	60
ERR21887211456	Chr1	98.333	60	1	1	60	2150512	2150571	1.66e-23	60
ERR21887211456	Chr1	98.333	60	1	1	60	2463171	2463112	1.66e-23	60
ERR21887211456	Chr1	93.103	58	4	1	58	456063	456006	2.16e-17	60
ERR21887211456	Chr1	93.103	58	4	1	58	514787	514844	2.16e-17	60
ERR21887211456	Chr1	93.103	58	4	1	58	1374705	1374648	2.16e-17	60
ERR21887211456	Chr1	100.000	28	0	33	60	2185118	2185091	2.19e-07	60
ERR21887211456	Chr4	95.000	60	3	1	60	493173	493232	3.59e-20	60
ERR21887218088	Chr8	100.000	55	0	1	55	119380	119326	1.87e-22	55
ERR21887218088	Chr8	100.000	55	0	1	55	136183	136237	1.87e-22	55
ERR21887218088	Chr8	100.000	55	0	1	55	410129	410075	1.87e-22	55
ERR21887218088	Chr8	100.000	55	0	1	55	569167	569221	1.87e-22	55
ERR21887218088	Chr8	100.000	55	0	1	55	833958	834012	1.87e-22	55
ERR21887218088	Chr8	100.000	55	0	1	55	1624523	1624577	1.87e-22	55
ERR21887218088	Chr8	98.182	55	1	1	55	226195	226249	8.70e-21	55
ERR21887218088	Chr8	98.182	55	1	1	55	349992	350046	8.70e-21	55
ERR21887218088	Chr8	98.182	55	1	1	55	432463	432517	8.70e-21	55
ERR21887218088	Chr8	98.182	55	1	1	55	462974	462920	8.70e-21	55
ERR21887218088	Chr8	98.182	55	1	1	55	494120	494174	8.70e-21	55
ERR21887218088	Chr8	98.182	55	1	1	55	531659	531605	8.70e-21	55
ERR21887218088	Chr8	98.182	55	1	1	55	567384	567438	8.70e-21	55
ERR21887218088	Chr8	98.182	55	1	1	55	702092	702146	8.70e-21	55
ERR21887218088	Chr8	98.182	55	1	1	55	1162858	1162912	8.70e-21	55
ERR21887218088	Chr8	96.364	55	2	1	55	196248	196194	4.05e-19	55
ERR21887218088	Chr8	96.364	55	2	1	55	899372	899426	4.05e-19	55
ERR21887218088	Chr8	96.364	55	2	1	55	1255693	1255747	4.05e-19	55
ERR21887218088	Chr8	96.364	55	2	1	55	1492884	1492830	4.05e-19	55
ERR21887218088	Chr8	96.364	55	2	1	55	1553763	1553709	4.05e-19	55
ERR21887218088	Chr8	96.364	55	2	1	55	1736609	1736555	4.05e-19	55
ERR21887218088	Chr8	96.364	55	2	1	55	1751985	1751931	4.05e-19	55
ERR21887218088	Chr8	96.364	55	2	1	55	1803106	1803160	4.05e-19	55
ERR21887218088	Chr8	96.364	55	2	1	55	1818485	1818539	4.05e-19	55
ERR21887218088	Chr3	100.000	55	0	1	55	1890684	1890630	1.87e-22	55
ERR21887218088	Chr3	96.364	55	2	1	55	1145101	1145155	4.05e-19	55
ERR21887218088	Chr3	94.231	52	3	1	52	8205584	8205533	8.76e-16	55
ERR21887218088	Chr3	92.000	50	4	1	50	8080462	8080413	5.27e-13	55
ERR21887218088	Chr3	84.906	53	8	1	53	7526277	7526329	5.31e-08	55
ERR21887218088	Chr2	100.000	55	0	1	55	4539945	4539999	1.87e-22	55
ERR21887218088	Chr2	100.000	55	0	1	55	6755400	6755346	1.87e-22	55
ERR21887218088	Chr1	98.182	55	1	1	55	2463089	2463143	8.70e-21	55
ERR21887218088	Chr1	96.364	55	2	1	55	2150594	2150540	4.05e-19	55
ERR21887218088	Chr1	98.039	51	1	1	51	2185068	2185118	1.46e-18	55
ERR21887218088	Chr1	86.538	52	7	2	53	455982	456033	4.10e-09	55
ERR21887218088	Chr4	90.000	50	5	1	50	493255	493206	2.45e-11	55
ERR218872180	Chr6	97.297	37	1	24	60	585003	584967	1.01e-10	60
ERR2188721616	Chr1	100.000	60	0	1	60	6626699	6626758	3.56e-25	60
ERR21887216160	Chr7	100.000	52	0	1	52	3471007	3471058	7.93e-21	52
ERR21887215408	Chr6	100.000	60	0	1	60	5003925	5003984	3.56e-25	60
ERR21887211576	Chr8	98.333	60	1	1	60	20583	20524	1.66e-23	60
ERR21887211576	Chr8	98.333	60	1	1	60	1291512	1291453	1.66e-23	60
ERR21887211576	Chr8	98.333	60	1	1	60	1632756	1632697	1.66e-23	60
ERR21887211576	Chr8	95.000	60	3	1	60	751178	751119	3.59e-20	60
ERR21887211576	Chr5	98.333	60	1	1	60	1676454	1676513	1.66e-23	60
ERR21887211576	Chr4	98.333	60	1	1	60	362757	362816	1.66e-23	60
ERR21887211576	Chr1	98.333	60	1	1	60	453315	453256	1.66e-23	60
ERR21887211576	Chr1	96.667	60	2	1	60	1881663	1881604	7.71e-22	60
ERR21887211576	Chr3	95.000	60	3	1	60	6620967	6620908	3.59e-20	60
ERR21887214904	Chr8	100.000	60	0	1	60	259917	259858	3.56e-25	60
ERR21887214904	Chr8	100.000	60	0	1	60	329956	329897	3.56e-25	60
ERR21887214904	Chr8	100.000	60	0	1	60	335845	335786	3.56e-25	60
ERR21887214904	Chr8	100.000	60	0	1	60	354641	354700	3.56e-25	60
ERR21887214904	Chr8	100.000	60	0	1	60	544885	544826	3.56e-25	60
ERR21887214904	Chr8	100.000	60	0	1	60	553925	553866	3.56e-25	60
ERR21887214904	Chr8	100.000	60	0	1	60	612306	612365	3.56e-25	60
ERR21887214904	Chr8	100.000	60	0	1	60	622760	622701	3.56e-25	60
ERR21887214904	Chr8	100.000	60	0	1	60	628653	628594	3.56e-25	60
ERR21887214904	Chr8	100.000	60	0	1	60	756227	756286	3.56e-25	60
ERR21887214904	Chr8	100.000	60	0	1	60	794779	794720	3.56e-25	60
ERR21887214904	Chr8	100.000	60	0	1	60	891890	891949	3.56e-25	60
ERR21887214904	Chr8	100.000	60	0	1	60	897782	897841	3.56e-25	60
ERR21887214904	Chr8	100.000	60	0	1	60	931834	931775	3.56e-25	60
ERR21887214904	Chr8	100.000	60	0	1	60	1003064	1003123	3.56e-25	60
ERR21887214904	Chr8	100.000	60	0	1	60	1216030	1215971	3.56e-25	60
ERR21887214904	Chr8	100.000	60	0	1	60	1294780	1294839	3.56e-25	60
ERR21887214904	Chr8	100.000	60	0	1	60	1300672	1300731	3.56e-25	60
ERR21887214904	Chr8	100.000	60	0	1	60	1306564	1306623	3.56e-25	60
ERR21887214904	Chr8	100.000	60	0	1	60	1312456	1312515	3.56e-25	60
ERR21887214904	Chr8	100.000	60	0	1	60	1318348	1318407	3.56e-25	60
ERR21887214904	Chr8	100.000	60	0	1	60	1324242	1324301	3.56e-25	60
ERR21887214904	Chr8	100.000	60	0	1	60	1411726	1411667	3.56e-25	60
ERR21887214904	Chr8	100.000	60	0	1	60	1444620	1444561	3.56e-25	60
ERR21887214904	Chr8	100.000	60	0	1	60	1450512	1450453	3.56e-25	60
ERR21887214904	Chr8	100.000	60	0	1	60	1552924	1552865	3.56e-25	60
ERR21887214904	Chr8	100.000	60	0	1	60	1596493	1596434	3.56e-25	60
ERR21887214904	Chr8	100.000	60	0	1	60	1597057	1596998	3.56e-25	60
ERR21887214904	Chr8	100.000	60	0	1	60	1735770	1735711	3.56e-25	60
ERR21887214904	Chr8	100.000	60	0	1	60	1819324	1819383	3.56e-25	60
ERR21887214904	Chr8	100.000	59	0	2	60	554729	554787	1.28e-24	60
ERR21887214904	Chr8	100.000	59	0	1	59	1143142	1143200	1.28e-24	60
ERR21887214904	Chr8	98.333	60	1	1	60	364219	364278	1.66e-23	60
ERR21887214904	Chr8	98.333	60	1	1	60	1659203	1659262	1.66e-23	60
ERR21887214904	Chr8	98.305	59	1	1	59	257356	257414	5.96e-23	60
ERR21887214904	Chr8	98.305	59	1	2	60	764408	764350	5.96e-23	60
ERR21887214904	Chr8	98.305	59	1	1	59	792218	792276	5.96e-23	60
ERR21887214904	Chr8	100.000	43	0	18	60	1429851	1429893	1.00e-15	60
ERR21887214904	Chr8	97.778	45	1	1	45	1158164	1158208	3.61e-15	60
ERR21887214904	Chr7	100.000	60	0	1	60	22517	22576	3.56e-25	60
ERR21887214904	Chr7	100.000	60	0	1	60	560677	560618	3.56e-25	60
ERR21887214904	Chr7	100.000	60	0	1	60	3956054	3955995	3.56e-25	60
ERR21887214904	Chr7	98.333	60	1	1	60	3967513	3967572	1.66e-23	60
ERR21887214904	Chr7	97.778	45	1	1	45	3955442	3955486	3.61e-15	60
ERR21887214904	Chr3	100.000	60	0	1	60	1615078	1615137	3.56e-25	60
ERR21887214904	Chr3	100.000	60	0	1	60	2596215	2596156	3.56e-25	60
ERR21887214904	Chr3	100.000	60	0	1	60	2743284	2743343	3.56e-25	60
ERR21887214904	Chr3	100.000	60	0	1	60	2834454	2834513	3.56e-25	60
ERR21887214904	Chr3	100.000	60	0	1	60	2840344	2840403	3.56e-25	60
ERR21887214904	Chr3	100.000	60	0	1	60	7758491	7758432	3.56e-25	60
ERR21887214904	Chr3	100.000	60	0	1	60	8074902	8074961	3.56e-25	60
ERR21887214904	Chr3	98.333	60	1	1	60	2588621	2588562	1.66e-23	60
ERR21887214904	Chr3	98.333	60	1	1	60	7836015	7836074	1.66e-23	60
ERR21887214904	Chr3	98.333	60	1	1	60	8074550	8074491	1.66e-23	60
ERR21887214904	Chr3	98.333	60	1	1	60	8147766	8147707	1.66e-23	60
ERR21887214904	Chr3	98.305	59	1	2	60	1977822	1977764	5.96e-23	60
ERR21887214904	Chr3	98.305	59	1	2	60	7858538	7858596	5.96e-23	60
ERR21887214904	Chr3	96.667	60	2	1	60	2574194	2574135	7.71e-22	60
ERR21887214904	Chr3	96.667	60	2	1	60	7649647	7649706	7.71e-22	60
ERR21887214904	Chr3	96.610	59	2	2	60	2589592	2589650	2.77e-21	60
ERR21887214904	Chr3	96.610	59	2	2	60	8193980	8194038	2.77e-21	60
ERR21887214904	Chr3	91.379	58	1	1	57	7748422	7748368	1.30e-14	60
ERR21887214904	Chr2	100.000	60	0	1	60	7396751	7396692	3.56e-25	60
ERR21887214904	Chr2	100.000	59	0	2	60	18556	18614	1.28e-24	60
ERR21887214904	Chr1	100.000	60	0	1	60	393033	393092	3.56e-25	60
ERR21887214904	Chr1	100.000	60	0	1	60	399907	399966	3.56e-25	60
ERR21887214904	Chr1	100.000	60	0	1	60	409246	409187	3.56e-25	60
ERR21887214904	Chr1	100.000	60	0	1	60	540815	540874	3.56e-25	60
ERR21887214904	Chr1	100.000	60	0	1	60	1292177	1292236	3.56e-25	60
ERR21887214904	Chr1	100.000	60	0	1	60	2289571	2289630	3.56e-25	60
ERR21887214904	Chr1	100.000	60	0	1	60	2306862	2306803	3.56e-25	60
ERR21887214904	Chr1	100.000	60	0	1	60	6382805	6382864	3.56e-25	60
ERR21887214904	Chr1	100.000	60	0	1	60	6654727	6654668	3.56e-25	60
ERR21887214904	Chr1	98.333	60	1	1	60	513626	513567	1.66e-23	60
ERR21887214904	Chr1	98.333	60	1	1	60	2201617	2201676	1.66e-23	60
ERR21887214904	Chr1	98.305	59	1	2	60	6644093	6644035	5.96e-23	60
ERR21887214904	Chr1	98.276	58	1	1	58	6660628	6660685	2.14e-22	60
ERR21887214904	Chr1	96.667	60	2	1	60	2286232	2286291	7.71e-22	60
ERR21887214904	Chr1	93.333	60	4	1	60	554989	555048	1.67e-18	60
ERR21887214904	Chr1	93.333	60	4	1	60	1261212	1261271	1.67e-18	60
ERR21887214904	Chr1	91.667	60	5	1	60	442447	442388	7.77e-17	60
ERR21887214904	Chr1	91.667	60	2	1	60	2115498	2115442	1.00e-15	60
ERR21887214904	Chr1	95.833	48	2	1	48	2213605	2213558	3.61e-15	60
ERR21887214904	Chr1	93.750	48	3	1	48	6381928	6381881	1.68e-13	60
ERR21887214936	Chr7	100.000	60	0	1	60	560683	560624	3.56e-25	60
ERR21887214936	Chr7	100.000	57	0	4	60	22514	22570	1.66e-23	60
ERR21887214936	Chr7	100.000	57	0	4	60	3956057	3956001	1.66e-23	60
ERR21887214936	Chr7	98.246	57	1	4	60	3967510	3967566	7.71e-22	60
ERR21887214936	Chr7	98.039	51	1	1	51	3955436	3955486	1.67e-18	60
ERR21887214936	Chr8	100.000	59	0	2	60	329961	329903	1.28e-24	60
ERR21887214936	Chr8	100.000	59	0	2	60	622765	622707	1.28e-24	60
ERR21887214936	Chr8	100.000	59	0	2	60	897777	897835	1.28e-24	60
ERR21887214936	Chr8	100.000	59	0	2	60	1300667	1300725	1.28e-24	60
ERR21887214936	Chr8	100.000	59	0	2	60	1306559	1306617	1.28e-24	60
ERR21887214936	Chr8	100.000	59	0	2	60	1312451	1312509	1.28e-24	60
ERR21887214936	Chr8	100.000	59	0	2	60	1318343	1318401	1.28e-24	60
ERR21887214936	Chr8	100.000	59	0	2	60	1324237	1324295	1.28e-24	60
ERR21887214936	Chr8	100.000	59	0	2	60	1444625	1444567	1.28e-24	60
ERR21887214936	Chr8	100.000	58	0	3	60	544889	544832	4.61e-24	60
ERR21887214936	Chr8	100.000	57	0	4	60	335848	335792	1.66e-23	60
ERR21887214936	Chr8	98.361	61	0	1	60	354634	354694	1.66e-23	60
ERR21887214936	Chr8	98.333	60	1	1	60	364213	364272	1.66e-23	60
ERR21887214936	Chr8	100.000	57	0	4	60	553928	553872	1.66e-23	60
ERR21887214936	Chr8	100.000	57	0	4	60	612303	612359	1.66e-23	60
ERR21887214936	Chr8	100.000	57	0	4	60	628656	628600	1.66e-23	60
ERR21887214936	Chr8	100.000	57	0	4	60	756224	756280	1.66e-23	60
ERR21887214936	Chr8	100.000	57	0	4	60	794782	794726	1.66e-23	60
ERR21887214936	Chr8	100.000	57	0	4	60	891887	891943	1.66e-23	60
ERR21887214936	Chr8	100.000	57	0	4	60	931837	931781	1.66e-23	60
ERR21887214936	Chr8	100.000	57	0	4	60	1003061	1003117	1.66e-23	60
ERR21887214936	Chr8	100.000	57	0	4	60	1143139	1143195	1.66e-23	60
ERR21887214936	Chr8	100.000	57	0	4	60	1216033	1215977	1.66e-23	60
ERR21887214936	Chr8	100.000	57	0	4	60	1294777	1294833	1.66e-23	60
ERR21887214936	Chr8	100.000	57	0	4	60	1411729	1411673	1.66e-23	60
ERR21887214936	Chr8	100.000	57	0	4	60	1450515	1450459	1.66e-23	60
ERR21887214936	Chr8	100.000	57	0	4	60	1552927	1552871	1.66e-23	60
ERR21887214936	Chr8	100.000	57	0	4	60	1596496	1596440	1.66e-23	60
ERR21887214936	Chr8	100.000	57	0	4	60	1597060	1597004	1.66e-23	60
ERR21887214936	Chr8	100.000	57	0	4	60	1735773	1735717	1.66e-23	60
ERR21887214936	Chr8	100.000	57	0	4	60	1819321	1819377	1.66e-23	60
ERR21887214936	Chr8	100.000	56	0	5	60	259919	259864	5.96e-23	60
ERR21887214936	Chr8	98.246	57	1	4	60	257353	257409	7.71e-22	60
ERR21887214936	Chr8	98.246	57	1	4	60	554725	554781	7.71e-22	60
ERR21887214936	Chr8	98.246	57	1	4	60	792215	792271	7.71e-22	60
ERR21887214936	Chr8	98.246	57	1	4	60	1659200	1659256	7.71e-22	60
ERR21887214936	Chr8	96.491	57	2	4	60	764412	764356	3.59e-20	60
ERR21887214936	Chr8	97.917	48	1	4	51	1158161	1158208	7.77e-17	60
ERR21887214936	Chr8	100.000	37	0	24	60	1429851	1429887	2.17e-12	60
ERR21887214936	Chr8	100.000	28	0	2	29	1429631	1429658	2.19e-07	60
ERR21887214936	Chr3	100.000	59	0	2	60	2840339	2840397	1.28e-24	60
ERR21887214936	Chr3	100.000	58	0	3	60	2834450	2834507	4.61e-24	60
ERR21887214936	Chr3	98.333	60	1	1	60	1615072	1615131	1.66e-23	60
ERR21887214936	Chr3	100.000	57	0	4	60	2596218	2596162	1.66e-23	60
ERR21887214936	Chr3	100.000	57	0	4	60	2743281	2743337	1.66e-23	60
ERR21887214936	Chr3	100.000	57	0	4	60	7758494	7758438	1.66e-23	60
ERR21887214936	Chr3	100.000	57	0	4	60	8074899	8074955	1.66e-23	60
ERR21887214936	Chr3	98.305	59	1	2	60	8147771	8147713	5.96e-23	60
ERR21887214936	Chr3	98.246	57	1	4	60	2588624	2588568	7.71e-22	60
ERR21887214936	Chr3	98.246	57	1	4	60	7836012	7836068	7.71e-22	60
ERR21887214936	Chr3	98.246	57	1	4	60	8074553	8074497	7.71e-22	60
ERR21887214936	Chr3	96.491	57	2	4	60	1977826	1977770	3.59e-20	60
ERR21887214936	Chr3	96.491	57	2	4	60	7649644	7649700	3.59e-20	60
ERR21887214936	Chr3	96.491	57	2	4	60	7858534	7858590	3.59e-20	60
ERR21887214936	Chr3	96.429	56	2	4	59	8193976	8194031	1.29e-19	60
ERR21887214936	Chr3	96.364	55	2	6	60	2574195	2574141	4.64e-19	60
ERR21887214936	Chr3	93.333	60	4	1	60	2589585	2589644	1.67e-18	60
ERR21887214936	Chr3	94.000	50	2	6	54	7748423	7748374	4.67e-14	60
ERR21887214936	Chr1	100.000	58	0	3	60	2306866	2306809	4.61e-24	60
ERR21887214936	Chr1	100.000	58	0	3	60	6382801	6382858	4.61e-24	60
ERR21887214936	Chr1	100.000	57	0	4	60	393030	393086	1.66e-23	60
ERR21887214936	Chr1	98.333	60	1	1	60	399901	399960	1.66e-23	60
ERR21887214936	Chr1	100.000	57	0	4	60	409249	409193	1.66e-23	60
ERR21887214936	Chr1	100.000	57	0	4	60	540812	540868	1.66e-23	60
ERR21887214936	Chr1	100.000	57	0	4	60	1292174	1292230	1.66e-23	60
ERR21887214936	Chr1	100.000	57	0	4	60	2289568	2289624	1.66e-23	60
ERR21887214936	Chr1	100.000	57	0	4	60	6654730	6654674	1.66e-23	60
ERR21887214936	Chr1	98.246	57	1	4	60	513629	513573	7.71e-22	60
ERR21887214936	Chr1	98.246	57	1	4	60	2201614	2201670	7.71e-22	60
ERR21887214936	Chr1	96.667	60	2	1	60	6660622	6660681	7.71e-22	60
ERR21887214936	Chr1	96.491	57	2	4	60	2286229	2286285	3.59e-20	60
ERR21887214936	Chr1	93.220	59	4	2	60	1261207	1261265	6.00e-18	60
ERR21887214936	Chr1	93.220	59	4	2	60	6648847	6648789	6.00e-18	60
ERR21887214936	Chr1	93.103	58	4	3	60	554985	555042	2.16e-17	60
ERR21887214936	Chr1	96.154	52	2	3	54	2213609	2213558	2.16e-17	60
ERR21887214936	Chr1	92.857	56	4	4	59	442450	442395	2.79e-16	60
ERR21887214936	Chr1	94.118	51	3	4	54	6381931	6381881	3.61e-15	60
ERR21887214936	Chr1	91.228	57	2	4	60	2115501	2115448	4.67e-14	60
ERR21887214936	Chr2	100.000	57	0	4	60	7396754	7396698	1.66e-23	60
ERR21887214936	Chr2	98.246	57	1	4	60	18552	18608	7.71e-22	60
ERR21887218472	Chr8	100.000	60	0	1	60	259917	259858	3.56e-25	60
ERR21887218472	Chr8	100.000	60	0	1	60	329956	329897	3.56e-25	60
ERR21887218472	Chr8	100.000	60	0	1	60	335845	335786	3.56e-25	60
ERR21887218472	Chr8	100.000	60	0	1	60	354641	354700	3.56e-25	60
ERR21887218472	Chr8	100.000	60	0	1	60	544885	544826	3.56e-25	60
ERR21887218472	Chr8	100.000	60	0	1	60	553925	553866	3.56e-25	60
ERR21887218472	Chr8	100.000	60	0	1	60	612306	612365	3.56e-25	60
ERR21887218472	Chr8	100.000	60	0	1	60	622760	622701	3.56e-25	60
ERR21887218472	Chr8	100.000	60	0	1	60	628653	628594	3.56e-25	60
ERR21887218472	Chr8	100.000	60	0	1	60	756227	756286	3.56e-25	60
ERR21887218472	Chr8	100.000	60	0	1	60	794779	794720	3.56e-25	60
ERR21887218472	Chr8	100.000	60	0	1	60	891890	891949	3.56e-25	60
ERR21887218472	Chr8	100.000	60	0	1	60	897782	897841	3.56e-25	60
ERR21887218472	Chr8	100.000	60	0	1	60	931834	931775	3.56e-25	60
ERR21887218472	Chr8	100.000	60	0	1	60	1003064	1003123	3.56e-25	60
ERR21887218472	Chr8	100.000	60	0	1	60	1216030	1215971	3.56e-25	60
ERR21887218472	Chr8	100.000	60	0	1	60	1294780	1294839	3.56e-25	60
ERR21887218472	Chr8	100.000	60	0	1	60	1300672	1300731	3.56e-25	60
ERR21887218472	Chr8	100.000	60	0	1	60	1306564	1306623	3.56e-25	60
ERR21887218472	Chr8	100.000	60	0	1	60	1312456	1312515	3.56e-25	60
ERR21887218472	Chr8	100.000	60	0	1	60	1318348	1318407	3.56e-25	60
ERR21887218472	Chr8	100.000	60	0	1	60	1324242	1324301	3.56e-25	60
ERR21887218472	Chr8	100.000	60	0	1	60	1411726	1411667	3.56e-25	60
ERR21887218472	Chr8	100.000	60	0	1	60	1444620	1444561	3.56e-25	60
ERR21887218472	Chr8	100.000	60	0	1	60	1450512	1450453	3.56e-25	60
ERR21887218472	Chr8	100.000	60	0	1	60	1552924	1552865	3.56e-25	60
ERR21887218472	Chr8	100.000	60	0	1	60	1596493	1596434	3.56e-25	60
ERR21887218472	Chr8	100.000	60	0	1	60	1597057	1596998	3.56e-25	60
ERR21887218472	Chr8	100.000	60	0	1	60	1735770	1735711	3.56e-25	60
ERR21887218472	Chr8	100.000	60	0	1	60	1819324	1819383	3.56e-25	60
ERR21887218472	Chr8	100.000	59	0	2	60	554729	554787	1.28e-24	60
ERR21887218472	Chr8	100.000	59	0	1	59	1143142	1143200	1.28e-24	60
ERR21887218472	Chr8	98.333	60	1	1	60	364219	364278	1.66e-23	60
ERR21887218472	Chr8	98.333	60	1	1	60	1659203	1659262	1.66e-23	60
ERR21887218472	Chr8	98.305	59	1	1	59	257356	257414	5.96e-23	60
ERR21887218472	Chr8	98.305	59	1	2	60	764408	764350	5.96e-23	60
ERR21887218472	Chr8	98.305	59	1	1	59	792218	792276	5.96e-23	60
ERR21887218472	Chr8	100.000	43	0	18	60	1429851	1429893	1.00e-15	60
ERR21887218472	Chr8	97.778	45	1	1	45	1158164	1158208	3.61e-15	60
ERR21887218472	Chr7	100.000	60	0	1	60	22517	22576	3.56e-25	60
ERR21887218472	Chr7	100.000	60	0	1	60	560677	560618	3.56e-25	60
ERR21887218472	Chr7	100.000	60	0	1	60	3956054	3955995	3.56e-25	60
ERR21887218472	Chr7	98.333	60	1	1	60	3967513	3967572	1.66e-23	60
ERR21887218472	Chr7	97.778	45	1	1	45	3955442	3955486	3.61e-15	60
ERR21887218472	Chr3	100.000	60	0	1	60	1615078	1615137	3.56e-25	60
ERR21887218472	Chr3	100.000	60	0	1	60	2596215	2596156	3.56e-25	60
ERR21887218472	Chr3	100.000	60	0	1	60	2743284	2743343	3.56e-25	60
ERR21887218472	Chr3	100.000	60	0	1	60	2834454	2834513	3.56e-25	60
ERR21887218472	Chr3	100.000	60	0	1	60	2840344	2840403	3.56e-25	60
ERR21887218472	Chr3	100.000	60	0	1	60	7758491	7758432	3.56e-25	60
ERR21887218472	Chr3	100.000	60	0	1	60	8074902	8074961	3.56e-25	60
ERR21887218472	Chr3	98.333	60	1	1	60	2588621	2588562	1.66e-23	60
ERR21887218472	Chr3	98.333	60	1	1	60	7836015	7836074	1.66e-23	60
ERR21887218472	Chr3	98.333	60	1	1	60	8074550	8074491	1.66e-23	60
ERR21887218472	Chr3	98.333	60	1	1	60	8147766	8147707	1.66e-23	60
ERR21887218472	Chr3	98.305	59	1	2	60	1977822	1977764	5.96e-23	60
ERR21887218472	Chr3	98.305	59	1	2	60	7858538	7858596	5.96e-23	60
ERR21887218472	Chr3	96.667	60	2	1	60	2574194	2574135	7.71e-22	60
ERR21887218472	Chr3	96.667	60	2	1	60	7649647	7649706	7.71e-22	60
ERR21887218472	Chr3	96.610	59	2	2	60	2589592	2589650	2.77e-21	60
ERR21887218472	Chr3	96.610	59	2	2	60	8193980	8194038	2.77e-21	60
ERR21887218472	Chr3	91.379	58	1	1	57	7748422	7748368	1.30e-14	60
ERR21887218472	Chr2	100.000	60	0	1	60	7396751	7396692	3.56e-25	60
ERR21887218472	Chr2	100.000	59	0	2	60	18556	18614	1.28e-24	60
ERR21887218472	Chr1	100.000	60	0	1	60	393033	393092	3.56e-25	60
ERR21887218472	Chr1	100.000	60	0	1	60	399907	399966	3.56e-25	60
ERR21887218472	Chr1	100.000	60	0	1	60	409246	409187	3.56e-25	60
ERR21887218472	Chr1	100.000	60	0	1	60	540815	540874	3.56e-25	60
ERR21887218472	Chr1	100.000	60	0	1	60	1292177	1292236	3.56e-25	60
ERR21887218472	Chr1	100.000	60	0	1	60	2289571	2289630	3.56e-25	60
ERR21887218472	Chr1	100.000	60	0	1	60	2306862	2306803	3.56e-25	60
ERR21887218472	Chr1	100.000	60	0	1	60	6382805	6382864	3.56e-25	60
ERR21887218472	Chr1	100.000	60	0	1	60	6654727	6654668	3.56e-25	60
ERR21887218472	Chr1	98.333	60	1	1	60	513626	513567	1.66e-23	60
ERR21887218472	Chr1	98.333	60	1	1	60	2201617	2201676	1.66e-23	60
ERR21887218472	Chr1	98.305	59	1	2	60	6644093	6644035	5.96e-23	60
ERR21887218472	Chr1	98.276	58	1	1	58	6660628	6660685	2.14e-22	60
ERR21887218472	Chr1	96.667	60	2	1	60	2286232	2286291	7.71e-22	60
ERR21887218472	Chr1	93.333	60	4	1	60	554989	555048	1.67e-18	60
ERR21887218472	Chr1	93.333	60	4	1	60	1261212	1261271	1.67e-18	60
ERR21887218472	Chr1	91.667	60	5	1	60	442447	442388	7.77e-17	60
ERR21887218472	Chr1	91.667	60	2	1	60	2115498	2115442	1.00e-15	60
ERR21887218472	Chr1	95.833	48	2	1	48	2213605	2213558	3.61e-15	60
ERR21887218472	Chr1	93.750	48	3	1	48	6381928	6381881	1.68e-13	60
ERR21887217800	Chr8	100.000	60	0	1	60	259906	259847	3.56e-25	60
ERR21887217800	Chr8	100.000	60	0	1	60	329945	329886	3.56e-25	60
ERR21887217800	Chr8	100.000	60	0	1	60	335834	335775	3.56e-25	60
ERR21887217800	Chr8	100.000	60	0	1	60	354652	354711	3.56e-25	60
ERR21887217800	Chr8	100.000	60	0	1	60	544874	544815	3.56e-25	60
ERR21887217800	Chr8	100.000	60	0	1	60	553914	553855	3.56e-25	60
ERR21887217800	Chr8	100.000	60	0	1	60	554739	554798	3.56e-25	60
ERR21887217800	Chr8	100.000	60	0	1	60	612317	612376	3.56e-25	60
ERR21887217800	Chr8	100.000	60	0	1	60	622749	622690	3.56e-25	60
ERR21887217800	Chr8	100.000	60	0	1	60	628642	628583	3.56e-25	60
ERR21887217800	Chr8	100.000	60	0	1	60	756238	756297	3.56e-25	60
ERR21887217800	Chr8	100.000	60	0	1	60	794768	794709	3.56e-25	60
ERR21887217800	Chr8	100.000	60	0	1	60	891901	891960	3.56e-25	60
ERR21887217800	Chr8	100.000	60	0	1	60	897793	897852	3.56e-25	60
ERR21887217800	Chr8	100.000	60	0	1	60	931823	931764	3.56e-25	60
ERR21887217800	Chr8	100.000	60	0	1	60	1003075	1003134	3.56e-25	60
ERR21887217800	Chr8	100.000	60	0	1	60	1216019	1215960	3.56e-25	60
ERR21887217800	Chr8	100.000	60	0	1	60	1294791	1294850	3.56e-25	60
ERR21887217800	Chr8	100.000	60	0	1	60	1300683	1300742	3.56e-25	60
ERR21887217800	Chr8	100.000	60	0	1	60	1306575	1306634	3.56e-25	60
ERR21887217800	Chr8	100.000	60	0	1	60	1312467	1312526	3.56e-25	60
ERR21887217800	Chr8	100.000	60	0	1	60	1318359	1318418	3.56e-25	60
ERR21887217800	Chr8	100.000	60	0	1	60	1324253	1324312	3.56e-25	60
ERR21887217800	Chr8	100.000	60	0	1	60	1411715	1411656	3.56e-25	60
ERR21887217800	Chr8	100.000	60	0	1	60	1444609	1444550	3.56e-25	60
ERR21887217800	Chr8	100.000	60	0	1	60	1450501	1450442	3.56e-25	60
ERR21887217800	Chr8	100.000	60	0	1	60	1552913	1552854	3.56e-25	60
ERR21887217800	Chr8	100.000	60	0	1	60	1596482	1596423	3.56e-25	60
ERR21887217800	Chr8	100.000	60	0	1	60	1597046	1596987	3.56e-25	60
ERR21887217800	Chr8	100.000	60	0	1	60	1735759	1735700	3.56e-25	60
ERR21887217800	Chr8	100.000	60	0	1	60	1819335	1819394	3.56e-25	60
ERR21887217800	Chr8	98.333	60	1	1	60	364230	364289	1.66e-23	60
ERR21887217800	Chr8	98.333	60	1	1	60	1659214	1659273	1.66e-23	60
ERR21887217800	Chr8	96.667	60	2	1	60	257367	257426	7.71e-22	60
ERR21887217800	Chr8	96.667	60	2	1	60	764398	764339	7.71e-22	60
ERR21887217800	Chr8	96.667	60	2	1	60	792229	792288	7.71e-22	60
ERR21887217800	Chr8	100.000	54	0	7	60	1429851	1429904	7.71e-22	60
ERR21887217800	Chr8	100.000	48	0	1	48	1143153	1143200	1.67e-18	60
ERR21887217800	Chr8	87.692	65	1	1	58	1158175	1158239	2.17e-12	60
ERR21887217800	Chr7	100.000	60	0	1	60	22528	22587	3.56e-25	60
ERR21887217800	Chr7	100.000	60	0	1	60	560666	560607	3.56e-25	60
ERR21887217800	Chr7	100.000	60	0	1	60	3956043	3955984	3.56e-25	60
ERR21887217800	Chr7	98.333	60	1	1	60	3967524	3967583	1.66e-23	60
ERR21887217800	Chr7	87.692	65	1	1	58	3955453	3955517	2.17e-12	60
ERR21887217800	Chr3	100.000	60	0	1	60	1615089	1615148	3.56e-25	60
ERR21887217800	Chr3	100.000	60	0	1	60	1977812	1977753	3.56e-25	60
ERR21887217800	Chr3	100.000	60	0	1	60	2743295	2743354	3.56e-25	60
ERR21887217800	Chr3	100.000	60	0	1	60	2834465	2834524	3.56e-25	60
ERR21887217800	Chr3	100.000	60	0	1	60	2840355	2840414	3.56e-25	60
ERR21887217800	Chr3	100.000	60	0	1	60	7758480	7758421	3.56e-25	60
ERR21887217800	Chr3	100.000	60	0	1	60	7836026	7836085	3.56e-25	60
ERR21887217800	Chr3	100.000	60	0	1	60	8074913	8074972	3.56e-25	60
ERR21887217800	Chr3	98.333	60	1	1	60	2588610	2588551	1.66e-23	60
ERR21887217800	Chr3	98.333	60	1	1	60	7858548	7858607	1.66e-23	60
ERR21887217800	Chr3	98.333	60	1	1	60	8074539	8074480	1.66e-23	60
ERR21887217800	Chr3	98.333	60	1	1	60	8147755	8147696	1.66e-23	60
ERR21887217800	Chr3	98.305	59	1	1	59	2750658	2750600	5.96e-23	60
ERR21887217800	Chr3	98.276	58	1	1	58	2596204	2596147	2.14e-22	60
ERR21887217800	Chr3	96.667	60	2	1	60	1620978	1621037	7.71e-22	60
ERR21887217800	Chr3	96.667	60	2	1	60	2041835	2041894	7.71e-22	60
ERR21887217800	Chr3	96.667	60	2	1	60	8193990	8194049	7.71e-22	60
ERR21887217800	Chr3	95.082	61	2	1	60	8176251	8176311	3.59e-20	60
ERR21887217800	Chr3	94.828	58	3	1	58	2589602	2589659	4.64e-19	60
ERR21887217800	Chr3	96.364	55	2	1	55	7649658	7649712	4.64e-19	60
ERR21887217800	Chr3	93.333	60	4	1	60	7792289	7792230	1.67e-18	60
ERR21887217800	Chr3	90.000	60	6	1	60	2538916	2538975	3.61e-15	60
ERR21887217800	Chr3	91.304	46	1	1	46	7748410	7748368	1.31e-09	60
ERR21887217800	Chr2	100.000	60	0	1	60	18566	18625	3.56e-25	60
ERR21887217800	Chr2	100.000	60	0	1	60	7396740	7396681	3.56e-25	60
ERR21887217800	Chr1	100.000	60	0	1	60	393044	393103	3.56e-25	60
ERR21887217800	Chr1	100.000	60	0	1	60	399918	399977	3.56e-25	60
ERR21887217800	Chr1	100.000	60	0	1	60	513615	513556	3.56e-25	60
ERR21887217800	Chr1	100.000	60	0	1	60	540826	540885	3.56e-25	60
ERR21887217800	Chr1	100.000	60	0	1	60	1292188	1292247	3.56e-25	60
ERR21887217800	Chr1	100.000	60	0	1	60	2289582	2289641	3.56e-25	60
ERR21887217800	Chr1	100.000	60	0	1	60	2306851	2306792	3.56e-25	60
ERR21887217800	Chr1	100.000	60	0	1	60	6382816	6382875	3.56e-25	60
ERR21887217800	Chr1	100.000	60	0	1	60	6654716	6654657	3.56e-25	60
ERR21887217800	Chr1	100.000	58	0	1	58	409235	409178	4.61e-24	60
ERR21887217800	Chr1	98.333	60	1	1	60	6644083	6644024	1.66e-23	60
ERR21887217800	Chr1	96.667	60	2	1	60	2201628	2201687	7.71e-22	60
ERR21887217800	Chr1	96.364	55	2	1	55	2286243	2286297	4.64e-19	60
ERR21887217800	Chr1	93.333	60	4	1	60	6648831	6648772	1.67e-18	60
ERR21887217800	Chr1	93.103	58	4	1	58	555000	555057	2.16e-17	60
ERR21887217800	Chr1	93.103	58	4	1	58	1261223	1261280	2.16e-17	60
ERR21887217800	Chr1	87.692	65	1	1	58	2213594	2213530	2.17e-12	60
ERR21887217800	Chr1	87.692	65	1	1	58	6381917	6381853	2.17e-12	60
ERR21887217744	Chr3	97.778	45	1	16	60	1872067	1872023	3.61e-15	60
ERR21887215544	Chr3	97.727	44	1	17	60	1872067	1872024	1.30e-14	60
ERR21887215208	Chr3	97.826	46	1	15	60	1872067	1872022	1.00e-15	60
ERR21887213680	Chr1	100.000	60	0	1	60	929	988	3.56e-25	60
ERR21887213680	Chr1	100.000	60	0	1	60	8553	8612	3.56e-25	60
ERR21887213680	Chr1	100.000	60	0	1	60	57997	58056	3.56e-25	60
ERR21887213680	Chr1	100.000	60	0	1	60	66260	66319	3.56e-25	60
ERR21887213680	Chr1	100.000	60	0	1	60	74545	74604	3.56e-25	60
ERR21887213680	Chr1	100.000	60	0	1	60	82648	82707	3.56e-25	60
ERR21887213680	Chr1	100.000	60	0	1	60	90951	91010	3.56e-25	60
ERR21887213680	Chr1	100.000	60	0	1	60	99264	99323	3.56e-25	60
ERR21887213680	Chr1	100.000	60	0	1	60	125804	125863	3.56e-25	60
ERR21887213680	Chr1	100.000	60	0	1	60	142216	142275	3.56e-25	60
ERR21887213680	Chr1	100.000	60	0	1	60	150461	150520	3.56e-25	60
ERR21887213680	Chr1	100.000	60	0	1	60	158678	158737	3.56e-25	60
ERR21887213680	Chr1	100.000	60	0	1	60	166896	166955	3.56e-25	60
ERR21887213680	Chr1	100.000	60	0	1	60	216398	216457	3.56e-25	60
ERR21887213680	Chr1	100.000	60	0	1	60	224667	224726	3.56e-25	60
ERR21887213680	Chr1	100.000	60	0	1	60	232969	233028	3.56e-25	60
ERR21887213680	Chr1	100.000	60	0	1	60	241270	241329	3.56e-25	60
ERR21887213680	Chr1	100.000	60	0	1	60	249575	249634	3.56e-25	60
ERR21887213680	Chr1	100.000	60	0	1	60	257876	257935	3.56e-25	60
ERR21887213680	Chr1	100.000	60	0	1	60	266174	266233	3.56e-25	60
ERR21887213680	Chr1	100.000	60	0	1	60	274477	274536	3.56e-25	60
ERR21887213680	Chr1	100.000	60	0	1	60	282780	282839	3.56e-25	60
ERR21887213680	Chr1	100.000	60	0	1	60	291088	291147	3.56e-25	60
ERR21887213680	Chr1	100.000	59	0	2	60	16782	16840	1.28e-24	60
ERR21887213680	Chr1	100.000	59	0	2	60	25042	25100	1.28e-24	60
ERR21887213680	Chr1	100.000	59	0	2	60	33312	33370	1.28e-24	60
ERR21887213680	Chr1	100.000	59	0	2	60	41530	41588	1.28e-24	60
ERR21887213680	Chr1	100.000	59	0	2	60	49724	49782	1.28e-24	60
ERR21887213680	Chr1	100.000	59	0	2	60	117591	117649	1.28e-24	60
ERR21887213680	Chr1	100.000	59	0	2	60	133966	134024	1.28e-24	60
ERR21887213680	Chr1	100.000	59	0	2	60	175142	175200	1.28e-24	60
ERR21887213680	Chr1	100.000	59	0	2	60	199965	200023	1.28e-24	60
ERR21887213680	Chr1	100.000	59	0	2	60	208182	208240	1.28e-24	60
ERR21887212344	Chr1	100.000	55	0	1	55	929	983	1.87e-22	55
ERR21887212344	Chr1	100.000	55	0	1	55	8553	8607	1.87e-22	55
ERR21887212344	Chr1	100.000	55	0	1	55	57997	58051	1.87e-22	55
ERR21887212344	Chr1	100.000	55	0	1	55	66260	66314	1.87e-22	55
ERR21887212344	Chr1	100.000	55	0	1	55	74545	74599	1.87e-22	55
ERR21887212344	Chr1	100.000	55	0	1	55	82648	82702	1.87e-22	55
ERR21887212344	Chr1	100.000	55	0	1	55	90951	91005	1.87e-22	55
ERR21887212344	Chr1	100.000	55	0	1	55	99264	99318	1.87e-22	55
ERR21887212344	Chr1	100.000	55	0	1	55	125804	125858	1.87e-22	55
ERR21887212344	Chr1	100.000	55	0	1	55	142216	142270	1.87e-22	55
ERR21887212344	Chr1	100.000	55	0	1	55	150461	150515	1.87e-22	55
ERR21887212344	Chr1	100.000	55	0	1	55	158678	158732	1.87e-22	55
ERR21887212344	Chr1	100.000	55	0	1	55	166896	166950	1.87e-22	55
ERR21887212344	Chr1	100.000	55	0	1	55	216398	216452	1.87e-22	55
ERR21887212344	Chr1	100.000	55	0	1	55	224667	224721	1.87e-22	55
ERR21887212344	Chr1	100.000	55	0	1	55	232969	233023	1.87e-22	55
ERR21887212344	Chr1	100.000	55	0	1	55	241270	241324	1.87e-22	55
ERR21887212344	Chr1	100.000	55	0	1	55	249575	249629	1.87e-22	55
ERR21887212344	Chr1	100.000	55	0	1	55	257876	257930	1.87e-22	55
ERR21887212344	Chr1	100.000	55	0	1	55	266174	266228	1.87e-22	55
ERR21887212344	Chr1	100.000	55	0	1	55	274477	274531	1.87e-22	55
ERR21887212344	Chr1	100.000	55	0	1	55	282780	282834	1.87e-22	55
ERR21887212344	Chr1	100.000	55	0	1	55	291088	291142	1.87e-22	55
ERR21887212344	Chr1	100.000	54	0	2	55	16782	16835	6.72e-22	55
ERR21887212344	Chr1	100.000	54	0	2	55	25042	25095	6.72e-22	55
ERR21887212344	Chr1	100.000	54	0	2	55	33312	33365	6.72e-22	55
ERR21887212344	Chr1	100.000	54	0	2	55	41530	41583	6.72e-22	55
ERR21887212344	Chr1	100.000	54	0	2	55	49724	49777	6.72e-22	55
ERR21887212344	Chr1	100.000	54	0	2	55	117591	117644	6.72e-22	55
ERR21887212344	Chr1	100.000	54	0	2	55	133966	134019	6.72e-22	55
ERR21887212344	Chr1	100.000	54	0	2	55	175142	175195	6.72e-22	55
ERR21887212344	Chr1	100.000	54	0	2	55	199965	200018	6.72e-22	55
ERR21887212344	Chr1	100.000	54	0	2	55	208182	208235	6.72e-22	55
ERR2188721600	Chr1	100.000	55	0	1	55	929	983	2.14e-22	60
ERR2188721600	Chr1	100.000	55	0	1	55	8553	8607	2.14e-22	60
ERR2188721600	Chr1	100.000	55	0	1	55	57997	58051	2.14e-22	60
ERR2188721600	Chr1	100.000	55	0	1	55	66260	66314	2.14e-22	60
ERR2188721600	Chr1	100.000	55	0	1	55	74545	74599	2.14e-22	60
ERR2188721600	Chr1	100.000	55	0	1	55	82648	82702	2.14e-22	60
ERR2188721600	Chr1	100.000	55	0	1	55	90951	91005	2.14e-22	60
ERR2188721600	Chr1	100.000	55	0	1	55	99264	99318	2.14e-22	60
ERR2188721600	Chr1	100.000	55	0	1	55	125804	125858	2.14e-22	60
ERR2188721600	Chr1	100.000	55	0	1	55	142216	142270	2.14e-22	60
ERR2188721600	Chr1	100.000	55	0	1	55	150461	150515	2.14e-22	60
ERR2188721600	Chr1	100.000	55	0	1	55	158678	158732	2.14e-22	60
ERR2188721600	Chr1	100.000	55	0	1	55	166896	166950	2.14e-22	60
ERR2188721600	Chr1	100.000	55	0	1	55	216398	216452	2.14e-22	60
ERR2188721600	Chr1	100.000	55	0	1	55	224667	224721	2.14e-22	60
ERR2188721600	Chr1	100.000	55	0	1	55	232969	233023	2.14e-22	60
ERR2188721600	Chr1	100.000	55	0	1	55	241270	241324	2.14e-22	60
ERR2188721600	Chr1	100.000	55	0	1	55	249575	249629	2.14e-22	60
ERR2188721600	Chr1	100.000	55	0	1	55	257876	257930	2.14e-22	60
ERR2188721600	Chr1	100.000	55	0	1	55	266174	266228	2.14e-22	60
ERR2188721600	Chr1	100.000	55	0	1	55	274477	274531	2.14e-22	60
ERR2188721600	Chr1	100.000	55	0	1	55	282780	282834	2.14e-22	60
ERR2188721600	Chr1	100.000	55	0	1	55	291088	291142	2.14e-22	60
ERR2188721600	Chr1	100.000	54	0	2	55	16782	16835	7.71e-22	60
ERR2188721600	Chr1	100.000	54	0	2	55	25042	25095	7.71e-22	60
ERR2188721600	Chr1	100.000	54	0	2	55	33312	33365	7.71e-22	60
ERR2188721600	Chr1	100.000	54	0	2	55	41530	41583	7.71e-22	60
ERR2188721600	Chr1	100.000	54	0	2	55	49724	49777	7.71e-22	60
ERR2188721600	Chr1	100.000	54	0	2	55	117591	117644	7.71e-22	60
ERR2188721600	Chr1	100.000	54	0	2	55	133966	134019	7.71e-22	60
ERR2188721600	Chr1	100.000	54	0	2	55	175142	175195	7.71e-22	60
ERR2188721600	Chr1	100.000	54	0	2	55	199965	200018	7.71e-22	60
ERR2188721600	Chr1	100.000	54	0	2	55	208182	208235	7.71e-22	60
ERR21887219312	Chr1	100.000	60	0	1	60	989	930	3.56e-25	60
ERR21887219312	Chr1	100.000	60	0	1	60	8613	8554	3.56e-25	60
ERR21887219312	Chr1	100.000	60	0	1	60	16841	16782	3.56e-25	60
ERR21887219312	Chr1	100.000	60	0	1	60	25101	25042	3.56e-25	60
ERR21887219312	Chr1	100.000	60	0	1	60	33371	33312	3.56e-25	60
ERR21887219312	Chr1	100.000	60	0	1	60	41589	41530	3.56e-25	60
ERR21887219312	Chr1	100.000	60	0	1	60	49783	49724	3.56e-25	60
ERR21887219312	Chr1	100.000	60	0	1	60	58057	57998	3.56e-25	60
ERR21887219312	Chr1	100.000	60	0	1	60	66320	66261	3.56e-25	60
ERR21887219312	Chr1	100.000	60	0	1	60	74605	74546	3.56e-25	60
ERR21887219312	Chr1	100.000	60	0	1	60	82708	82649	3.56e-25	60
ERR21887219312	Chr1	100.000	60	0	1	60	91011	90952	3.56e-25	60
ERR21887219312	Chr1	100.000	60	0	1	60	99324	99265	3.56e-25	60
ERR21887219312	Chr1	100.000	60	0	1	60	117650	117591	3.56e-25	60
ERR21887219312	Chr1	100.000	60	0	1	60	125864	125805	3.56e-25	60
ERR21887219312	Chr1	100.000	60	0	1	60	134025	133966	3.56e-25	60
ERR21887219312	Chr1	100.000	60	0	1	60	142276	142217	3.56e-25	60
ERR21887219312	Chr1	100.000	60	0	1	60	150521	150462	3.56e-25	60
ERR21887219312	Chr1	100.000	60	0	1	60	158738	158679	3.56e-25	60
ERR21887219312	Chr1	100.000	60	0	1	60	166956	166897	3.56e-25	60
ERR21887219312	Chr1	100.000	60	0	1	60	175201	175142	3.56e-25	60
ERR21887219312	Chr1	100.000	60	0	1	60	200024	199965	3.56e-25	60
ERR21887219312	Chr1	100.000	60	0	1	60	208241	208182	3.56e-25	60
ERR21887219312	Chr1	100.000	60	0	1	60	216458	216399	3.56e-25	60
ERR21887219312	Chr1	100.000	60	0	1	60	224727	224668	3.56e-25	60
ERR21887219312	Chr1	100.000	60	0	1	60	233029	232970	3.56e-25	60
ERR21887219312	Chr1	100.000	60	0	1	60	241330	241271	3.56e-25	60
ERR21887219312	Chr1	100.000	60	0	1	60	249635	249576	3.56e-25	60
ERR21887219312	Chr1	100.000	60	0	1	60	257936	257877	3.56e-25	60
ERR21887219312	Chr1	100.000	60	0	1	60	266234	266175	3.56e-25	60
ERR21887219312	Chr1	100.000	60	0	1	60	274537	274478	3.56e-25	60
ERR21887219312	Chr1	100.000	60	0	1	60	282840	282781	3.56e-25	60
ERR21887219312	Chr1	100.000	60	0	1	60	291148	291089	3.56e-25	60
ERR21887215672	Chr1	100.000	42	0	1	42	6626737	6626778	1.95e-15	42
ERR21887219336	Chr4	100.000	60	0	1	60	120550	120491	3.56e-25	60
ERR21887213432	Chr4	100.000	60	0	1	60	120549	120490	3.56e-25	60
ERR21887218848	Chr6	100.000	29	0	17	45	5777833	5777805	3.75e-08	45
ERR21887218848	Chr5	100.000	29	0	17	45	7141	7113	3.75e-08	45
ERR21887218848	Chr2	100.000	29	0	17	45	139164	139192	3.75e-08	45
ERR21887218848	Chr1	100.000	29	0	17	45	1778200	1778228	3.75e-08	45
ERR21887218848	Chr1	100.000	29	0	17	45	3793765	3793793	3.75e-08	45
ERR21887218848	Chr3	100.000	28	0	17	44	2137303	2137276	1.35e-07	45
ERR21887215824	Chr8	98.333	60	1	1	60	626489	626548	1.66e-23	60
ERR21887215824	Chr8	98.333	60	1	1	60	758389	758330	1.66e-23	60
ERR21887215824	Chr8	98.333	60	1	1	60	894054	893995	1.66e-23	60
ERR21887215824	Chr8	98.333	60	1	1	60	1005228	1005169	1.66e-23	60
ERR21887215824	Chr8	98.333	60	1	1	60	1296943	1296884	1.66e-23	60
ERR21887215824	Chr8	98.333	60	1	1	60	1302835	1302776	1.66e-23	60
ERR21887215824	Chr8	98.333	60	1	1	60	1308728	1308669	1.66e-23	60
ERR21887215824	Chr8	98.333	60	1	1	60	1314618	1314559	1.66e-23	60
ERR21887215824	Chr8	98.333	60	1	1	60	1320512	1320453	1.66e-23	60
ERR21887215824	Chr8	98.333	60	1	1	60	1431997	1431938	1.66e-23	60
ERR21887215824	Chr8	98.333	60	1	1	60	1448350	1448409	1.66e-23	60
ERR21887215824	Chr7	98.333	60	1	1	60	3889873	3889814	1.66e-23	60
ERR21887215824	Chr3	98.333	60	1	1	60	1617240	1617181	1.66e-23	60
ERR21887215824	Chr3	98.333	60	1	1	60	1653963	1654022	1.66e-23	60
ERR21887215824	Chr3	98.333	60	1	1	60	2836615	2836556	1.66e-23	60
ERR21887215824	Chr2	98.333	60	1	1	60	7262175	7262234	1.66e-23	60
ERR21887215824	Chr1	91.667	60	5	1	60	402075	402016	7.77e-17	60
ERR21887211288	Chr8	98.333	60	1	1	60	626489	626548	1.66e-23	60
ERR21887211288	Chr8	98.333	60	1	1	60	758389	758330	1.66e-23	60
ERR21887211288	Chr8	98.333	60	1	1	60	894054	893995	1.66e-23	60
ERR21887211288	Chr8	98.333	60	1	1	60	1005228	1005169	1.66e-23	60
ERR21887211288	Chr8	98.333	60	1	1	60	1296943	1296884	1.66e-23	60
ERR21887211288	Chr8	98.333	60	1	1	60	1302835	1302776	1.66e-23	60
ERR21887211288	Chr8	98.333	60	1	1	60	1308728	1308669	1.66e-23	60
ERR21887211288	Chr8	98.333	60	1	1	60	1314618	1314559	1.66e-23	60
ERR21887211288	Chr8	98.333	60	1	1	60	1320512	1320453	1.66e-23	60
ERR21887211288	Chr8	98.333	60	1	1	60	1431997	1431938	1.66e-23	60
ERR21887211288	Chr8	98.333	60	1	1	60	1448350	1448409	1.66e-23	60
ERR21887211288	Chr7	98.333	60	1	1	60	3889873	3889814	1.66e-23	60
ERR21887211288	Chr3	98.333	60	1	1	60	1617240	1617181	1.66e-23	60
ERR21887211288	Chr3	98.333	60	1	1	60	1653963	1654022	1.66e-23	60
ERR21887211288	Chr3	98.333	60	1	1	60	2836615	2836556	1.66e-23	60
ERR21887211288	Chr2	98.333	60	1	1	60	7262175	7262234	1.66e-23	60
ERR21887211288	Chr1	91.667	60	5	1	60	402075	402016	7.77e-17	60
ERR21887217816	Chr7	98.333	60	1	1	60	2806487	2806428	1.66e-23	60
ERR21887216368	Chr2	98.333	60	1	1	60	2800728	2800669	1.66e-23	60
ERR21887216160	Chr7	100.000	52	0	1	52	3471007	3471058	7.93e-21	52
ERR21887215944	Chr7	100.000	51	0	1	51	3471008	3471058	2.76e-20	51
ERR21887214560	Chr7	100.000	43	0	1	43	3471016	3471058	5.67e-16	43
ERR21887218432	Chr7	96.667	60	2	1	60	3470990	3471049	7.71e-22	60
ERR21887218392	Chr7	95.000	60	3	1	60	3470970	3471029	3.59e-20	60
ERR21887218408	Chr7	96.552	58	2	3	60	3470978	3471035	9.97e-21	60
ERR21887218416	Chr7	96.610	59	2	2	60	3470978	3471036	2.77e-21	60
ERR21887219328	Chr7	96.667	60	2	1	60	3470979	3471038	7.71e-22	60
ERR21887213016	Chr6	100.000	29	0	1	29	5777805	5777833	6.09e-08	60
ERR21887213016	Chr5	100.000	29	0	1	29	7113	7141	6.09e-08	60
ERR21887213016	Chr2	100.000	29	0	1	29	139192	139164	6.09e-08	60
ERR21887213016	Chr1	100.000	29	0	1	29	1778228	1778200	6.09e-08	60
ERR21887213016	Chr1	100.000	29	0	1	29	3793793	3793765	6.09e-08	60
ERR21887213016	Chr3	100.000	28	0	2	29	2137276	2137303	2.19e-07	60
ERR21887213032	Chr6	100.000	29	0	1	29	5777805	5777833	6.09e-08	60
ERR21887213032	Chr5	100.000	29	0	1	29	7113	7141	6.09e-08	60
ERR21887213032	Chr2	100.000	29	0	1	29	139192	139164	6.09e-08	60
ERR21887213032	Chr1	100.000	29	0	1	29	1778228	1778200	6.09e-08	60
ERR21887213032	Chr1	100.000	29	0	1	29	3793793	3793765	6.09e-08	60
ERR21887213032	Chr3	100.000	28	0	2	29	2137276	2137303	2.19e-07	60
ERR2188721560	Chr4	97.959	49	1	1	49	120505	120457	1.88e-17	55
ERR21887212720	Chr4	100.000	58	0	1	58	120457	120514	4.37e-24	58
ERR21887212784	Chr4	100.000	60	0	1	60	120457	120516	3.56e-25	60
ERR21887215744	Chr6	100.000	40	0	1	40	105966	105927	2.28e-14	40
ERR21887218776	Chr6	100.000	41	0	1	41	105927	105967	6.66e-15	41
ERR21887212216	Chr8	98.333	60	1	1	60	333666	333725	1.66e-23	60
ERR21887212216	Chr8	98.333	60	1	1	60	626472	626531	1.66e-23	60
ERR21887212216	Chr8	98.333	60	1	1	60	758406	758347	1.66e-23	60
ERR21887212216	Chr8	98.333	60	1	1	60	894071	894012	1.66e-23	60
ERR21887212216	Chr8	98.333	60	1	1	60	1005245	1005186	1.66e-23	60
ERR21887212216	Chr8	98.333	60	1	1	60	1296960	1296901	1.66e-23	60
ERR21887212216	Chr8	98.333	60	1	1	60	1302852	1302793	1.66e-23	60
ERR21887212216	Chr8	98.333	60	1	1	60	1308745	1308686	1.66e-23	60
ERR21887212216	Chr8	98.333	60	1	1	60	1314635	1314576	1.66e-23	60
ERR21887212216	Chr8	98.333	60	1	1	60	1320529	1320470	1.66e-23	60
ERR21887212216	Chr8	98.333	60	1	1	60	1432014	1431955	1.66e-23	60
ERR21887212216	Chr8	98.333	60	1	1	60	1448333	1448392	1.66e-23	60
ERR21887212216	Chr7	98.333	60	1	1	60	3889890	3889831	1.66e-23	60
ERR21887212216	Chr3	98.333	60	1	1	60	1617257	1617198	1.66e-23	60
ERR21887212216	Chr3	98.333	60	1	1	60	1653946	1654005	1.66e-23	60
ERR21887212216	Chr3	98.333	60	1	1	60	2836632	2836573	1.66e-23	60
ERR21887212216	Chr2	98.333	60	1	1	60	7262158	7262217	1.66e-23	60
ERR21887212216	Chr1	94.118	51	3	6	56	402087	402037	3.61e-15	60
ERR21887214744	Chr8	100.000	54	0	1	54	119327	119380	6.52e-22	54
ERR21887214744	Chr8	100.000	54	0	1	54	136236	136183	6.52e-22	54
ERR21887214744	Chr8	100.000	54	0	1	54	410076	410129	6.52e-22	54
ERR21887214744	Chr8	100.000	54	0	1	54	569220	569167	6.52e-22	54
ERR21887214744	Chr8	100.000	54	0	1	54	834011	833958	6.52e-22	54
ERR21887214744	Chr8	100.000	54	0	1	54	1624576	1624523	6.52e-22	54
ERR21887214744	Chr8	98.148	54	1	1	54	226248	226195	3.04e-20	54
ERR21887214744	Chr8	98.148	54	1	1	54	350045	349992	3.04e-20	54
ERR21887214744	Chr8	98.148	54	1	1	54	432516	432463	3.04e-20	54
ERR21887214744	Chr8	98.148	54	1	1	54	462921	462974	3.04e-20	54
ERR21887214744	Chr8	98.148	54	1	1	54	494173	494120	3.04e-20	54
ERR21887214744	Chr8	98.148	54	1	1	54	531606	531659	3.04e-20	54
ERR21887214744	Chr8	98.148	54	1	1	54	567437	567384	3.04e-20	54
ERR21887214744	Chr8	98.148	54	1	1	54	702145	702092	3.04e-20	54
ERR21887214744	Chr8	98.148	54	1	1	54	1162911	1162858	3.04e-20	54
ERR21887214744	Chr8	96.296	54	2	1	54	196195	196248	1.41e-18	54
ERR21887214744	Chr8	96.296	54	2	1	54	899425	899372	1.41e-18	54
ERR21887214744	Chr8	96.296	54	2	1	54	1255746	1255693	1.41e-18	54
ERR21887214744	Chr8	96.296	54	2	1	54	1492831	1492884	1.41e-18	54
ERR21887214744	Chr8	96.296	54	2	1	54	1553710	1553763	1.41e-18	54
ERR21887214744	Chr8	96.296	54	2	1	54	1736556	1736609	1.41e-18	54
ERR21887214744	Chr8	96.296	54	2	1	54	1751932	1751985	1.41e-18	54
ERR21887214744	Chr8	96.296	54	2	1	54	1803159	1803106	1.41e-18	54
ERR21887214744	Chr8	96.296	54	2	1	54	1818538	1818485	1.41e-18	54
ERR21887214744	Chr3	100.000	54	0	1	54	1890631	1890684	6.52e-22	54
ERR21887214744	Chr3	96.296	54	2	1	54	1145154	1145101	1.41e-18	54
ERR21887214744	Chr3	94.231	52	3	3	54	8205533	8205584	8.50e-16	54
ERR21887214744	Chr3	92.000	50	4	5	54	8080413	8080462	5.12e-13	54
ERR21887214744	Chr3	84.906	53	8	2	54	7526329	7526277	5.15e-08	54
ERR21887214744	Chr2	100.000	54	0	1	54	4539998	4539945	6.52e-22	54
ERR21887214744	Chr2	100.000	54	0	1	54	6755347	6755400	6.52e-22	54
ERR21887214744	Chr1	98.148	54	1	1	54	2463142	2463089	3.04e-20	54
ERR21887214744	Chr1	96.296	54	2	1	54	2150541	2150594	1.41e-18	54
ERR21887214744	Chr1	98.039	51	1	4	54	2185118	2185068	1.41e-18	54
ERR21887214744	Chr1	86.538	52	7	2	53	456033	455982	3.98e-09	54
ERR21887214744	Chr4	90.000	50	5	5	54	493206	493255	2.38e-11	54
ERR21887218088	Chr8	100.000	55	0	1	55	119380	119326	1.87e-22	55
ERR21887218088	Chr8	100.000	55	0	1	55	136183	136237	1.87e-22	55
ERR21887218088	Chr8	100.000	55	0	1	55	410129	410075	1.87e-22	55
ERR21887218088	Chr8	100.000	55	0	1	55	569167	569221	1.87e-22	55
ERR21887218088	Chr8	100.000	55	0	1	55	833958	834012	1.87e-22	55
ERR21887218088	Chr8	100.000	55	0	1	55	1624523	1624577	1.87e-22	55
ERR21887218088	Chr8	98.182	55	1	1	55	226195	226249	8.70e-21	55
ERR21887218088	Chr8	98.182	55	1	1	55	349992	350046	8.70e-21	55
ERR21887218088	Chr8	98.182	55	1	1	55	432463	432517	8.70e-21	55
ERR21887218088	Chr8	98.182	55	1	1	55	462974	462920	8.70e-21	55
ERR21887218088	Chr8	98.182	55	1	1	55	494120	494174	8.70e-21	55
ERR21887218088	Chr8	98.182	55	1	1	55	531659	531605	8.70e-21	55
ERR21887218088	Chr8	98.182	55	1	1	55	567384	567438	8.70e-21	55
ERR21887218088	Chr8	98.182	55	1	1	55	702092	702146	8.70e-21	55
ERR21887218088	Chr8	98.182	55	1	1	55	1162858	1162912	8.70e-21	55
ERR21887218088	Chr8	96.364	55	2	1	55	196248	196194	4.05e-19	55
ERR21887218088	Chr8	96.364	55	2	1	55	899372	899426	4.05e-19	55
ERR21887218088	Chr8	96.364	55	2	1	55	1255693	1255747	4.05e-19	55
ERR21887218088	Chr8	96.364	55	2	1	55	1492884	1492830	4.05e-19	55
ERR21887218088	Chr8	96.364	55	2	1	55	1553763	1553709	4.05e-19	55
ERR21887218088	Chr8	96.364	55	2	1	55	1736609	1736555	4.05e-19	55
ERR21887218088	Chr8	96.364	55	2	1	55	1751985	1751931	4.05e-19	55
ERR21887218088	Chr8	96.364	55	2	1	55	1803106	1803160	4.05e-19	55
ERR21887218088	Chr8	96.364	55	2	1	55	1818485	1818539	4.05e-19	55
ERR21887218088	Chr3	100.000	55	0	1	55	1890684	1890630	1.87e-22	55
ERR21887218088	Chr3	96.364	55	2	1	55	1145101	1145155	4.05e-19	55
ERR21887218088	Chr3	94.231	52	3	1	52	8205584	8205533	8.76e-16	55
ERR21887218088	Chr3	92.000	50	4	1	50	8080462	8080413	5.27e-13	55
ERR21887218088	Chr3	84.906	53	8	1	53	7526277	7526329	5.31e-08	55
ERR21887218088	Chr2	100.000	55	0	1	55	4539945	4539999	1.87e-22	55
ERR21887218088	Chr2	100.000	55	0	1	55	6755400	6755346	1.87e-22	55
ERR21887218088	Chr1	98.182	55	1	1	55	2463089	2463143	8.70e-21	55
ERR21887218088	Chr1	96.364	55	2	1	55	2150594	2150540	4.05e-19	55
ERR21887218088	Chr1	98.039	51	1	1	51	2185068	2185118	1.46e-18	55
ERR21887218088	Chr1	86.538	52	7	2	53	455982	456033	4.10e-09	55
ERR21887218088	Chr4	90.000	50	5	1	50	493255	493206	2.45e-11	55
ERR21887214944	Chr7	96.721	61	0	2	60	560693	560633	7.71e-22	60
ERR21887214944	Chr7	100.000	48	0	13	60	22514	22561	1.67e-18	60
ERR21887214944	Chr7	96.364	55	1	7	60	3955432	3955486	1.67e-18	60
ERR21887214944	Chr7	100.000	48	0	13	60	3956057	3956010	1.67e-18	60
ERR21887214944	Chr7	97.917	48	1	13	60	3967510	3967557	7.77e-17	60
ERR21887214944	Chr8	100.000	50	0	11	60	329961	329912	1.29e-19	60
ERR21887214944	Chr8	100.000	50	0	11	60	622765	622716	1.29e-19	60
ERR21887214944	Chr8	100.000	50	0	11	60	897777	897826	1.29e-19	60
ERR21887214944	Chr8	100.000	50	0	11	60	1300667	1300716	1.29e-19	60
ERR21887214944	Chr8	100.000	50	0	11	60	1306559	1306608	1.29e-19	60
ERR21887214944	Chr8	100.000	50	0	11	60	1312451	1312500	1.29e-19	60
ERR21887214944	Chr8	100.000	50	0	11	60	1318343	1318392	1.29e-19	60
ERR21887214944	Chr8	100.000	50	0	11	60	1324237	1324286	1.29e-19	60
ERR21887214944	Chr8	100.000	50	0	11	60	1444625	1444576	1.29e-19	60
ERR21887214944	Chr8	98.077	52	1	9	60	364212	364263	4.64e-19	60
ERR21887214944	Chr8	100.000	49	0	12	60	544889	544841	4.64e-19	60
ERR21887214944	Chr8	93.548	62	2	1	60	1597074	1597013	4.64e-19	60
ERR21887214944	Chr8	100.000	48	0	13	60	257353	257400	1.67e-18	60
ERR21887214944	Chr8	100.000	48	0	13	60	335848	335801	1.67e-18	60
ERR21887214944	Chr8	98.077	52	0	10	60	354634	354685	1.67e-18	60
ERR21887214944	Chr8	100.000	48	0	13	60	553928	553881	1.67e-18	60
ERR21887214944	Chr8	100.000	48	0	13	60	612303	612350	1.67e-18	60
ERR21887214944	Chr8	100.000	48	0	13	60	628656	628609	1.67e-18	60
ERR21887214944	Chr8	100.000	48	0	13	60	756224	756271	1.67e-18	60
ERR21887214944	Chr8	100.000	48	0	13	60	792215	792262	1.67e-18	60
ERR21887214944	Chr8	100.000	48	0	13	60	794782	794735	1.67e-18	60
ERR21887214944	Chr8	100.000	48	0	13	60	891887	891934	1.67e-18	60
ERR21887214944	Chr8	100.000	48	0	13	60	931837	931790	1.67e-18	60
ERR21887214944	Chr8	100.000	48	0	13	60	1003061	1003108	1.67e-18	60
ERR21887214944	Chr8	100.000	48	0	13	60	1143139	1143186	1.67e-18	60
ERR21887214944	Chr8	100.000	48	0	13	60	1216033	1215986	1.67e-18	60
ERR21887214944	Chr8	100.000	48	0	13	60	1294777	1294824	1.67e-18	60
ERR21887214944	Chr8	100.000	48	0	13	60	1411729	1411682	1.67e-18	60
ERR21887214944	Chr8	100.000	48	0	13	60	1450515	1450468	1.67e-18	60
ERR21887214944	Chr8	100.000	48	0	13	60	1552927	1552880	1.67e-18	60
ERR21887214944	Chr8	100.000	48	0	13	60	1596496	1596449	1.67e-18	60
ERR21887214944	Chr8	100.000	48	0	13	60	1735773	1735726	1.67e-18	60
ERR21887214944	Chr8	100.000	48	0	13	60	1819321	1819368	1.67e-18	60
ERR21887214944	Chr8	100.000	47	0	14	60	259919	259873	6.00e-18	60
ERR21887214944	Chr8	91.935	62	3	1	60	1659186	1659247	2.16e-17	60
ERR21887214944	Chr8	97.917	48	1	13	60	554725	554772	7.77e-17	60
ERR21887214944	Chr8	97.917	48	1	13	60	764412	764365	7.77e-17	60
ERR21887214944	Chr8	97.917	48	1	13	60	1158161	1158208	7.77e-17	60
ERR21887214944	Chr8	100.000	28	0	11	38	1429631	1429658	2.19e-07	60
ERR21887214944	Chr8	100.000	28	0	33	60	1429851	1429878	2.19e-07	60
ERR21887214944	Chr3	100.000	50	0	11	60	2840339	2840388	1.29e-19	60
ERR21887214944	Chr3	100.000	49	0	12	60	2834450	2834498	4.64e-19	60
ERR21887214944	Chr3	93.333	60	4	1	60	1615063	1615122	1.67e-18	60
ERR21887214944	Chr3	100.000	48	0	13	60	2596218	2596171	1.67e-18	60
ERR21887214944	Chr3	100.000	48	0	13	60	2743281	2743328	1.67e-18	60
ERR21887214944	Chr3	93.443	61	3	1	60	7649631	7649691	1.67e-18	60
ERR21887214944	Chr3	100.000	48	0	13	60	7758494	7758447	1.67e-18	60
ERR21887214944	Chr3	100.000	48	0	13	60	8074899	8074946	1.67e-18	60
ERR21887214944	Chr3	98.000	50	1	11	60	8147771	8147722	6.00e-18	60
ERR21887214944	Chr3	94.545	55	3	6	60	2589581	2589635	2.16e-17	60
ERR21887214944	Chr3	97.917	48	1	13	60	2588624	2588577	7.77e-17	60
ERR21887214944	Chr3	92.982	57	4	4	60	7836003	7836059	7.77e-17	60
ERR21887214944	Chr3	97.917	48	1	13	60	8074553	8074506	7.77e-17	60
ERR21887214944	Chr3	97.826	46	1	15	60	2574195	2574150	1.00e-15	60
ERR21887214944	Chr3	95.833	48	2	13	60	1977826	1977779	3.61e-15	60
ERR21887214944	Chr3	95.833	48	2	13	60	7858534	7858581	3.61e-15	60
ERR21887214944	Chr3	95.833	48	2	13	60	8193976	8194023	3.61e-15	60
ERR21887214944	Chr3	95.556	45	1	15	58	7748423	7748379	6.05e-13	60
ERR21887214944	Chr1	98.077	52	1	9	60	399900	399951	4.64e-19	60
ERR21887214944	Chr1	100.000	49	0	12	60	2306866	2306818	4.64e-19	60
ERR21887214944	Chr1	100.000	49	0	12	60	6382801	6382849	4.64e-19	60
ERR21887214944	Chr1	100.000	48	0	13	60	393030	393077	1.67e-18	60
ERR21887214944	Chr1	100.000	48	0	13	60	409249	409202	1.67e-18	60
ERR21887214944	Chr1	100.000	48	0	13	60	540812	540859	1.67e-18	60
ERR21887214944	Chr1	100.000	48	0	13	60	1292174	1292221	1.67e-18	60
ERR21887214944	Chr1	100.000	48	0	13	60	2289568	2289615	1.67e-18	60
ERR21887214944	Chr1	100.000	48	0	13	60	6654730	6654683	1.67e-18	60
ERR21887214944	Chr1	96.226	53	2	8	60	6660620	6660672	6.00e-18	60
ERR21887214944	Chr1	97.959	49	1	12	60	2213609	2213561	2.16e-17	60
ERR21887214944	Chr1	97.917	48	1	13	60	513629	513582	7.77e-17	60
ERR21887214944	Chr1	97.917	48	1	13	60	2201614	2201661	7.77e-17	60
ERR21887214944	Chr1	97.917	48	1	13	60	2286229	2286276	7.77e-17	60
ERR21887214944	Chr1	96.000	50	2	11	60	1261207	1261256	2.79e-16	60
ERR21887214944	Chr1	95.918	49	2	12	60	554985	555033	1.00e-15	60
ERR21887214944	Chr1	95.833	48	2	13	60	6381931	6381884	3.61e-15	60
ERR21887214944	Chr1	93.750	48	3	13	60	442450	442403	1.68e-13	60
ERR21887214944	Chr1	92.000	50	4	11	60	6648847	6648798	6.05e-13	60
ERR21887214944	Chr1	93.750	48	0	13	60	2115501	2115457	2.17e-12	60
ERR21887214944	Chr2	100.000	48	0	13	60	7396754	7396707	1.67e-18	60
ERR21887214944	Chr2	97.917	48	1	13	60	18552	18599	7.77e-17	60
ERR21887219248	Chr8	100.000	57	0	1	57	259899	259843	1.53e-23	57
ERR21887219248	Chr8	100.000	57	0	1	57	329938	329882	1.53e-23	57
ERR21887219248	Chr8	100.000	57	0	1	57	335827	335771	1.53e-23	57
ERR21887219248	Chr8	100.000	57	0	1	57	354659	354715	1.53e-23	57
ERR21887219248	Chr8	100.000	57	0	1	57	544867	544811	1.53e-23	57
ERR21887219248	Chr8	100.000	57	0	1	57	553907	553851	1.53e-23	57
ERR21887219248	Chr8	100.000	57	0	1	57	554746	554802	1.53e-23	57
ERR21887219248	Chr8	100.000	57	0	1	57	612324	612380	1.53e-23	57
ERR21887219248	Chr8	100.000	57	0	1	57	622742	622686	1.53e-23	57
ERR21887219248	Chr8	100.000	57	0	1	57	628635	628579	1.53e-23	57
ERR21887219248	Chr8	100.000	57	0	1	57	756245	756301	1.53e-23	57
ERR21887219248	Chr8	100.000	57	0	1	57	794761	794705	1.53e-23	57
ERR21887219248	Chr8	100.000	57	0	1	57	891908	891964	1.53e-23	57
ERR21887219248	Chr8	100.000	57	0	1	57	897800	897856	1.53e-23	57
ERR21887219248	Chr8	100.000	57	0	1	57	931816	931760	1.53e-23	57
ERR21887219248	Chr8	100.000	57	0	1	57	1003082	1003138	1.53e-23	57
ERR21887219248	Chr8	100.000	57	0	1	57	1216012	1215956	1.53e-23	57
ERR21887219248	Chr8	100.000	57	0	1	57	1294798	1294854	1.53e-23	57
ERR21887219248	Chr8	100.000	57	0	1	57	1300690	1300746	1.53e-23	57
ERR21887219248	Chr8	100.000	57	0	1	57	1306582	1306638	1.53e-23	57
ERR21887219248	Chr8	100.000	57	0	1	57	1312474	1312530	1.53e-23	57
ERR21887219248	Chr8	100.000	57	0	1	57	1318366	1318422	1.53e-23	57
ERR21887219248	Chr8	100.000	57	0	1	57	1324260	1324316	1.53e-23	57
ERR21887219248	Chr8	100.000	57	0	1	57	1411708	1411652	1.53e-23	57
ERR21887219248	Chr8	100.000	57	0	1	57	1429852	1429908	1.53e-23	57
ERR21887219248	Chr8	100.000	57	0	1	57	1444602	1444546	1.53e-23	57
ERR21887219248	Chr8	100.000	57	0	1	57	1450494	1450438	1.53e-23	57
ERR21887219248	Chr8	100.000	57	0	1	57	1552906	1552850	1.53e-23	57
ERR21887219248	Chr8	100.000	57	0	1	57	1596475	1596419	1.53e-23	57
ERR21887219248	Chr8	100.000	57	0	1	57	1597039	1596983	1.53e-23	57
ERR21887219248	Chr8	100.000	57	0	1	57	1735752	1735696	1.53e-23	57
ERR21887219248	Chr8	100.000	57	0	1	57	1819342	1819398	1.53e-23	57
ERR21887219248	Chr8	98.246	57	1	1	57	364237	364293	7.12e-22	57
ERR21887219248	Chr8	98.246	57	1	1	57	1659221	1659277	7.12e-22	57
ERR21887219248	Chr8	94.737	57	3	1	57	257374	257430	1.54e-18	57
ERR21887219248	Chr8	94.737	57	3	1	57	764391	764335	1.54e-18	57
ERR21887219248	Chr8	94.737	57	3	1	57	792236	792292	1.54e-18	57
ERR21887219248	Chr8	100.000	41	0	1	41	1143160	1143200	1.20e-14	57
ERR21887219248	Chr7	100.000	57	0	1	57	22535	22591	1.53e-23	57
ERR21887219248	Chr7	100.000	57	0	1	57	560659	560603	1.53e-23	57
ERR21887219248	Chr7	100.000	57	0	1	57	3956036	3955980	1.53e-23	57
ERR21887219248	Chr7	98.246	57	1	1	57	3967531	3967587	7.12e-22	57
ERR21887219248	Chr3	100.000	57	0	1	57	1615096	1615152	1.53e-23	57
ERR21887219248	Chr3	100.000	57	0	1	57	1977805	1977749	1.53e-23	57
ERR21887219248	Chr3	100.000	57	0	1	57	2743302	2743358	1.53e-23	57
ERR21887219248	Chr3	100.000	57	0	1	57	2834472	2834528	1.53e-23	57
ERR21887219248	Chr3	100.000	57	0	1	57	2840362	2840418	1.53e-23	57
ERR21887219248	Chr3	100.000	57	0	1	57	7758473	7758417	1.53e-23	57
ERR21887219248	Chr3	100.000	57	0	1	57	7836033	7836089	1.53e-23	57
ERR21887219248	Chr3	100.000	57	0	1	57	8074920	8074976	1.53e-23	57
ERR21887219248	Chr3	100.000	57	0	1	57	8147748	8147692	1.53e-23	57
ERR21887219248	Chr3	98.246	57	1	1	57	2588603	2588547	7.12e-22	57
ERR21887219248	Chr3	98.246	57	1	1	57	7858555	7858611	7.12e-22	57
ERR21887219248	Chr3	98.246	57	1	1	57	8074532	8074476	7.12e-22	57
ERR21887219248	Chr3	98.246	57	1	1	57	8193997	8194053	7.12e-22	57
ERR21887219248	Chr3	98.182	55	1	3	57	1620987	1621041	9.21e-21	57
ERR21887219248	Chr3	96.491	57	2	1	57	2041842	2041898	3.31e-20	57
ERR21887219248	Chr3	96.491	57	2	1	57	2574176	2574120	3.31e-20	57
ERR21887219248	Chr3	96.491	57	2	1	57	2596197	2596141	3.31e-20	57
ERR21887219248	Chr3	96.491	57	2	1	57	2750651	2750595	3.31e-20	57
ERR21887219248	Chr3	96.491	57	2	1	57	8176259	8176315	3.31e-20	57
ERR21887219248	Chr3	94.737	57	3	1	57	7792282	7792226	1.54e-18	57
ERR21887219248	Chr3	93.103	58	3	1	57	2589609	2589666	7.17e-17	57
ERR21887219248	Chr3	97.917	48	1	1	48	7649665	7649712	7.17e-17	57
ERR21887219248	Chr3	89.474	57	6	1	57	2538923	2538979	1.55e-13	57
ERR21887219248	Chr2	100.000	57	0	1	57	18573	18629	1.53e-23	57
ERR21887219248	Chr2	100.000	57	0	1	57	7396733	7396677	1.53e-23	57
ERR21887219248	Chr1	100.000	57	0	1	57	393051	393107	1.53e-23	57
ERR21887219248	Chr1	100.000	57	0	1	57	399925	399981	1.53e-23	57
ERR21887219248	Chr1	100.000	57	0	1	57	513608	513552	1.53e-23	57
ERR21887219248	Chr1	100.000	57	0	1	57	540833	540889	1.53e-23	57
ERR21887219248	Chr1	100.000	57	0	1	57	1292195	1292251	1.53e-23	57
ERR21887219248	Chr1	100.000	57	0	1	57	2289589	2289645	1.53e-23	57
ERR21887219248	Chr1	100.000	57	0	1	57	2306844	2306788	1.53e-23	57
ERR21887219248	Chr1	100.000	57	0	1	57	6382823	6382879	1.53e-23	57
ERR21887219248	Chr1	100.000	57	0	1	57	6654709	6654653	1.53e-23	57
ERR21887219248	Chr1	98.246	57	1	1	57	6644076	6644020	7.12e-22	57
ERR21887219248	Chr1	96.610	59	0	1	57	409228	409170	9.21e-21	57
ERR21887219248	Chr1	96.491	57	2	1	57	2201635	2201691	3.31e-20	57
ERR21887219248	Chr1	93.103	58	3	1	57	555007	555064	7.17e-17	57
ERR21887219248	Chr1	93.103	58	3	1	57	1261230	1261287	7.17e-17	57
ERR21887219248	Chr1	93.103	58	3	1	57	2286250	2286307	7.17e-17	57
ERR21887219248	Chr1	92.982	57	4	1	57	6648824	6648768	7.17e-17	57
ERR21887218464	Chr8	100.000	60	0	1	60	259843	259902	3.56e-25	60
ERR21887218464	Chr8	100.000	60	0	1	60	329882	329941	3.56e-25	60
ERR21887218464	Chr8	100.000	60	0	1	60	335771	335830	3.56e-25	60
ERR21887218464	Chr8	100.000	60	0	1	60	354715	354656	3.56e-25	60
ERR21887218464	Chr8	100.000	60	0	1	60	544811	544870	3.56e-25	60
ERR21887218464	Chr8	100.000	60	0	1	60	553851	553910	3.56e-25	60
ERR21887218464	Chr8	100.000	60	0	1	60	554802	554743	3.56e-25	60
ERR21887218464	Chr8	100.000	60	0	1	60	612380	612321	3.56e-25	60
ERR21887218464	Chr8	100.000	60	0	1	60	622686	622745	3.56e-25	60
ERR21887218464	Chr8	100.000	60	0	1	60	628579	628638	3.56e-25	60
ERR21887218464	Chr8	100.000	60	0	1	60	756301	756242	3.56e-25	60
ERR21887218464	Chr8	100.000	60	0	1	60	794705	794764	3.56e-25	60
ERR21887218464	Chr8	100.000	60	0	1	60	891964	891905	3.56e-25	60
ERR21887218464	Chr8	100.000	60	0	1	60	897856	897797	3.56e-25	60
ERR21887218464	Chr8	100.000	60	0	1	60	931760	931819	3.56e-25	60
ERR21887218464	Chr8	100.000	60	0	1	60	1003138	1003079	3.56e-25	60
ERR21887218464	Chr8	100.000	60	0	1	60	1215956	1216015	3.56e-25	60
ERR21887218464	Chr8	100.000	60	0	1	60	1294854	1294795	3.56e-25	60
ERR21887218464	Chr8	100.000	60	0	1	60	1300746	1300687	3.56e-25	60
ERR21887218464	Chr8	100.000	60	0	1	60	1306638	1306579	3.56e-25	60
ERR21887218464	Chr8	100.000	60	0	1	60	1312530	1312471	3.56e-25	60
ERR21887218464	Chr8	100.000	60	0	1	60	1318422	1318363	3.56e-25	60
ERR21887218464	Chr8	100.000	60	0	1	60	1324316	1324257	3.56e-25	60
ERR21887218464	Chr8	100.000	60	0	1	60	1411652	1411711	3.56e-25	60
ERR21887218464	Chr8	100.000	60	0	1	60	1444546	1444605	3.56e-25	60
ERR21887218464	Chr8	100.000	60	0	1	60	1450438	1450497	3.56e-25	60
ERR21887218464	Chr8	100.000	60	0	1	60	1552850	1552909	3.56e-25	60
ERR21887218464	Chr8	100.000	60	0	1	60	1596419	1596478	3.56e-25	60
ERR21887218464	Chr8	100.000	60	0	1	60	1596983	1597042	3.56e-25	60
ERR21887218464	Chr8	100.000	60	0	1	60	1735696	1735755	3.56e-25	60
ERR21887218464	Chr8	100.000	60	0	1	60	1819398	1819339	3.56e-25	60
ERR21887218464	Chr8	100.000	58	0	1	58	1429908	1429851	4.61e-24	60
ERR21887218464	Chr8	98.333	60	1	1	60	364293	364234	1.66e-23	60
ERR21887218464	Chr8	98.333	60	1	1	60	1659277	1659218	1.66e-23	60
ERR21887218464	Chr8	95.000	60	3	1	60	257430	257371	3.59e-20	60
ERR21887218464	Chr8	95.000	60	3	1	60	764335	764394	3.59e-20	60
ERR21887218464	Chr8	95.000	60	3	1	60	792292	792233	3.59e-20	60
ERR21887218464	Chr8	100.000	44	0	17	60	1143200	1143157	2.79e-16	60
ERR21887218464	Chr8	86.957	69	0	1	60	1158247	1158179	2.17e-12	60
ERR21887218464	Chr7	100.000	60	0	1	60	22591	22532	3.56e-25	60
ERR21887218464	Chr7	100.000	60	0	1	60	560603	560662	3.56e-25	60
ERR21887218464	Chr7	100.000	60	0	1	60	3955980	3956039	3.56e-25	60
ERR21887218464	Chr7	98.333	60	1	1	60	3967587	3967528	1.66e-23	60
ERR21887218464	Chr7	86.957	69	0	1	60	3955525	3955457	2.17e-12	60
ERR21887218464	Chr3	100.000	60	0	1	60	1615152	1615093	3.56e-25	60
ERR21887218464	Chr3	100.000	60	0	1	60	1977749	1977808	3.56e-25	60
ERR21887218464	Chr3	100.000	60	0	1	60	2743358	2743299	3.56e-25	60
ERR21887218464	Chr3	100.000	60	0	1	60	2834528	2834469	3.56e-25	60
ERR21887218464	Chr3	100.000	60	0	1	60	2840418	2840359	3.56e-25	60
ERR21887218464	Chr3	100.000	60	0	1	60	7758417	7758476	3.56e-25	60
ERR21887218464	Chr3	100.000	60	0	1	60	7836089	7836030	3.56e-25	60
ERR21887218464	Chr3	100.000	60	0	1	60	8074976	8074917	3.56e-25	60
ERR21887218464	Chr3	100.000	58	0	1	58	8147692	8147749	4.61e-24	60
ERR21887218464	Chr3	98.333	60	1	1	60	2588547	2588606	1.66e-23	60
ERR21887218464	Chr3	98.333	60	1	1	60	7858611	7858552	1.66e-23	60
ERR21887218464	Chr3	98.333	60	1	1	60	8074476	8074535	1.66e-23	60
ERR21887218464	Chr3	98.276	58	1	1	58	8194053	8193996	2.14e-22	60
ERR21887218464	Chr3	96.667	60	2	1	60	1621041	1620982	7.71e-22	60
ERR21887218464	Chr3	96.667	60	2	1	60	2041898	2041839	7.71e-22	60
ERR21887218464	Chr3	96.667	60	2	1	60	2574120	2574179	7.71e-22	60
ERR21887218464	Chr3	96.667	60	2	1	60	2596141	2596200	7.71e-22	60
ERR21887218464	Chr3	96.667	60	2	1	60	2750595	2750654	7.71e-22	60
ERR21887218464	Chr3	96.667	60	2	1	60	8176315	8176256	7.71e-22	60
ERR21887218464	Chr3	94.828	58	3	1	58	7792226	7792283	4.64e-19	60
ERR21887218464	Chr3	93.443	61	3	1	60	2589666	2589606	1.67e-18	60
ERR21887218464	Chr3	98.039	51	1	10	60	7649712	7649662	1.67e-18	60
ERR21887218464	Chr3	90.000	60	6	1	60	2538979	2538920	3.61e-15	60
ERR21887218464	Chr3	92.857	42	0	19	60	7748368	7748406	4.71e-09	60
ERR21887218464	Chr2	100.000	60	0	1	60	18629	18570	3.56e-25	60
ERR21887218464	Chr2	100.000	60	0	1	60	7396677	7396736	3.56e-25	60
ERR21887218464	Chr1	100.000	60	0	1	60	393107	393048	3.56e-25	60
ERR21887218464	Chr1	100.000	60	0	1	60	399981	399922	3.56e-25	60
ERR21887218464	Chr1	100.000	60	0	1	60	513552	513611	3.56e-25	60
ERR21887218464	Chr1	100.000	60	0	1	60	540889	540830	3.56e-25	60
ERR21887218464	Chr1	100.000	60	0	1	60	1292251	1292192	3.56e-25	60
ERR21887218464	Chr1	100.000	60	0	1	60	2289645	2289586	3.56e-25	60
ERR21887218464	Chr1	100.000	60	0	1	60	2306788	2306847	3.56e-25	60
ERR21887218464	Chr1	100.000	60	0	1	60	6382879	6382820	3.56e-25	60
ERR21887218464	Chr1	100.000	60	0	1	60	6654653	6654712	3.56e-25	60
ERR21887218464	Chr1	98.333	60	1	1	60	6644020	6644079	1.66e-23	60
ERR21887218464	Chr1	96.774	62	0	1	60	409170	409231	2.14e-22	60
ERR21887218464	Chr1	96.667	60	2	1	60	2201691	2201632	7.71e-22	60
ERR21887218464	Chr1	93.443	61	3	1	60	2286307	2286247	1.67e-18	60
ERR21887218464	Chr1	93.333	60	4	1	60	6648768	6648827	1.67e-18	60
ERR21887218464	Chr1	93.220	59	3	1	58	555064	555006	2.16e-17	60
ERR21887218464	Chr1	93.220	59	3	1	58	1261287	1261229	2.16e-17	60
ERR21887218464	Chr1	86.957	69	0	1	60	2213522	2213590	2.17e-12	60
ERR21887218464	Chr1	86.957	69	0	1	60	6381845	6381913	2.17e-12	60
ERR21887218736	Chr6	93.220	59	4	1	59	105927	105985	6.00e-18	60
ERR2188721144	Chr6	100.000	60	0	1	60	105927	105986	3.56e-25	60
ERR21887215464	Chr8	100.000	56	0	1	56	758315	758370	5.35e-23	56
ERR21887215464	Chr8	100.000	56	0	1	56	1296869	1296924	5.35e-23	56
ERR21887215464	Chr8	100.000	56	0	1	56	1302761	1302816	5.35e-23	56
ERR21887215464	Chr8	100.000	56	0	1	56	1308654	1308709	5.35e-23	56
ERR21887215464	Chr8	100.000	56	0	1	56	1314544	1314599	5.35e-23	56
ERR21887215464	Chr8	100.000	56	0	1	56	1320438	1320493	5.35e-23	56
ERR21887215464	Chr8	100.000	56	0	1	56	1431923	1431978	5.35e-23	56
ERR21887215464	Chr8	100.000	56	0	1	56	1448424	1448369	5.35e-23	56
ERR21887215464	Chr8	98.214	56	1	1	56	626563	626508	2.49e-21	56
ERR21887215464	Chr8	96.429	56	2	1	56	893980	894035	1.16e-19	56
ERR21887215464	Chr8	96.429	56	2	1	56	1005154	1005209	1.16e-19	56
ERR21887215464	Chr7	100.000	56	0	1	56	3889799	3889854	5.35e-23	56
ERR21887215464	Chr3	100.000	56	0	1	56	1617166	1617221	5.35e-23	56
ERR21887215464	Chr3	100.000	56	0	1	56	1654037	1653982	5.35e-23	56
ERR21887215464	Chr3	100.000	56	0	1	56	2836541	2836596	5.35e-23	56
ERR21887215464	Chr2	100.000	56	0	1	56	7262249	7262194	5.35e-23	56
ERR21887215464	Chr1	94.340	53	3	4	56	6395572	6395520	2.51e-16	56
ERR21887215464	Chr1	92.308	52	4	5	56	440352	440301	4.19e-14	56
ERR21887215488	Chr8	100.000	59	0	1	59	758315	758373	1.28e-24	60
ERR21887215488	Chr8	100.000	59	0	1	59	1296869	1296927	1.28e-24	60
ERR21887215488	Chr8	100.000	59	0	1	59	1302761	1302819	1.28e-24	60
ERR21887215488	Chr8	100.000	59	0	1	59	1308654	1308712	1.28e-24	60
ERR21887215488	Chr8	100.000	59	0	1	59	1314544	1314602	1.28e-24	60
ERR21887215488	Chr8	100.000	59	0	1	59	1320438	1320496	1.28e-24	60
ERR21887215488	Chr8	100.000	59	0	1	59	1431923	1431981	1.28e-24	60
ERR21887215488	Chr8	100.000	59	0	1	59	1448424	1448366	1.28e-24	60
ERR21887215488	Chr8	98.333	60	1	1	60	626563	626504	1.66e-23	60
ERR21887215488	Chr8	96.667	60	2	1	60	893980	894039	7.71e-22	60
ERR21887215488	Chr8	96.667	60	2	1	60	1005154	1005213	7.71e-22	60
ERR21887215488	Chr7	100.000	59	0	1	59	3889799	3889857	1.28e-24	60
ERR21887215488	Chr3	100.000	59	0	1	59	1617166	1617224	1.28e-24	60
ERR21887215488	Chr3	100.000	59	0	1	59	1654037	1653979	1.28e-24	60
ERR21887215488	Chr3	100.000	59	0	1	59	2836541	2836599	1.28e-24	60
ERR21887215488	Chr2	100.000	59	0	1	59	7262249	7262191	1.28e-24	60
ERR21887215488	Chr1	94.643	56	3	4	59	6395572	6395517	6.00e-18	60
ERR21887215488	Chr1	92.308	52	4	5	56	440352	440301	4.67e-14	60
ERR21887215808	Chr4	100.000	40	0	1	40	120496	120457	2.28e-14	40
ERR21887219144	Chr4	100.000	42	0	1	42	120457	120498	1.95e-15	42
