ERR20616201920	Chr2	100.000	44	0	17	60	4496118	4496075	2.79e-16	60	TelYs	4496027	revT
ERR20616202648	Chr8	100.000	60	0	1	60	2757	2698	3.56e-25	60	TelYs	2650	revT
ERR20616202648	Chr8	100.000	60	0	1	60	7927	7868	3.56e-25	60	TelYs	7820	revT
ERR20616202648	Chr8	100.000	60	0	1	60	12958	12899	3.56e-25	60	TelYs	12851	revT
ERR20616202648	Chr8	100.000	60	0	1	60	1846212	1846271	3.56e-25	60	TelYs	1846223	revF
ERR20616202648	Chr8	100.000	60	0	1	60	1851349	1851408	3.56e-25	60	TelYs	1851360	revF
ERR20616202648	Chr8	100.000	60	0	1	60	1856415	1856474	3.56e-25	60	TelYs	1856426	revF
ERR20616202648	Chr8	100.000	60	0	1	60	1861433	1861492	3.56e-25	60	TelYs	1861444	revF
ERR20616202648	Chr8	100.000	60	0	1	60	1866578	1866637	3.56e-25	60	TelYs	1866589	revF
ERR20616202648	Chr8	100.000	60	0	1	60	1871716	1871775	3.56e-25	60	TelYs	1871727	revF
ERR20616202648	Chr8	100.000	60	0	1	60	1876839	1876898	3.56e-25	60	TelYs	1876850	revF
ERR20616202648	Chr8	100.000	60	0	1	60	1881966	1882025	3.56e-25	60	TelYs	1881977	revF
ERR20616202648	Chr8	100.000	60	0	1	60	1887095	1887154	3.56e-25	60	TelYs	1887106	revF
ERR20616202648	Chr8	100.000	60	0	1	60	1892082	1892141	3.56e-25	60	TelYs	1892093	revF
ERR20616202648	Chr8	100.000	60	0	1	60	1897174	1897233	3.56e-25	60	TelYs	1897185	revF
ERR20616202648	Chr8	100.000	60	0	1	60	1902186	1902245	3.56e-25	60	TelYs	1902197	revF
ERR20616202648	Chr7	100.000	60	0	1	60	1050	991	3.56e-25	60	TelYs	943	revT
ERR20616202648	Chr7	100.000	60	0	1	60	6080	6021	3.56e-25	60	TelYs	5973	revT
ERR20616202648	Chr7	100.000	60	0	1	60	4040513	4040572	3.56e-25	60	TelYs	4040524	revF
ERR20616202648	Chr7	100.000	60	0	1	60	4047974	4048033	3.56e-25	60	TelYs	4047985	revF
ERR20616202648	Chr7	100.000	60	0	1	60	4053005	4053064	3.56e-25	60	TelYs	4053016	revF
ERR20616202648	Chr7	100.000	60	0	1	60	4058163	4058222	3.56e-25	60	TelYs	4058174	revF
ERR20616202648	Chr7	100.000	60	0	1	60	4063194	4063253	3.56e-25	60	TelYs	4063205	revF
ERR20616202648	Chr7	100.000	60	0	1	60	4068215	4068274	3.56e-25	60	TelYs	4068226	revF
ERR20616202648	Chr7	100.000	60	0	1	60	4073319	4073378	3.56e-25	60	TelYs	4073330	revF
ERR20616202648	Chr7	100.000	60	0	1	60	4078316	4078375	3.56e-25	60	TelYs	4078327	revF
ERR20616202648	Chr6	100.000	60	0	1	60	1246	1187	3.56e-25	60	TelYs	1139	revT
ERR20616202648	Chr6	100.000	60	0	1	60	6292	6233	3.56e-25	60	TelYs	6185	revT
ERR20616202648	Chr6	100.000	60	0	1	60	11313	11254	3.56e-25	60	TelYs	11206	revT
ERR20616202648	Chr6	100.000	60	0	1	60	16350	16291	3.56e-25	60	TelYs	16243	revT
ERR20616202648	Chr6	100.000	60	0	1	60	21371	21312	3.56e-25	60	TelYs	21264	revT
ERR20616202648	Chr6	100.000	60	0	1	60	6106890	6106949	3.56e-25	60	TelYs	6106901	revF
ERR20616202648	Chr6	100.000	60	0	1	60	6112004	6112063	3.56e-25	60	TelYs	6112015	revF
ERR20616202648	Chr6	100.000	60	0	1	60	6117049	6117108	3.56e-25	60	TelYs	6117060	revF
ERR20616202648	Chr6	100.000	60	0	1	60	6122090	6122149	3.56e-25	60	TelYs	6122101	revF
ERR20616202648	Chr6	100.000	60	0	1	60	6127251	6127310	3.56e-25	60	TelYs	6127262	revF
ERR20616202648	Chr6	100.000	60	0	1	60	6132291	6132350	3.56e-25	60	TelYs	6132302	revF
ERR20616202648	Chr5	100.000	60	0	1	60	999	940	3.56e-25	60	TelYs	892	revT
ERR20616202648	Chr5	100.000	60	0	1	60	4438897	4438956	3.56e-25	60	TelYs	4438908	revF
ERR20616202648	Chr5	100.000	60	0	1	60	4443925	4443984	3.56e-25	60	TelYs	4443936	revF
ERR20616202648	Chr5	100.000	60	0	1	60	4448966	4449025	3.56e-25	60	TelYs	4448977	revF
ERR20616202648	Chr5	100.000	60	0	1	60	4454019	4454078	3.56e-25	60	TelYs	4454030	revF
ERR20616202648	Chr5	100.000	60	0	1	60	4459063	4459122	3.56e-25	60	TelYs	4459074	revF
ERR20616202648	Chr4	100.000	60	0	1	60	1080	1021	3.56e-25	60	TelYs	973	revT
ERR20616202648	Chr4	100.000	60	0	1	60	6106	6047	3.56e-25	60	TelYs	5999	revT
ERR20616202648	Chr4	100.000	60	0	1	60	11143	11084	3.56e-25	60	TelYs	11036	revT
ERR20616202648	Chr4	100.000	60	0	1	60	5397834	5397893	3.56e-25	60	TelYs	5397845	revF
ERR20616202648	Chr4	100.000	60	0	1	60	5402880	5402939	3.56e-25	60	TelYs	5402891	revF
ERR20616202648	Chr4	100.000	60	0	1	60	5407917	5407976	3.56e-25	60	TelYs	5407928	revF
ERR20616202648	Chr4	100.000	60	0	1	60	5412132	5412191	3.56e-25	60	TelYs	5412143	revF
ERR20616202648	Chr3	100.000	60	0	1	60	618	559	3.56e-25	60	TelYs	511	revT
ERR20616202648	Chr3	100.000	60	0	1	60	5609	5550	3.56e-25	60	TelYs	5502	revT
ERR20616202648	Chr3	100.000	60	0	1	60	10598	10539	3.56e-25	60	TelYs	10491	revT
ERR20616202648	Chr3	100.000	60	0	1	60	8226635	8226694	3.56e-25	60	TelYs	8226646	revF
ERR20616202648	Chr3	100.000	60	0	1	60	8231650	8231709	3.56e-25	60	TelYs	8231661	revF
ERR20616202648	Chr3	98.361	61	0	1	60	8236684	8236744	1.66e-23	60	TelYs	8236696	revF
ERR20616202648	Chr2	100.000	60	0	1	60	1206	1147	3.56e-25	60	TelYs	1099	revT
ERR20616202648	Chr2	100.000	60	0	1	60	6279	6220	3.56e-25	60	TelYs	6172	revT
ERR20616202648	Chr2	100.000	60	0	1	60	11305	11246	3.56e-25	60	TelYs	11198	revT
ERR20616202648	Chr2	100.000	60	0	1	60	7914376	7914435	3.56e-25	60	TelYs	7914387	revF
ERR20616202648	Chr1	100.000	60	0	1	60	6667135	6667194	3.56e-25	60	TelYs	6667146	revF
ERR20616201992	Chr8	100.000	60	0	1	60	2756	2697	3.56e-25	60	TelYs	2649	revT
ERR20616201992	Chr8	100.000	60	0	1	60	7926	7867	3.56e-25	60	TelYs	7819	revT
ERR20616201992	Chr8	100.000	60	0	1	60	12957	12898	3.56e-25	60	TelYs	12850	revT
ERR20616201992	Chr8	100.000	60	0	1	60	1846213	1846272	3.56e-25	60	TelYs	1846224	revF
ERR20616201992	Chr8	100.000	60	0	1	60	1851350	1851409	3.56e-25	60	TelYs	1851361	revF
ERR20616201992	Chr8	100.000	60	0	1	60	1856416	1856475	3.56e-25	60	TelYs	1856427	revF
ERR20616201992	Chr8	100.000	60	0	1	60	1861434	1861493	3.56e-25	60	TelYs	1861445	revF
ERR20616201992	Chr8	100.000	60	0	1	60	1866579	1866638	3.56e-25	60	TelYs	1866590	revF
ERR20616201992	Chr8	100.000	60	0	1	60	1871717	1871776	3.56e-25	60	TelYs	1871728	revF
ERR20616201992	Chr8	100.000	60	0	1	60	1876840	1876899	3.56e-25	60	TelYs	1876851	revF
ERR20616201992	Chr8	100.000	60	0	1	60	1881967	1882026	3.56e-25	60	TelYs	1881978	revF
ERR20616201992	Chr8	100.000	60	0	1	60	1887096	1887155	3.56e-25	60	TelYs	1887107	revF
ERR20616201992	Chr8	100.000	60	0	1	60	1892083	1892142	3.56e-25	60	TelYs	1892094	revF
ERR20616201992	Chr8	100.000	60	0	1	60	1897175	1897234	3.56e-25	60	TelYs	1897186	revF
ERR20616201992	Chr8	100.000	60	0	1	60	1902187	1902246	3.56e-25	60	TelYs	1902198	revF
ERR20616201992	Chr7	100.000	60	0	1	60	1049	990	3.56e-25	60	TelYs	942	revT
ERR20616201992	Chr7	100.000	60	0	1	60	6079	6020	3.56e-25	60	TelYs	5972	revT
ERR20616201992	Chr7	100.000	60	0	1	60	4040514	4040573	3.56e-25	60	TelYs	4040525	revF
ERR20616201992	Chr7	100.000	60	0	1	60	4047975	4048034	3.56e-25	60	TelYs	4047986	revF
ERR20616201992	Chr7	100.000	60	0	1	60	4053006	4053065	3.56e-25	60	TelYs	4053017	revF
ERR20616201992	Chr7	100.000	60	0	1	60	4058164	4058223	3.56e-25	60	TelYs	4058175	revF
ERR20616201992	Chr7	100.000	60	0	1	60	4063195	4063254	3.56e-25	60	TelYs	4063206	revF
ERR20616201992	Chr7	100.000	60	0	1	60	4068216	4068275	3.56e-25	60	TelYs	4068227	revF
ERR20616201992	Chr7	100.000	60	0	1	60	4073320	4073379	3.56e-25	60	TelYs	4073331	revF
ERR20616201992	Chr7	100.000	60	0	1	60	4078317	4078376	3.56e-25	60	TelYs	4078328	revF
ERR20616201992	Chr6	100.000	60	0	1	60	1245	1186	3.56e-25	60	TelYs	1138	revT
ERR20616201992	Chr6	100.000	60	0	1	60	6291	6232	3.56e-25	60	TelYs	6184	revT
ERR20616201992	Chr6	100.000	60	0	1	60	11312	11253	3.56e-25	60	TelYs	11205	revT
ERR20616201992	Chr6	100.000	60	0	1	60	16349	16290	3.56e-25	60	TelYs	16242	revT
ERR20616201992	Chr6	100.000	60	0	1	60	21370	21311	3.56e-25	60	TelYs	21263	revT
ERR20616201992	Chr6	100.000	60	0	1	60	6106891	6106950	3.56e-25	60	TelYs	6106902	revF
ERR20616201992	Chr6	100.000	60	0	1	60	6112005	6112064	3.56e-25	60	TelYs	6112016	revF
ERR20616201992	Chr6	100.000	60	0	1	60	6117050	6117109	3.56e-25	60	TelYs	6117061	revF
ERR20616201992	Chr6	100.000	60	0	1	60	6122091	6122150	3.56e-25	60	TelYs	6122102	revF
ERR20616201992	Chr6	100.000	60	0	1	60	6127252	6127311	3.56e-25	60	TelYs	6127263	revF
ERR20616201992	Chr6	100.000	60	0	1	60	6132292	6132351	3.56e-25	60	TelYs	6132303	revF
ERR20616201992	Chr5	100.000	60	0	1	60	998	939	3.56e-25	60	TelYs	891	revT
ERR20616201992	Chr5	100.000	60	0	1	60	4438898	4438957	3.56e-25	60	TelYs	4438909	revF
ERR20616201992	Chr5	100.000	60	0	1	60	4443926	4443985	3.56e-25	60	TelYs	4443937	revF
ERR20616201992	Chr5	100.000	60	0	1	60	4448967	4449026	3.56e-25	60	TelYs	4448978	revF
ERR20616201992	Chr5	100.000	60	0	1	60	4454020	4454079	3.56e-25	60	TelYs	4454031	revF
ERR20616201992	Chr5	100.000	60	0	1	60	4459064	4459123	3.56e-25	60	TelYs	4459075	revF
ERR20616201992	Chr4	100.000	60	0	1	60	1079	1020	3.56e-25	60	TelYs	972	revT
ERR20616201992	Chr4	100.000	60	0	1	60	6105	6046	3.56e-25	60	TelYs	5998	revT
ERR20616201992	Chr4	100.000	60	0	1	60	11142	11083	3.56e-25	60	TelYs	11035	revT
ERR20616201992	Chr4	100.000	60	0	1	60	5397835	5397894	3.56e-25	60	TelYs	5397846	revF
ERR20616201992	Chr4	100.000	60	0	1	60	5402881	5402940	3.56e-25	60	TelYs	5402892	revF
ERR20616201992	Chr4	100.000	60	0	1	60	5407918	5407977	3.56e-25	60	TelYs	5407929	revF
ERR20616201992	Chr4	100.000	60	0	1	60	5412133	5412192	3.56e-25	60	TelYs	5412144	revF
ERR20616201992	Chr3	100.000	60	0	1	60	617	558	3.56e-25	60	TelYs	510	revT
ERR20616201992	Chr3	100.000	60	0	1	60	5608	5549	3.56e-25	60	TelYs	5501	revT
ERR20616201992	Chr3	100.000	60	0	1	60	10597	10538	3.56e-25	60	TelYs	10490	revT
ERR20616201992	Chr3	100.000	60	0	1	60	8226636	8226695	3.56e-25	60	TelYs	8226647	revF
ERR20616201992	Chr3	100.000	60	0	1	60	8231651	8231710	3.56e-25	60	TelYs	8231662	revF
ERR20616201992	Chr3	98.361	61	0	1	60	8236685	8236745	1.66e-23	60	TelYs	8236697	revF
ERR20616201992	Chr2	100.000	60	0	1	60	1205	1146	3.56e-25	60	TelYs	1098	revT
ERR20616201992	Chr2	100.000	60	0	1	60	6278	6219	3.56e-25	60	TelYs	6171	revT
ERR20616201992	Chr2	100.000	60	0	1	60	11304	11245	3.56e-25	60	TelYs	11197	revT
ERR20616201992	Chr2	100.000	60	0	1	60	7914377	7914436	3.56e-25	60	TelYs	7914388	revF
ERR20616201992	Chr1	100.000	60	0	1	60	6667136	6667195	3.56e-25	60	TelYs	6667147	revF
ERR20616203072	Chr8	100.000	60	0	1	60	2754	2695	3.56e-25	60	TelYs	2647	revT
ERR20616203072	Chr8	100.000	60	0	1	60	7924	7865	3.56e-25	60	TelYs	7817	revT
ERR20616203072	Chr8	100.000	60	0	1	60	12955	12896	3.56e-25	60	TelYs	12848	revT
ERR20616203072	Chr8	100.000	60	0	1	60	1846215	1846274	3.56e-25	60	TelYs	1846226	revF
ERR20616203072	Chr8	100.000	60	0	1	60	1851352	1851411	3.56e-25	60	TelYs	1851363	revF
ERR20616203072	Chr8	100.000	60	0	1	60	1856418	1856477	3.56e-25	60	TelYs	1856429	revF
ERR20616203072	Chr8	100.000	60	0	1	60	1861436	1861495	3.56e-25	60	TelYs	1861447	revF
ERR20616203072	Chr8	100.000	60	0	1	60	1866581	1866640	3.56e-25	60	TelYs	1866592	revF
ERR20616203072	Chr8	100.000	60	0	1	60	1871719	1871778	3.56e-25	60	TelYs	1871730	revF
ERR20616203072	Chr8	100.000	60	0	1	60	1876842	1876901	3.56e-25	60	TelYs	1876853	revF
ERR20616203072	Chr8	100.000	60	0	1	60	1881969	1882028	3.56e-25	60	TelYs	1881980	revF
ERR20616203072	Chr8	100.000	60	0	1	60	1887098	1887157	3.56e-25	60	TelYs	1887109	revF
ERR20616203072	Chr8	100.000	60	0	1	60	1892085	1892144	3.56e-25	60	TelYs	1892096	revF
ERR20616203072	Chr8	100.000	60	0	1	60	1897177	1897236	3.56e-25	60	TelYs	1897188	revF
ERR20616203072	Chr8	100.000	60	0	1	60	1902189	1902248	3.56e-25	60	TelYs	1902200	revF
ERR20616203072	Chr7	100.000	60	0	1	60	1047	988	3.56e-25	60	TelYs	940	revT
ERR20616203072	Chr7	100.000	60	0	1	60	6077	6018	3.56e-25	60	TelYs	5970	revT
ERR20616203072	Chr7	100.000	60	0	1	60	4040516	4040575	3.56e-25	60	TelYs	4040527	revF
ERR20616203072	Chr7	100.000	60	0	1	60	4047977	4048036	3.56e-25	60	TelYs	4047988	revF
ERR20616203072	Chr7	100.000	60	0	1	60	4053008	4053067	3.56e-25	60	TelYs	4053019	revF
ERR20616203072	Chr7	100.000	60	0	1	60	4058166	4058225	3.56e-25	60	TelYs	4058177	revF
ERR20616203072	Chr7	100.000	60	0	1	60	4063197	4063256	3.56e-25	60	TelYs	4063208	revF
ERR20616203072	Chr7	100.000	60	0	1	60	4068218	4068277	3.56e-25	60	TelYs	4068229	revF
ERR20616203072	Chr7	100.000	60	0	1	60	4073322	4073381	3.56e-25	60	TelYs	4073333	revF
ERR20616203072	Chr7	100.000	60	0	1	60	4078319	4078378	3.56e-25	60	TelYs	4078330	revF
ERR20616203072	Chr6	100.000	60	0	1	60	1243	1184	3.56e-25	60	TelYs	1136	revT
ERR20616203072	Chr6	100.000	60	0	1	60	6289	6230	3.56e-25	60	TelYs	6182	revT
ERR20616203072	Chr6	100.000	60	0	1	60	11310	11251	3.56e-25	60	TelYs	11203	revT
ERR20616203072	Chr6	100.000	60	0	1	60	16347	16288	3.56e-25	60	TelYs	16240	revT
ERR20616203072	Chr6	100.000	60	0	1	60	21368	21309	3.56e-25	60	TelYs	21261	revT
ERR20616203072	Chr6	100.000	60	0	1	60	6106893	6106952	3.56e-25	60	TelYs	6106904	revF
ERR20616203072	Chr6	100.000	60	0	1	60	6112007	6112066	3.56e-25	60	TelYs	6112018	revF
ERR20616203072	Chr6	100.000	60	0	1	60	6117052	6117111	3.56e-25	60	TelYs	6117063	revF
ERR20616203072	Chr6	100.000	60	0	1	60	6122093	6122152	3.56e-25	60	TelYs	6122104	revF
ERR20616203072	Chr6	100.000	60	0	1	60	6127254	6127313	3.56e-25	60	TelYs	6127265	revF
ERR20616203072	Chr6	100.000	60	0	1	60	6132294	6132353	3.56e-25	60	TelYs	6132305	revF
ERR20616203072	Chr5	100.000	60	0	1	60	996	937	3.56e-25	60	TelYs	889	revT
ERR20616203072	Chr5	100.000	60	0	1	60	4438900	4438959	3.56e-25	60	TelYs	4438911	revF
ERR20616203072	Chr5	100.000	60	0	1	60	4443928	4443987	3.56e-25	60	TelYs	4443939	revF
ERR20616203072	Chr5	100.000	60	0	1	60	4448969	4449028	3.56e-25	60	TelYs	4448980	revF
ERR20616203072	Chr5	100.000	60	0	1	60	4454022	4454081	3.56e-25	60	TelYs	4454033	revF
ERR20616203072	Chr5	100.000	60	0	1	60	4459066	4459125	3.56e-25	60	TelYs	4459077	revF
ERR20616203072	Chr4	100.000	60	0	1	60	1077	1018	3.56e-25	60	TelYs	970	revT
ERR20616203072	Chr4	100.000	60	0	1	60	6103	6044	3.56e-25	60	TelYs	5996	revT
ERR20616203072	Chr4	100.000	60	0	1	60	11140	11081	3.56e-25	60	TelYs	11033	revT
ERR20616203072	Chr4	100.000	60	0	1	60	5397837	5397896	3.56e-25	60	TelYs	5397848	revF
ERR20616203072	Chr4	100.000	60	0	1	60	5402883	5402942	3.56e-25	60	TelYs	5402894	revF
ERR20616203072	Chr4	100.000	60	0	1	60	5407920	5407979	3.56e-25	60	TelYs	5407931	revF
ERR20616203072	Chr4	100.000	60	0	1	60	5412135	5412194	3.56e-25	60	TelYs	5412146	revF
ERR20616203072	Chr3	100.000	60	0	1	60	615	556	3.56e-25	60	TelYs	508	revT
ERR20616203072	Chr3	100.000	60	0	1	60	5606	5547	3.56e-25	60	TelYs	5499	revT
ERR20616203072	Chr3	100.000	60	0	1	60	10595	10536	3.56e-25	60	TelYs	10488	revT
ERR20616203072	Chr3	100.000	60	0	1	60	8226638	8226697	3.56e-25	60	TelYs	8226649	revF
ERR20616203072	Chr3	100.000	60	0	1	60	8231653	8231712	3.56e-25	60	TelYs	8231664	revF
ERR20616203072	Chr3	98.361	61	0	1	60	8236687	8236747	1.66e-23	60	TelYs	8236699	revF
ERR20616203072	Chr2	100.000	60	0	1	60	1203	1144	3.56e-25	60	TelYs	1096	revT
ERR20616203072	Chr2	100.000	60	0	1	60	6276	6217	3.56e-25	60	TelYs	6169	revT
ERR20616203072	Chr2	100.000	60	0	1	60	11302	11243	3.56e-25	60	TelYs	11195	revT
ERR20616203072	Chr2	100.000	60	0	1	60	7914379	7914438	3.56e-25	60	TelYs	7914390	revF
ERR20616203072	Chr1	100.000	60	0	1	60	6667138	6667197	3.56e-25	60	TelYs	6667149	revF
ERR20616206376	Chr2	87.500	48	6	13	60	2265936	2265983	4.71e-09	60	TelYs	2265935	revF
ERR20616201912	Chr2	100.000	59	0	2	60	3872773	3872831	1.28e-24	60	TelYs	3872783	revF
ERR20616204376	Chr3	100.000	52	0	1	52	5891257	5891308	9.97e-21	60	TelYs	5891260	revF
ERR20616209080	Chr8	96.667	60	2	1	60	2897	2838	7.71e-22	60	TelYs	2790	revT
ERR20616209080	Chr8	96.667	60	2	1	60	8067	8008	7.71e-22	60	TelYs	7960	revT
ERR20616209080	Chr8	96.667	60	2	1	60	13097	13038	7.71e-22	60	TelYs	12990	revT
ERR20616209080	Chr8	96.667	60	2	1	60	1846072	1846131	7.71e-22	60	TelYs	1846083	revF
ERR20616209080	Chr8	96.667	60	2	1	60	1851209	1851268	7.71e-22	60	TelYs	1851220	revF
ERR20616209080	Chr8	96.667	60	2	1	60	1856275	1856334	7.71e-22	60	TelYs	1856286	revF
ERR20616209080	Chr8	96.667	60	2	1	60	1861294	1861353	7.71e-22	60	TelYs	1861305	revF
ERR20616209080	Chr8	96.667	60	2	1	60	1866437	1866496	7.71e-22	60	TelYs	1866448	revF
ERR20616209080	Chr8	96.667	60	2	1	60	1886956	1887015	7.71e-22	60	TelYs	1886967	revF
ERR20616209080	Chr8	96.667	60	2	1	60	1902049	1902108	7.71e-22	60	TelYs	1902060	revF
ERR20616209080	Chr8	95.000	60	2	1	60	1871578	1871636	1.29e-19	60	TelYs	1871588	revF
ERR20616209080	Chr8	95.000	60	2	1	60	1876701	1876759	1.29e-19	60	TelYs	1876711	revF
ERR20616209080	Chr8	95.000	60	2	1	60	1881828	1881886	1.29e-19	60	TelYs	1881838	revF
ERR20616209080	Chr8	95.000	60	2	1	60	1891946	1892004	1.29e-19	60	TelYs	1891956	revF
ERR20616209080	Chr8	95.000	60	2	1	60	1897037	1897095	1.29e-19	60	TelYs	1897047	revF
ERR20616209080	Chr8	93.333	60	4	1	60	2945	2886	1.67e-18	60	TelYs	2838	revT
ERR20616209080	Chr8	93.333	60	4	1	60	8115	8056	1.67e-18	60	TelYs	8008	revT
ERR20616209080	Chr8	93.333	60	4	1	60	13145	13086	1.67e-18	60	TelYs	13038	revT
ERR20616209080	Chr8	93.333	60	4	1	60	1846024	1846083	1.67e-18	60	TelYs	1846035	revF
ERR20616209080	Chr8	93.333	60	4	1	60	1851161	1851220	1.67e-18	60	TelYs	1851172	revF
ERR20616209080	Chr8	93.333	60	4	1	60	1856227	1856286	1.67e-18	60	TelYs	1856238	revF
ERR20616209080	Chr8	93.333	60	4	1	60	1861246	1861305	1.67e-18	60	TelYs	1861257	revF
ERR20616209080	Chr8	93.333	60	4	1	60	1866389	1866448	1.67e-18	60	TelYs	1866400	revF
ERR20616209080	Chr8	93.333	60	4	1	60	1871530	1871589	1.67e-18	60	TelYs	1871541	revF
ERR20616209080	Chr8	93.333	60	4	1	60	1876653	1876712	1.67e-18	60	TelYs	1876664	revF
ERR20616209080	Chr8	93.333	60	4	1	60	1881780	1881839	1.67e-18	60	TelYs	1881791	revF
ERR20616209080	Chr8	93.333	60	4	1	60	1886908	1886967	1.67e-18	60	TelYs	1886919	revF
ERR20616209080	Chr8	91.667	60	4	1	60	1891899	1891957	2.79e-16	60	TelYs	1891909	revF
ERR20616209080	Chr8	91.667	60	4	1	60	1896990	1897048	2.79e-16	60	TelYs	1897000	revF
ERR20616209080	Chr8	91.667	60	4	1	60	1902002	1902060	2.79e-16	60	TelYs	1902012	revF
ERR20616209080	Chr7	96.667	60	2	1	60	1189	1130	7.71e-22	60	TelYs	1082	revT
ERR20616209080	Chr7	96.667	60	2	1	60	6219	6160	7.71e-22	60	TelYs	6112	revT
ERR20616209080	Chr7	96.667	60	2	1	60	4040374	4040433	7.71e-22	60	TelYs	4040385	revF
ERR20616209080	Chr7	96.667	60	2	1	60	4047835	4047894	7.71e-22	60	TelYs	4047846	revF
ERR20616209080	Chr7	96.667	60	2	1	60	4052864	4052923	7.71e-22	60	TelYs	4052875	revF
ERR20616209080	Chr7	96.667	60	2	1	60	4058022	4058081	7.71e-22	60	TelYs	4058033	revF
ERR20616209080	Chr7	96.667	60	2	1	60	4063053	4063112	7.71e-22	60	TelYs	4063064	revF
ERR20616209080	Chr7	96.667	60	2	1	60	4068077	4068136	7.71e-22	60	TelYs	4068088	revF
ERR20616209080	Chr7	96.667	60	2	1	60	4073180	4073239	7.71e-22	60	TelYs	4073191	revF
ERR20616209080	Chr7	96.667	60	2	1	60	4078177	4078236	7.71e-22	60	TelYs	4078188	revF
ERR20616209080	Chr7	93.333	60	4	1	60	1237	1178	1.67e-18	60	TelYs	1130	revT
ERR20616209080	Chr7	93.333	60	4	1	60	6267	6208	1.67e-18	60	TelYs	6160	revT
ERR20616209080	Chr7	93.333	60	4	1	60	4040326	4040385	1.67e-18	60	TelYs	4040337	revF
ERR20616209080	Chr7	93.333	60	4	1	60	4047787	4047846	1.67e-18	60	TelYs	4047798	revF
ERR20616209080	Chr7	93.333	60	4	1	60	4052816	4052875	1.67e-18	60	TelYs	4052827	revF
ERR20616209080	Chr7	93.333	60	4	1	60	4057974	4058033	1.67e-18	60	TelYs	4057985	revF
ERR20616209080	Chr7	93.333	60	4	1	60	4063005	4063064	1.67e-18	60	TelYs	4063016	revF
ERR20616209080	Chr7	93.333	60	4	1	60	4068029	4068088	1.67e-18	60	TelYs	4068040	revF
ERR20616209080	Chr7	93.333	60	4	1	60	4073132	4073191	1.67e-18	60	TelYs	4073143	revF
ERR20616209080	Chr7	93.333	60	4	1	60	4078129	4078188	1.67e-18	60	TelYs	4078140	revF
ERR20616209080	Chr6	96.667	60	2	1	60	1386	1327	7.71e-22	60	TelYs	1279	revT
ERR20616209080	Chr6	96.667	60	2	1	60	6433	6374	7.71e-22	60	TelYs	6326	revT
ERR20616209080	Chr6	96.667	60	2	1	60	11453	11394	7.71e-22	60	TelYs	11346	revT
ERR20616209080	Chr6	96.667	60	2	1	60	16490	16431	7.71e-22	60	TelYs	16383	revT
ERR20616209080	Chr6	96.667	60	2	1	60	21511	21452	7.71e-22	60	TelYs	21404	revT
ERR20616209080	Chr6	96.667	60	2	1	60	6106749	6106808	7.71e-22	60	TelYs	6106760	revF
ERR20616209080	Chr6	96.667	60	2	1	60	6111864	6111923	7.71e-22	60	TelYs	6111875	revF
ERR20616209080	Chr6	96.667	60	2	1	60	6116909	6116968	7.71e-22	60	TelYs	6116920	revF
ERR20616209080	Chr6	96.667	60	2	1	60	6121949	6122008	7.71e-22	60	TelYs	6121960	revF
ERR20616209080	Chr6	96.667	60	2	1	60	6127110	6127169	7.71e-22	60	TelYs	6127121	revF
ERR20616209080	Chr6	96.667	60	2	1	60	6132151	6132210	7.71e-22	60	TelYs	6132162	revF
ERR20616209080	Chr6	93.333	60	4	1	60	1434	1375	1.67e-18	60	TelYs	1327	revT
ERR20616209080	Chr6	93.333	60	4	1	60	6481	6422	1.67e-18	60	TelYs	6374	revT
ERR20616209080	Chr6	93.333	60	4	1	60	11501	11442	1.67e-18	60	TelYs	11394	revT
ERR20616209080	Chr6	93.333	60	4	1	60	16538	16479	1.67e-18	60	TelYs	16431	revT
ERR20616209080	Chr6	93.333	60	4	1	60	21559	21500	1.67e-18	60	TelYs	21452	revT
ERR20616209080	Chr6	93.333	60	4	1	60	6106701	6106760	1.67e-18	60	TelYs	6106712	revF
ERR20616209080	Chr6	93.333	60	4	1	60	6111816	6111875	1.67e-18	60	TelYs	6111827	revF
ERR20616209080	Chr6	93.333	60	4	1	60	6116861	6116920	1.67e-18	60	TelYs	6116872	revF
ERR20616209080	Chr6	93.333	60	4	1	60	6121901	6121960	1.67e-18	60	TelYs	6121912	revF
ERR20616209080	Chr6	93.333	60	4	1	60	6127062	6127121	1.67e-18	60	TelYs	6127073	revF
ERR20616209080	Chr6	93.333	60	4	1	60	6132103	6132162	1.67e-18	60	TelYs	6132114	revF
ERR20616209080	Chr5	96.667	60	2	1	60	1139	1080	7.71e-22	60	TelYs	1032	revT
ERR20616209080	Chr5	96.667	60	2	1	60	4438757	4438816	7.71e-22	60	TelYs	4438768	revF
ERR20616209080	Chr5	96.667	60	2	1	60	4443785	4443844	7.71e-22	60	TelYs	4443796	revF
ERR20616209080	Chr5	96.667	60	2	1	60	4448826	4448885	7.71e-22	60	TelYs	4448837	revF
ERR20616209080	Chr5	96.667	60	2	1	60	4453880	4453939	7.71e-22	60	TelYs	4453891	revF
ERR20616209080	Chr5	96.667	60	2	1	60	4458923	4458982	7.71e-22	60	TelYs	4458934	revF
ERR20616209080	Chr5	93.333	60	4	1	60	1187	1128	1.67e-18	60	TelYs	1080	revT
ERR20616209080	Chr5	93.333	60	4	1	60	4438709	4438768	1.67e-18	60	TelYs	4438720	revF
ERR20616209080	Chr5	93.333	60	4	1	60	4443737	4443796	1.67e-18	60	TelYs	4443748	revF
ERR20616209080	Chr5	93.333	60	4	1	60	4448778	4448837	1.67e-18	60	TelYs	4448789	revF
ERR20616209080	Chr5	93.333	60	4	1	60	4453832	4453891	1.67e-18	60	TelYs	4453843	revF
ERR20616209080	Chr5	93.333	60	4	1	60	4458875	4458934	1.67e-18	60	TelYs	4458886	revF
ERR20616209080	Chr4	96.667	60	2	1	60	1220	1161	7.71e-22	60	TelYs	1113	revT
ERR20616209080	Chr4	96.667	60	2	1	60	6246	6187	7.71e-22	60	TelYs	6139	revT
ERR20616209080	Chr4	96.667	60	2	1	60	11284	11225	7.71e-22	60	TelYs	11177	revT
ERR20616209080	Chr4	96.667	60	2	1	60	5397694	5397753	7.71e-22	60	TelYs	5397705	revF
ERR20616209080	Chr4	96.667	60	2	1	60	5402739	5402798	7.71e-22	60	TelYs	5402750	revF
ERR20616209080	Chr4	96.667	60	2	1	60	5407777	5407836	7.71e-22	60	TelYs	5407788	revF
ERR20616209080	Chr4	96.667	60	2	1	60	5411992	5412051	7.71e-22	60	TelYs	5412003	revF
ERR20616209080	Chr4	93.333	60	4	1	60	1268	1209	1.67e-18	60	TelYs	1161	revT
ERR20616209080	Chr4	93.333	60	4	1	60	6294	6235	1.67e-18	60	TelYs	6187	revT
ERR20616209080	Chr4	93.333	60	4	1	60	11332	11273	1.67e-18	60	TelYs	11225	revT
ERR20616209080	Chr4	93.333	60	4	1	60	5397646	5397705	1.67e-18	60	TelYs	5397657	revF
ERR20616209080	Chr4	93.333	60	4	1	60	5402691	5402750	1.67e-18	60	TelYs	5402702	revF
ERR20616209080	Chr4	93.333	60	4	1	60	5407729	5407788	1.67e-18	60	TelYs	5407740	revF
ERR20616209080	Chr4	93.333	60	4	1	60	5411944	5412003	1.67e-18	60	TelYs	5411955	revF
ERR20616209080	Chr3	96.667	60	2	1	60	757	698	7.71e-22	60	TelYs	650	revT
ERR20616209080	Chr3	96.667	60	2	1	60	5748	5689	7.71e-22	60	TelYs	5641	revT
ERR20616209080	Chr3	96.667	60	2	1	60	10737	10678	7.71e-22	60	TelYs	10630	revT
ERR20616209080	Chr3	96.667	60	2	1	60	8226495	8226554	7.71e-22	60	TelYs	8226506	revF
ERR20616209080	Chr3	96.667	60	2	1	60	8231510	8231569	7.71e-22	60	TelYs	8231521	revF
ERR20616209080	Chr3	96.667	60	2	1	60	8236543	8236602	7.71e-22	60	TelYs	8236554	revF
ERR20616209080	Chr3	93.333	60	4	1	60	805	746	1.67e-18	60	TelYs	698	revT
ERR20616209080	Chr3	93.333	60	4	1	60	5796	5737	1.67e-18	60	TelYs	5689	revT
ERR20616209080	Chr3	93.333	60	4	1	60	10785	10726	1.67e-18	60	TelYs	10678	revT
ERR20616209080	Chr3	93.333	60	4	1	60	8226447	8226506	1.67e-18	60	TelYs	8226458	revF
ERR20616209080	Chr3	93.333	60	4	1	60	8231462	8231521	1.67e-18	60	TelYs	8231473	revF
ERR20616209080	Chr3	93.333	60	4	1	60	8236495	8236554	1.67e-18	60	TelYs	8236506	revF
ERR20616209080	Chr2	96.667	60	2	1	60	1345	1286	7.71e-22	60	TelYs	1238	revT
ERR20616209080	Chr2	96.667	60	2	1	60	6419	6360	7.71e-22	60	TelYs	6312	revT
ERR20616209080	Chr2	96.667	60	2	1	60	11445	11386	7.71e-22	60	TelYs	11338	revT
ERR20616209080	Chr2	96.667	60	2	1	60	7914236	7914295	7.71e-22	60	TelYs	7914247	revF
ERR20616209080	Chr2	93.333	60	4	1	60	1393	1334	1.67e-18	60	TelYs	1286	revT
ERR20616209080	Chr2	93.333	60	4	1	60	6467	6408	1.67e-18	60	TelYs	6360	revT
ERR20616209080	Chr2	93.333	60	4	1	60	11493	11434	1.67e-18	60	TelYs	11386	revT
ERR20616209080	Chr2	93.333	60	4	1	60	7914188	7914247	1.67e-18	60	TelYs	7914199	revF
ERR20616209080	Chr1	96.667	60	2	1	60	6666995	6667054	7.71e-22	60	TelYs	6667006	revF
ERR20616209080	Chr1	93.333	60	4	1	60	6666947	6667006	1.67e-18	60	TelYs	6666958	revF
ERR20616208944	Chr8	100.000	60	0	1	60	4239	4180	3.56e-25	60	TelYs	4132	revT
ERR20616208944	Chr8	100.000	60	0	1	60	9408	9349	3.56e-25	60	TelYs	9301	revT
ERR20616208944	Chr8	100.000	60	0	1	60	14438	14379	3.56e-25	60	TelYs	14331	revT
ERR20616208944	Chr8	100.000	60	0	1	60	1844730	1844789	3.56e-25	60	TelYs	1844741	revF
ERR20616208944	Chr8	100.000	60	0	1	60	1849867	1849926	3.56e-25	60	TelYs	1849878	revF
ERR20616208944	Chr8	100.000	60	0	1	60	1854934	1854993	3.56e-25	60	TelYs	1854945	revF
ERR20616208944	Chr8	100.000	60	0	1	60	1859956	1860015	3.56e-25	60	TelYs	1859967	revF
ERR20616208944	Chr8	100.000	60	0	1	60	1900715	1900774	3.56e-25	60	TelYs	1900726	revF
ERR20616208944	Chr8	98.333	60	0	1	60	1865099	1865157	5.96e-23	60	TelYs	1865109	revF
ERR20616208944	Chr8	98.333	60	0	1	60	1870238	1870296	5.96e-23	60	TelYs	1870248	revF
ERR20616208944	Chr8	98.333	60	0	1	60	1875366	1875424	5.96e-23	60	TelYs	1875376	revF
ERR20616208944	Chr8	98.333	60	0	1	60	1880488	1880546	5.96e-23	60	TelYs	1880498	revF
ERR20616208944	Chr8	98.333	60	0	1	60	1885620	1885678	5.96e-23	60	TelYs	1885630	revF
ERR20616208944	Chr8	98.333	60	0	1	60	1890615	1890673	5.96e-23	60	TelYs	1890625	revF
ERR20616208944	Chr8	98.333	60	0	1	60	1895708	1895766	5.96e-23	60	TelYs	1895718	revF
ERR20616208944	Chr7	100.000	60	0	1	60	2530	2471	3.56e-25	60	TelYs	2423	revT
ERR20616208944	Chr7	100.000	60	0	1	60	7561	7502	3.56e-25	60	TelYs	7454	revT
ERR20616208944	Chr7	100.000	60	0	1	60	4039033	4039092	3.56e-25	60	TelYs	4039044	revF
ERR20616208944	Chr7	100.000	60	0	1	60	4046494	4046553	3.56e-25	60	TelYs	4046505	revF
ERR20616208944	Chr7	100.000	60	0	1	60	4051523	4051582	3.56e-25	60	TelYs	4051534	revF
ERR20616208944	Chr7	100.000	60	0	1	60	4056681	4056740	3.56e-25	60	TelYs	4056692	revF
ERR20616208944	Chr7	100.000	60	0	1	60	4061712	4061771	3.56e-25	60	TelYs	4061723	revF
ERR20616208944	Chr7	100.000	60	0	1	60	4066742	4066801	3.56e-25	60	TelYs	4066753	revF
ERR20616208944	Chr7	98.333	60	0	1	60	4071852	4071910	5.96e-23	60	TelYs	4071862	revF
ERR20616208944	Chr7	98.333	60	0	1	60	4076842	4076900	5.96e-23	60	TelYs	4076852	revF
ERR20616208944	Chr6	100.000	60	0	1	60	2727	2668	3.56e-25	60	TelYs	2620	revT
ERR20616208944	Chr6	100.000	60	0	1	60	7774	7715	3.56e-25	60	TelYs	7667	revT
ERR20616208944	Chr6	100.000	60	0	1	60	12794	12735	3.56e-25	60	TelYs	12687	revT
ERR20616208944	Chr6	100.000	60	0	1	60	17831	17772	3.56e-25	60	TelYs	17724	revT
ERR20616208944	Chr6	100.000	60	0	1	60	22854	22795	3.56e-25	60	TelYs	22747	revT
ERR20616208944	Chr6	100.000	60	0	1	60	6105408	6105467	3.56e-25	60	TelYs	6105419	revF
ERR20616208944	Chr6	100.000	60	0	1	60	6110522	6110581	3.56e-25	60	TelYs	6110533	revF
ERR20616208944	Chr6	100.000	60	0	1	60	6115567	6115626	3.56e-25	60	TelYs	6115578	revF
ERR20616208944	Chr6	100.000	60	0	1	60	6125769	6125828	3.56e-25	60	TelYs	6125780	revF
ERR20616208944	Chr6	98.333	60	0	1	60	6120610	6120668	5.96e-23	60	TelYs	6120620	revF
ERR20616208944	Chr6	98.333	60	0	1	60	6130811	6130869	5.96e-23	60	TelYs	6130821	revF
ERR20616208944	Chr5	100.000	60	0	1	60	2480	2421	3.56e-25	60	TelYs	2373	revT
ERR20616208944	Chr5	100.000	60	0	1	60	4437416	4437475	3.56e-25	60	TelYs	4437427	revF
ERR20616208944	Chr5	100.000	60	0	1	60	4442443	4442502	3.56e-25	60	TelYs	4442454	revF
ERR20616208944	Chr5	100.000	60	0	1	60	4447486	4447545	3.56e-25	60	TelYs	4447497	revF
ERR20616208944	Chr5	100.000	60	0	1	60	4452539	4452598	3.56e-25	60	TelYs	4452550	revF
ERR20616208944	Chr5	100.000	60	0	1	60	4457581	4457640	3.56e-25	60	TelYs	4457592	revF
ERR20616208944	Chr4	100.000	60	0	1	60	2562	2503	3.56e-25	60	TelYs	2455	revT
ERR20616208944	Chr4	100.000	60	0	1	60	7588	7529	3.56e-25	60	TelYs	7481	revT
ERR20616208944	Chr4	100.000	60	0	1	60	12625	12566	3.56e-25	60	TelYs	12518	revT
ERR20616208944	Chr4	100.000	60	0	1	60	5396352	5396411	3.56e-25	60	TelYs	5396363	revF
ERR20616208944	Chr4	100.000	60	0	1	60	5401397	5401456	3.56e-25	60	TelYs	5401408	revF
ERR20616208944	Chr4	100.000	60	0	1	60	5406435	5406494	3.56e-25	60	TelYs	5406446	revF
ERR20616208944	Chr4	100.000	60	0	1	60	5410650	5410709	3.56e-25	60	TelYs	5410661	revF
ERR20616208944	Chr3	100.000	60	0	1	60	2098	2039	3.56e-25	60	TelYs	1991	revT
ERR20616208944	Chr3	100.000	60	0	1	60	7090	7031	3.56e-25	60	TelYs	6983	revT
ERR20616208944	Chr3	100.000	60	0	1	60	12077	12018	3.56e-25	60	TelYs	11970	revT
ERR20616208944	Chr3	100.000	60	0	1	60	8225154	8225213	3.56e-25	60	TelYs	8225165	revF
ERR20616208944	Chr3	100.000	60	0	1	60	8230168	8230227	3.56e-25	60	TelYs	8230179	revF
ERR20616208944	Chr3	100.000	60	0	1	60	8235202	8235261	3.56e-25	60	TelYs	8235213	revF
ERR20616208944	Chr3	96.491	57	2	4	60	7475122	7475066	3.59e-20	60	TelYs	7475018	revT
ERR20616208944	Chr2	100.000	60	0	1	60	7760	7701	3.56e-25	60	TelYs	7653	revT
ERR20616208944	Chr2	100.000	60	0	1	60	12786	12727	3.56e-25	60	TelYs	12679	revT
ERR20616208944	Chr2	100.000	60	0	1	60	7912895	7912954	3.56e-25	60	TelYs	7912906	revF
ERR20616208944	Chr2	98.333	60	0	1	60	2681	2623	5.96e-23	60	TelYs	2575	revT
ERR20616208944	Chr1	100.000	60	0	1	60	6665654	6665713	3.56e-25	60	TelYs	6665665	revF
ERR206162011848	Chr8	100.000	60	0	1	60	4243	4184	3.56e-25	60	TelYs	4136	revT
ERR206162011848	Chr8	100.000	60	0	1	60	9412	9353	3.56e-25	60	TelYs	9305	revT
ERR206162011848	Chr8	100.000	60	0	1	60	14442	14383	3.56e-25	60	TelYs	14335	revT
ERR206162011848	Chr8	100.000	60	0	1	60	1844726	1844785	3.56e-25	60	TelYs	1844737	revF
ERR206162011848	Chr8	100.000	60	0	1	60	1849863	1849922	3.56e-25	60	TelYs	1849874	revF
ERR206162011848	Chr8	100.000	60	0	1	60	1854930	1854989	3.56e-25	60	TelYs	1854941	revF
ERR206162011848	Chr8	100.000	60	0	1	60	1859952	1860011	3.56e-25	60	TelYs	1859963	revF
ERR206162011848	Chr8	100.000	60	0	1	60	1900711	1900770	3.56e-25	60	TelYs	1900722	revF
ERR206162011848	Chr8	98.333	60	0	1	60	1865095	1865153	5.96e-23	60	TelYs	1865105	revF
ERR206162011848	Chr8	98.333	60	0	1	60	1870234	1870292	5.96e-23	60	TelYs	1870244	revF
ERR206162011848	Chr8	98.333	60	0	1	60	1875362	1875420	5.96e-23	60	TelYs	1875372	revF
ERR206162011848	Chr8	98.333	60	0	1	60	1880484	1880542	5.96e-23	60	TelYs	1880494	revF
ERR206162011848	Chr8	98.333	60	0	1	60	1885616	1885674	5.96e-23	60	TelYs	1885626	revF
ERR206162011848	Chr8	98.333	60	0	1	60	1890611	1890669	5.96e-23	60	TelYs	1890621	revF
ERR206162011848	Chr8	98.333	60	0	1	60	1895704	1895762	5.96e-23	60	TelYs	1895714	revF
ERR206162011848	Chr7	100.000	60	0	1	60	2534	2475	3.56e-25	60	TelYs	2427	revT
ERR206162011848	Chr7	100.000	60	0	1	60	7565	7506	3.56e-25	60	TelYs	7458	revT
ERR206162011848	Chr7	100.000	60	0	1	60	4039029	4039088	3.56e-25	60	TelYs	4039040	revF
ERR206162011848	Chr7	100.000	60	0	1	60	4046490	4046549	3.56e-25	60	TelYs	4046501	revF
ERR206162011848	Chr7	100.000	60	0	1	60	4051519	4051578	3.56e-25	60	TelYs	4051530	revF
ERR206162011848	Chr7	100.000	60	0	1	60	4056677	4056736	3.56e-25	60	TelYs	4056688	revF
ERR206162011848	Chr7	100.000	60	0	1	60	4061708	4061767	3.56e-25	60	TelYs	4061719	revF
ERR206162011848	Chr7	100.000	60	0	1	60	4066738	4066797	3.56e-25	60	TelYs	4066749	revF
ERR206162011848	Chr7	98.333	60	0	1	60	4071848	4071906	5.96e-23	60	TelYs	4071858	revF
ERR206162011848	Chr7	98.333	60	0	1	60	4076838	4076896	5.96e-23	60	TelYs	4076848	revF
ERR206162011848	Chr6	100.000	60	0	1	60	2731	2672	3.56e-25	60	TelYs	2624	revT
ERR206162011848	Chr6	100.000	60	0	1	60	7778	7719	3.56e-25	60	TelYs	7671	revT
ERR206162011848	Chr6	100.000	60	0	1	60	12798	12739	3.56e-25	60	TelYs	12691	revT
ERR206162011848	Chr6	100.000	60	0	1	60	17835	17776	3.56e-25	60	TelYs	17728	revT
ERR206162011848	Chr6	100.000	60	0	1	60	22858	22799	3.56e-25	60	TelYs	22751	revT
ERR206162011848	Chr6	100.000	60	0	1	60	6105404	6105463	3.56e-25	60	TelYs	6105415	revF
ERR206162011848	Chr6	100.000	60	0	1	60	6110518	6110577	3.56e-25	60	TelYs	6110529	revF
ERR206162011848	Chr6	100.000	60	0	1	60	6115563	6115622	3.56e-25	60	TelYs	6115574	revF
ERR206162011848	Chr6	100.000	60	0	1	60	6125765	6125824	3.56e-25	60	TelYs	6125776	revF
ERR206162011848	Chr6	98.333	60	0	1	60	6120606	6120664	5.96e-23	60	TelYs	6120616	revF
ERR206162011848	Chr6	98.333	60	0	1	60	6130807	6130865	5.96e-23	60	TelYs	6130817	revF
ERR206162011848	Chr5	100.000	60	0	1	60	2484	2425	3.56e-25	60	TelYs	2377	revT
ERR206162011848	Chr5	100.000	60	0	1	60	4437412	4437471	3.56e-25	60	TelYs	4437423	revF
ERR206162011848	Chr5	100.000	60	0	1	60	4442439	4442498	3.56e-25	60	TelYs	4442450	revF
ERR206162011848	Chr5	100.000	60	0	1	60	4447482	4447541	3.56e-25	60	TelYs	4447493	revF
ERR206162011848	Chr5	100.000	60	0	1	60	4452535	4452594	3.56e-25	60	TelYs	4452546	revF
ERR206162011848	Chr5	100.000	60	0	1	60	4457577	4457636	3.56e-25	60	TelYs	4457588	revF
ERR206162011848	Chr4	100.000	60	0	1	60	2566	2507	3.56e-25	60	TelYs	2459	revT
ERR206162011848	Chr4	100.000	60	0	1	60	7592	7533	3.56e-25	60	TelYs	7485	revT
ERR206162011848	Chr4	100.000	60	0	1	60	12629	12570	3.56e-25	60	TelYs	12522	revT
ERR206162011848	Chr4	100.000	60	0	1	60	5396348	5396407	3.56e-25	60	TelYs	5396359	revF
ERR206162011848	Chr4	100.000	60	0	1	60	5401393	5401452	3.56e-25	60	TelYs	5401404	revF
ERR206162011848	Chr4	100.000	60	0	1	60	5406431	5406490	3.56e-25	60	TelYs	5406442	revF
ERR206162011848	Chr4	100.000	60	0	1	60	5410646	5410705	3.56e-25	60	TelYs	5410657	revF
ERR206162011848	Chr3	100.000	60	0	1	60	2102	2043	3.56e-25	60	TelYs	1995	revT
ERR206162011848	Chr3	100.000	60	0	1	60	7094	7035	3.56e-25	60	TelYs	6987	revT
ERR206162011848	Chr3	100.000	60	0	1	60	12081	12022	3.56e-25	60	TelYs	11974	revT
ERR206162011848	Chr3	100.000	60	0	1	60	8225150	8225209	3.56e-25	60	TelYs	8225161	revF
ERR206162011848	Chr3	100.000	60	0	1	60	8230164	8230223	3.56e-25	60	TelYs	8230175	revF
ERR206162011848	Chr3	100.000	60	0	1	60	8235198	8235257	3.56e-25	60	TelYs	8235209	revF
ERR206162011848	Chr3	94.915	59	3	2	60	7475128	7475070	1.29e-19	60	TelYs	7475022	revT
ERR206162011848	Chr2	100.000	60	0	1	60	7764	7705	3.56e-25	60	TelYs	7657	revT
ERR206162011848	Chr2	100.000	60	0	1	60	12790	12731	3.56e-25	60	TelYs	12683	revT
ERR206162011848	Chr2	100.000	60	0	1	60	7912891	7912950	3.56e-25	60	TelYs	7912902	revF
ERR206162011848	Chr2	98.333	60	0	1	60	2685	2627	5.96e-23	60	TelYs	2579	revT
ERR206162011848	Chr1	100.000	60	0	1	60	6665650	6665709	3.56e-25	60	TelYs	6665661	revF
ERR20616201896	Chr8	98.333	60	1	1	60	4242	4183	1.66e-23	60	TelYs	4135	revT
ERR20616201896	Chr8	98.333	60	1	1	60	9411	9352	1.66e-23	60	TelYs	9304	revT
ERR20616201896	Chr8	98.333	60	1	1	60	14441	14382	1.66e-23	60	TelYs	14334	revT
ERR20616201896	Chr8	98.333	60	1	1	60	1844727	1844786	1.66e-23	60	TelYs	1844738	revF
ERR20616201896	Chr8	98.333	60	1	1	60	1849864	1849923	1.66e-23	60	TelYs	1849875	revF
ERR20616201896	Chr8	98.333	60	1	1	60	1854931	1854990	1.66e-23	60	TelYs	1854942	revF
ERR20616201896	Chr8	98.333	60	1	1	60	1859953	1860012	1.66e-23	60	TelYs	1859964	revF
ERR20616201896	Chr8	98.333	60	1	1	60	1900712	1900771	1.66e-23	60	TelYs	1900723	revF
ERR20616201896	Chr8	96.667	60	1	1	60	1865096	1865154	2.77e-21	60	TelYs	1865106	revF
ERR20616201896	Chr8	96.667	60	1	1	60	1870235	1870293	2.77e-21	60	TelYs	1870245	revF
ERR20616201896	Chr8	96.667	60	1	1	60	1875363	1875421	2.77e-21	60	TelYs	1875373	revF
ERR20616201896	Chr8	96.667	60	1	1	60	1880485	1880543	2.77e-21	60	TelYs	1880495	revF
ERR20616201896	Chr8	96.667	60	1	1	60	1885617	1885675	2.77e-21	60	TelYs	1885627	revF
ERR20616201896	Chr8	96.667	60	1	1	60	1890612	1890670	2.77e-21	60	TelYs	1890622	revF
ERR20616201896	Chr8	96.667	60	1	1	60	1895705	1895763	2.77e-21	60	TelYs	1895715	revF
ERR20616201896	Chr7	98.333	60	1	1	60	2533	2474	1.66e-23	60	TelYs	2426	revT
ERR20616201896	Chr7	98.333	60	1	1	60	7564	7505	1.66e-23	60	TelYs	7457	revT
ERR20616201896	Chr7	98.333	60	1	1	60	4039030	4039089	1.66e-23	60	TelYs	4039041	revF
ERR20616201896	Chr7	98.333	60	1	1	60	4046491	4046550	1.66e-23	60	TelYs	4046502	revF
ERR20616201896	Chr7	98.333	60	1	1	60	4051520	4051579	1.66e-23	60	TelYs	4051531	revF
ERR20616201896	Chr7	98.333	60	1	1	60	4056678	4056737	1.66e-23	60	TelYs	4056689	revF
ERR20616201896	Chr7	98.333	60	1	1	60	4061709	4061768	1.66e-23	60	TelYs	4061720	revF
ERR20616201896	Chr7	98.333	60	1	1	60	4066739	4066798	1.66e-23	60	TelYs	4066750	revF
ERR20616201896	Chr7	96.667	60	1	1	60	4071849	4071907	2.77e-21	60	TelYs	4071859	revF
ERR20616201896	Chr7	96.667	60	1	1	60	4076839	4076897	2.77e-21	60	TelYs	4076849	revF
ERR20616201896	Chr6	98.333	60	1	1	60	2730	2671	1.66e-23	60	TelYs	2623	revT
ERR20616201896	Chr6	98.333	60	1	1	60	7777	7718	1.66e-23	60	TelYs	7670	revT
ERR20616201896	Chr6	98.333	60	1	1	60	12797	12738	1.66e-23	60	TelYs	12690	revT
ERR20616201896	Chr6	98.333	60	1	1	60	17834	17775	1.66e-23	60	TelYs	17727	revT
ERR20616201896	Chr6	98.333	60	1	1	60	22857	22798	1.66e-23	60	TelYs	22750	revT
ERR20616201896	Chr6	98.333	60	1	1	60	6105405	6105464	1.66e-23	60	TelYs	6105416	revF
ERR20616201896	Chr6	98.333	60	1	1	60	6110519	6110578	1.66e-23	60	TelYs	6110530	revF
ERR20616201896	Chr6	98.333	60	1	1	60	6115564	6115623	1.66e-23	60	TelYs	6115575	revF
ERR20616201896	Chr6	98.333	60	1	1	60	6125766	6125825	1.66e-23	60	TelYs	6125777	revF
ERR20616201896	Chr6	96.667	60	1	1	60	6120607	6120665	2.77e-21	60	TelYs	6120617	revF
ERR20616201896	Chr6	96.667	60	1	1	60	6130808	6130866	2.77e-21	60	TelYs	6130818	revF
ERR20616201896	Chr5	98.333	60	1	1	60	2483	2424	1.66e-23	60	TelYs	2376	revT
ERR20616201896	Chr5	98.333	60	1	1	60	4437413	4437472	1.66e-23	60	TelYs	4437424	revF
ERR20616201896	Chr5	98.333	60	1	1	60	4442440	4442499	1.66e-23	60	TelYs	4442451	revF
ERR20616201896	Chr5	98.333	60	1	1	60	4447483	4447542	1.66e-23	60	TelYs	4447494	revF
ERR20616201896	Chr5	98.333	60	1	1	60	4452536	4452595	1.66e-23	60	TelYs	4452547	revF
ERR20616201896	Chr5	98.333	60	1	1	60	4457578	4457637	1.66e-23	60	TelYs	4457589	revF
ERR20616201896	Chr4	98.333	60	1	1	60	2565	2506	1.66e-23	60	TelYs	2458	revT
ERR20616201896	Chr4	98.333	60	1	1	60	7591	7532	1.66e-23	60	TelYs	7484	revT
ERR20616201896	Chr4	98.333	60	1	1	60	12628	12569	1.66e-23	60	TelYs	12521	revT
ERR20616201896	Chr4	98.333	60	1	1	60	5396349	5396408	1.66e-23	60	TelYs	5396360	revF
ERR20616201896	Chr4	98.333	60	1	1	60	5401394	5401453	1.66e-23	60	TelYs	5401405	revF
ERR20616201896	Chr4	98.333	60	1	1	60	5406432	5406491	1.66e-23	60	TelYs	5406443	revF
ERR20616201896	Chr4	98.333	60	1	1	60	5410647	5410706	1.66e-23	60	TelYs	5410658	revF
ERR20616201896	Chr3	98.333	60	1	1	60	2101	2042	1.66e-23	60	TelYs	1994	revT
ERR20616201896	Chr3	98.333	60	1	1	60	7093	7034	1.66e-23	60	TelYs	6986	revT
ERR20616201896	Chr3	98.333	60	1	1	60	12080	12021	1.66e-23	60	TelYs	11973	revT
ERR20616201896	Chr3	98.333	60	1	1	60	8225151	8225210	1.66e-23	60	TelYs	8225162	revF
ERR20616201896	Chr3	98.333	60	1	1	60	8230165	8230224	1.66e-23	60	TelYs	8230176	revF
ERR20616201896	Chr3	98.333	60	1	1	60	8235199	8235258	1.66e-23	60	TelYs	8235210	revF
ERR20616201896	Chr2	98.333	60	1	1	60	7763	7704	1.66e-23	60	TelYs	7656	revT
ERR20616201896	Chr2	98.333	60	1	1	60	12789	12730	1.66e-23	60	TelYs	12682	revT
ERR20616201896	Chr2	98.333	60	1	1	60	7912892	7912951	1.66e-23	60	TelYs	7912903	revF
ERR20616201896	Chr2	96.667	60	1	1	60	2684	2626	2.77e-21	60	TelYs	2578	revT
ERR20616201896	Chr1	98.333	60	1	1	60	6665651	6665710	1.66e-23	60	TelYs	6665662	revF
ERR20616208344	Chr7	98.333	60	1	1	60	560550	560609	1.66e-23	60	TelYs	560561	revF
ERR20616208344	Chr7	96.552	58	2	1	58	3966583	3966640	9.97e-21	60	TelYs	3966592	revF
ERR20616208344	Chr7	95.000	60	3	1	60	526116	526057	3.59e-20	60	TelYs	526009	revT
ERR20616208344	Chr7	95.000	60	3	1	60	554661	554720	3.59e-20	60	TelYs	554672	revF
ERR20616208344	Chr3	98.333	60	1	1	60	8075029	8074970	1.66e-23	60	TelYs	8074922	revT
ERR20616208344	Chr3	98.276	58	1	1	58	2596088	2596145	2.14e-22	60	TelYs	2596097	revF
ERR20616208344	Chr3	96.667	60	2	1	60	2559418	2559359	7.71e-22	60	TelYs	2559311	revT
ERR20616208344	Chr3	95.000	60	3	1	60	2539032	2538973	3.59e-20	60	TelYs	2538925	revT
ERR20616208344	Chr1	98.333	60	1	1	60	2205588	2205529	1.66e-23	60	TelYs	2205481	revT
ERR20616208344	Chr1	96.667	60	2	1	60	393160	393101	7.71e-22	60	TelYs	393053	revT
ERR20616208344	Chr1	96.667	60	2	1	60	2300582	2300641	7.71e-22	60	TelYs	2300593	revF
ERR20616208344	Chr1	96.667	60	2	1	60	6643967	6644026	7.71e-22	60	TelYs	6643978	revF
ERR20616208344	Chr1	94.828	58	3	1	58	442320	442377	4.64e-19	60	TelYs	442329	revF
ERR20616208344	Chr1	93.103	58	1	1	58	6391110	6391164	2.79e-16	60	TelYs	6391116	revF
ERR20616208344	Chr8	96.667	60	2	1	60	554855	554796	7.71e-22	60	TelYs	554748	revT
ERR20616208344	Chr2	95.000	60	3	1	60	7390738	7390797	3.59e-20	60	TelYs	7390749	revF
ERR206162016	Chr8	96.667	60	2	1	60	554853	554794	7.71e-22	60	TelYs	554746	revT
ERR206162016	Chr7	96.667	60	2	1	60	560552	560611	7.71e-22	60	TelYs	560563	revF
ERR206162016	Chr7	95.000	60	3	1	60	3966585	3966644	3.59e-20	60	TelYs	3966596	revF
ERR2061620144	Chr3	100.000	50	0	2	51	15107	15156	9.93e-20	51	TelYs	15108	revF
ERR2061620144	Chr3	100.000	50	0	2	51	16043	16092	9.93e-20	51	TelYs	16044	revF
ERR2061620144	Chr3	100.000	50	0	2	51	16978	17027	9.93e-20	51	TelYs	16979	revF
ERR2061620144	Chr3	100.000	50	0	2	51	17914	17963	9.93e-20	51	TelYs	17915	revF
ERR2061620144	Chr3	100.000	50	0	2	51	18850	18899	9.93e-20	51	TelYs	18851	revF
ERR2061620144	Chr3	100.000	50	0	2	51	19787	19836	9.93e-20	51	TelYs	19788	revF
ERR2061620144	Chr3	100.000	50	0	2	51	20721	20770	9.93e-20	51	TelYs	20722	revF
ERR2061620144	Chr3	100.000	50	0	2	51	21655	21704	9.93e-20	51	TelYs	21656	revF
ERR2061620144	Chr3	100.000	50	0	2	51	22590	22639	9.93e-20	51	TelYs	22591	revF
ERR2061620144	Chr3	100.000	50	0	2	51	23525	23574	9.93e-20	51	TelYs	23526	revF
ERR2061620144	Chr3	100.000	50	0	2	51	24459	24508	9.93e-20	51	TelYs	24460	revF
ERR2061620144	Chr3	100.000	50	0	2	51	26326	26375	9.93e-20	51	TelYs	26327	revF
ERR2061620144	Chr3	100.000	50	0	2	51	27260	27309	9.93e-20	51	TelYs	27261	revF
ERR2061620144	Chr3	100.000	50	0	2	51	28195	28244	9.93e-20	51	TelYs	28196	revF
ERR2061620144	Chr3	100.000	50	0	2	51	29132	29181	9.93e-20	51	TelYs	29133	revF
ERR2061620144	Chr3	100.000	50	0	2	51	30066	30115	9.93e-20	51	TelYs	30067	revF
ERR2061620144	Chr3	100.000	50	0	2	51	31000	31049	9.93e-20	51	TelYs	31001	revF
ERR2061620144	Chr3	100.000	50	0	2	51	31935	31984	9.93e-20	51	TelYs	31936	revF
ERR2061620144	Chr3	100.000	50	0	2	51	32853	32902	9.93e-20	51	TelYs	32854	revF
ERR2061620144	Chr3	100.000	50	0	2	51	34716	34765	9.93e-20	51	TelYs	34717	revF
ERR2061620144	Chr3	100.000	50	0	2	51	42178	42227	9.93e-20	51	TelYs	42179	revF
ERR2061620144	Chr3	100.000	50	0	2	51	54303	54352	9.93e-20	51	TelYs	54304	revF
ERR2061620144	Chr3	98.000	50	0	2	51	25392	25440	1.66e-17	51	TelYs	25392	revF
ERR2061620144	Chr3	98.000	50	0	2	51	33785	33833	1.66e-17	51	TelYs	33785	revF
ERR2061620144	Chr3	98.000	50	0	2	51	35646	35694	1.66e-17	51	TelYs	35646	revF
ERR2061620144	Chr3	98.000	50	0	2	51	36579	36627	1.66e-17	51	TelYs	36579	revF
ERR2061620144	Chr3	98.000	50	0	2	51	37511	37559	1.66e-17	51	TelYs	37511	revF
ERR2061620144	Chr3	98.000	50	0	2	51	38446	38494	1.66e-17	51	TelYs	38446	revF
ERR2061620144	Chr3	98.000	50	0	2	51	39378	39426	1.66e-17	51	TelYs	39378	revF
ERR2061620144	Chr3	98.000	50	0	2	51	40311	40359	1.66e-17	51	TelYs	40311	revF
ERR2061620144	Chr3	98.000	50	0	2	51	41245	41293	1.66e-17	51	TelYs	41245	revF
ERR2061620144	Chr3	98.000	50	0	2	51	43111	43159	1.66e-17	51	TelYs	43111	revF
ERR2061620144	Chr3	98.000	50	0	2	51	44044	44092	1.66e-17	51	TelYs	44044	revF
ERR2061620144	Chr3	98.000	50	0	2	51	44976	45024	1.66e-17	51	TelYs	44976	revF
ERR2061620144	Chr3	98.000	50	0	2	51	45909	45957	1.66e-17	51	TelYs	45909	revF
ERR2061620144	Chr3	98.000	50	0	2	51	46841	46889	1.66e-17	51	TelYs	46841	revF
ERR2061620144	Chr3	98.000	50	0	2	51	47774	47822	1.66e-17	51	TelYs	47774	revF
ERR2061620144	Chr3	98.000	50	0	2	51	48707	48755	1.66e-17	51	TelYs	48707	revF
ERR2061620144	Chr3	98.000	50	0	2	51	49640	49688	1.66e-17	51	TelYs	49640	revF
ERR2061620144	Chr3	98.000	50	0	2	51	50573	50621	1.66e-17	51	TelYs	50573	revF
ERR2061620144	Chr3	98.000	50	0	2	51	51505	51553	1.66e-17	51	TelYs	51505	revF
ERR2061620144	Chr3	98.000	50	0	2	51	52439	52487	1.66e-17	51	TelYs	52439	revF
ERR2061620144	Chr3	98.000	50	0	2	51	53371	53419	1.66e-17	51	TelYs	53371	revF
ERR206162011808	Chr7	100.000	44	0	17	60	1817489	1817532	2.79e-16	60	TelYs	1817484	revF
