ERR2061612992	Chr2	98.148	54	1	6	59	441367	441420	3.50e-20	59	TelYs	441372	revF
ERR20616127360	Chr8	97.500	40	1	1	40	1847135	1847096	1.06e-12	40	TelYs	1847048	revT
ERR20616127360	Chr8	97.500	40	1	1	40	1903098	1903059	1.06e-12	40	TelYs	1903011	revT
ERR20616127360	Chr8	95.000	40	2	1	40	1852267	1852228	4.93e-11	40	TelYs	1852180	revT
ERR20616127360	Chr8	95.000	40	2	1	40	1892978	1892939	4.93e-11	40	TelYs	1892891	revT
ERR20616127360	Chr8	95.000	40	2	1	40	1898076	1898037	4.93e-11	40	TelYs	1897989	revT
ERR20616127360	Chr5	97.500	40	1	1	40	4449893	4449854	1.06e-12	40	TelYs	4449806	revT
ERR20616127360	Chr5	95.000	40	2	1	40	4439815	4439776	4.93e-11	40	TelYs	4439728	revT
ERR20616127360	Chr5	95.000	40	2	1	40	4454937	4454898	4.93e-11	40	TelYs	4454850	revT
ERR20616127360	Chr4	97.500	40	1	1	40	163	202	1.06e-12	40	TelYs	154	revF
ERR20616127360	Chr4	100.000	36	0	5	40	5191	5226	3.81e-12	40	TelYs	5178	revF
ERR20616127360	Chr4	95.000	40	2	1	40	5398751	5398712	4.93e-11	40	TelYs	5398664	revT
ERR20616127360	Chr4	100.000	31	0	10	40	5403795	5403765	2.29e-09	40	TelYs	5403717	revT
ERR20616127360	Chr4	100.000	29	0	12	40	10228	10256	2.97e-08	40	TelYs	10208	revF
ERR20616127360	Chr3	97.500	40	1	1	40	8227561	8227522	1.06e-12	40	TelYs	8227474	revT
ERR20616127360	Chr3	97.500	40	1	1	40	8232571	8232532	1.06e-12	40	TelYs	8232484	revT
ERR20616127360	Chr2	97.500	40	1	1	40	7915298	7915259	1.06e-12	40	TelYs	7915211	revT
ERR20616127360	Chr2	97.222	36	1	5	40	10390	10425	1.77e-10	40	TelYs	10377	revF
ERR20616127360	Chr1	97.500	40	1	1	40	6668054	6668015	1.06e-12	40	TelYs	6667967	revT
ERR20616127360	Chr6	100.000	35	0	6	40	6128169	6128135	1.37e-11	40	TelYs	6128087	revT
ERR20616127360	Chr6	95.000	40	2	1	40	15433	15472	4.93e-11	40	TelYs	15424	revF
ERR20616127360	Chr6	95.000	40	2	1	40	6112923	6112884	4.93e-11	40	TelYs	6112836	revT
ERR20616127360	Chr6	95.000	40	2	1	40	6117966	6117927	4.93e-11	40	TelYs	6117879	revT
ERR20616127360	Chr6	97.222	36	1	5	40	5368	5403	1.77e-10	40	TelYs	5355	revF
ERR20616127360	Chr6	97.222	36	1	5	40	10399	10434	1.77e-10	40	TelYs	10386	revF
ERR20616127360	Chr6	97.222	36	1	5	40	20461	20496	1.77e-10	40	TelYs	20448	revF
ERR20616127360	Chr7	95.000	40	2	1	40	4064112	4064073	4.93e-11	40	TelYs	4064025	revT
ERR20616127360	Chr7	97.222	36	1	5	40	4079215	4079180	1.77e-10	40	TelYs	4079132	revT
ERR20616126824	Chr8	100.000	60	0	1	60	1955	1896	3.56e-25	60	TelYs	1848	revT
ERR20616126824	Chr8	100.000	60	0	1	60	12157	12098	3.56e-25	60	TelYs	12050	revT
ERR20616126824	Chr8	100.000	60	0	1	60	1847019	1847078	3.56e-25	60	TelYs	1847030	revF
ERR20616126824	Chr8	100.000	60	0	1	60	1852151	1852210	3.56e-25	60	TelYs	1852162	revF
ERR20616126824	Chr8	100.000	60	0	1	60	1867378	1867437	3.56e-25	60	TelYs	1867389	revF
ERR20616126824	Chr8	98.361	61	0	1	60	7121	7061	1.66e-23	60	TelYs	7013	revT
ERR20616126824	Chr8	98.333	60	0	1	60	1857221	1857279	5.96e-23	60	TelYs	1857231	revF
ERR20616126824	Chr8	98.333	60	0	1	60	1862238	1862296	5.96e-23	60	TelYs	1862248	revF
ERR20616126824	Chr8	98.333	60	0	1	60	1872513	1872571	5.96e-23	60	TelYs	1872523	revF
ERR20616126824	Chr8	98.333	60	0	1	60	1877636	1877694	5.96e-23	60	TelYs	1877646	revF
ERR20616126824	Chr8	98.333	60	0	1	60	1882769	1882827	5.96e-23	60	TelYs	1882779	revF
ERR20616126824	Chr8	98.333	60	0	1	60	1887891	1887949	5.96e-23	60	TelYs	1887901	revF
ERR20616126824	Chr8	98.333	60	0	1	60	1892863	1892921	5.96e-23	60	TelYs	1892873	revF
ERR20616126824	Chr8	98.333	60	0	1	60	1897961	1898019	5.96e-23	60	TelYs	1897971	revF
ERR20616126824	Chr8	98.333	60	0	1	60	1902984	1903042	5.96e-23	60	TelYs	1902994	revF
ERR20616126824	Chr7	100.000	60	0	1	60	251	192	3.56e-25	60	TelYs	144	revT
ERR20616126824	Chr7	100.000	60	0	1	60	5275	5216	3.56e-25	60	TelYs	5168	revT
ERR20616126824	Chr7	100.000	60	0	1	60	4041313	4041372	3.56e-25	60	TelYs	4041324	revF
ERR20616126824	Chr7	100.000	60	0	1	60	4048776	4048835	3.56e-25	60	TelYs	4048787	revF
ERR20616126824	Chr7	100.000	60	0	1	60	4053811	4053870	3.56e-25	60	TelYs	4053822	revF
ERR20616126824	Chr7	100.000	60	0	1	60	4058967	4059026	3.56e-25	60	TelYs	4058978	revF
ERR20616126824	Chr7	100.000	60	0	1	60	4069005	4069064	3.56e-25	60	TelYs	4069016	revF
ERR20616126824	Chr7	100.000	60	0	1	60	4074111	4074170	3.56e-25	60	TelYs	4074122	revF
ERR20616126824	Chr7	100.000	60	0	1	60	4079103	4079162	3.56e-25	60	TelYs	4079114	revF
ERR20616126824	Chr7	98.333	60	0	1	60	4063997	4064055	5.96e-23	60	TelYs	4064007	revF
ERR20616126824	Chr6	100.000	60	0	1	60	443	384	3.56e-25	60	TelYs	336	revT
ERR20616126824	Chr6	100.000	60	0	1	60	5480	5421	3.56e-25	60	TelYs	5373	revT
ERR20616126824	Chr6	100.000	60	0	1	60	10511	10452	3.56e-25	60	TelYs	10404	revT
ERR20616126824	Chr6	100.000	60	0	1	60	15549	15490	3.56e-25	60	TelYs	15442	revT
ERR20616126824	Chr6	100.000	60	0	1	60	20572	20513	3.56e-25	60	TelYs	20465	revT
ERR20616126824	Chr6	100.000	60	0	1	60	6107693	6107752	3.56e-25	60	TelYs	6107704	revF
ERR20616126824	Chr6	100.000	60	0	1	60	6112806	6112865	3.56e-25	60	TelYs	6112817	revF
ERR20616126824	Chr6	100.000	60	0	1	60	6117851	6117910	3.56e-25	60	TelYs	6117862	revF
ERR20616126824	Chr6	100.000	60	0	1	60	6122895	6122954	3.56e-25	60	TelYs	6122906	revF
ERR20616126824	Chr6	100.000	60	0	1	60	6128058	6128117	3.56e-25	60	TelYs	6128069	revF
ERR20616126824	Chr6	100.000	60	0	1	60	6133096	6133155	3.56e-25	60	TelYs	6133107	revF
ERR20616126824	Chr5	100.000	60	0	1	60	279	220	3.56e-25	60	TelYs	172	revT
ERR20616126824	Chr5	100.000	60	0	1	60	4439699	4439758	3.56e-25	60	TelYs	4439710	revF
ERR20616126824	Chr5	100.000	60	0	1	60	4444738	4444797	3.56e-25	60	TelYs	4444749	revF
ERR20616126824	Chr5	100.000	60	0	1	60	4449778	4449837	3.56e-25	60	TelYs	4449789	revF
ERR20616126824	Chr5	100.000	60	0	1	60	4454822	4454881	3.56e-25	60	TelYs	4454833	revF
ERR20616126824	Chr5	100.000	60	0	1	60	4459870	4459929	3.56e-25	60	TelYs	4459881	revF
ERR20616126824	Chr4	100.000	60	0	1	60	280	221	3.56e-25	60	TelYs	173	revT
ERR20616126824	Chr4	100.000	60	0	1	60	5303	5244	3.56e-25	60	TelYs	5196	revT
ERR20616126824	Chr4	100.000	60	0	1	60	10333	10274	3.56e-25	60	TelYs	10226	revT
ERR20616126824	Chr4	100.000	60	0	1	60	5398635	5398694	3.56e-25	60	TelYs	5398646	revF
ERR20616126824	Chr4	98.361	61	0	1	60	5403687	5403747	1.66e-23	60	TelYs	5403699	revF
ERR20616126824	Chr4	98.361	61	0	1	60	5412938	5412998	1.66e-23	60	TelYs	5412950	revF
ERR20616126824	Chr3	100.000	60	0	1	60	9801	9742	3.56e-25	60	TelYs	9694	revT
ERR20616126824	Chr3	100.000	60	0	1	60	8227445	8227504	3.56e-25	60	TelYs	8227456	revF
ERR20616126824	Chr3	100.000	60	0	1	60	8232455	8232514	3.56e-25	60	TelYs	8232466	revF
ERR20616126824	Chr3	100.000	60	0	1	60	8237491	8237550	3.56e-25	60	TelYs	8237502	revF
ERR20616126824	Chr3	98.333	60	0	1	60	4813	4755	5.96e-23	60	TelYs	4707	revT
ERR20616126824	Chr2	100.000	60	0	1	60	5475	5416	3.56e-25	60	TelYs	5368	revT
ERR20616126824	Chr2	100.000	60	0	1	60	10501	10442	3.56e-25	60	TelYs	10394	revT
ERR20616126824	Chr2	98.361	61	0	1	60	7915181	7915241	1.66e-23	60	TelYs	7915193	revF
ERR20616126824	Chr2	98.333	60	0	1	60	436	378	5.96e-23	60	TelYs	330	revT
ERR20616126824	Chr1	100.000	60	0	1	60	6667938	6667997	3.56e-25	60	TelYs	6667949	revF
ERR20616125320	Chr8	100.000	60	0	1	60	1957	1898	3.56e-25	60	TelYs	1850	revT
ERR20616125320	Chr8	100.000	60	0	1	60	12159	12100	3.56e-25	60	TelYs	12052	revT
ERR20616125320	Chr8	100.000	60	0	1	60	1847017	1847076	3.56e-25	60	TelYs	1847028	revF
ERR20616125320	Chr8	100.000	60	0	1	60	1852149	1852208	3.56e-25	60	TelYs	1852160	revF
ERR20616125320	Chr8	100.000	60	0	1	60	1867376	1867435	3.56e-25	60	TelYs	1867387	revF
ERR20616125320	Chr8	98.361	61	0	1	60	7123	7063	1.66e-23	60	TelYs	7015	revT
ERR20616125320	Chr8	98.333	60	0	1	60	1857219	1857277	5.96e-23	60	TelYs	1857229	revF
ERR20616125320	Chr8	98.333	60	0	1	60	1862236	1862294	5.96e-23	60	TelYs	1862246	revF
ERR20616125320	Chr8	98.333	60	0	1	60	1872511	1872569	5.96e-23	60	TelYs	1872521	revF
ERR20616125320	Chr8	98.333	60	0	1	60	1877634	1877692	5.96e-23	60	TelYs	1877644	revF
ERR20616125320	Chr8	98.333	60	0	1	60	1882767	1882825	5.96e-23	60	TelYs	1882777	revF
ERR20616125320	Chr8	98.333	60	0	1	60	1887889	1887947	5.96e-23	60	TelYs	1887899	revF
ERR20616125320	Chr8	98.333	60	0	1	60	1892861	1892919	5.96e-23	60	TelYs	1892871	revF
ERR20616125320	Chr8	98.333	60	0	1	60	1897959	1898017	5.96e-23	60	TelYs	1897969	revF
ERR20616125320	Chr8	98.333	60	0	1	60	1902982	1903040	5.96e-23	60	TelYs	1902992	revF
ERR20616125320	Chr7	100.000	60	0	1	60	253	194	3.56e-25	60	TelYs	146	revT
ERR20616125320	Chr7	100.000	60	0	1	60	5277	5218	3.56e-25	60	TelYs	5170	revT
ERR20616125320	Chr7	100.000	60	0	1	60	4041311	4041370	3.56e-25	60	TelYs	4041322	revF
ERR20616125320	Chr7	100.000	60	0	1	60	4048774	4048833	3.56e-25	60	TelYs	4048785	revF
ERR20616125320	Chr7	100.000	60	0	1	60	4053809	4053868	3.56e-25	60	TelYs	4053820	revF
ERR20616125320	Chr7	100.000	60	0	1	60	4058965	4059024	3.56e-25	60	TelYs	4058976	revF
ERR20616125320	Chr7	100.000	60	0	1	60	4069003	4069062	3.56e-25	60	TelYs	4069014	revF
ERR20616125320	Chr7	100.000	60	0	1	60	4074109	4074168	3.56e-25	60	TelYs	4074120	revF
ERR20616125320	Chr7	100.000	60	0	1	60	4079101	4079160	3.56e-25	60	TelYs	4079112	revF
ERR20616125320	Chr7	98.333	60	0	1	60	4063995	4064053	5.96e-23	60	TelYs	4064005	revF
ERR20616125320	Chr6	100.000	60	0	1	60	445	386	3.56e-25	60	TelYs	338	revT
ERR20616125320	Chr6	100.000	60	0	1	60	5482	5423	3.56e-25	60	TelYs	5375	revT
ERR20616125320	Chr6	100.000	60	0	1	60	10513	10454	3.56e-25	60	TelYs	10406	revT
ERR20616125320	Chr6	100.000	60	0	1	60	15551	15492	3.56e-25	60	TelYs	15444	revT
ERR20616125320	Chr6	100.000	60	0	1	60	20574	20515	3.56e-25	60	TelYs	20467	revT
ERR20616125320	Chr6	100.000	60	0	1	60	6107691	6107750	3.56e-25	60	TelYs	6107702	revF
ERR20616125320	Chr6	100.000	60	0	1	60	6112804	6112863	3.56e-25	60	TelYs	6112815	revF
ERR20616125320	Chr6	100.000	60	0	1	60	6117849	6117908	3.56e-25	60	TelYs	6117860	revF
ERR20616125320	Chr6	100.000	60	0	1	60	6122893	6122952	3.56e-25	60	TelYs	6122904	revF
ERR20616125320	Chr6	100.000	60	0	1	60	6128056	6128115	3.56e-25	60	TelYs	6128067	revF
ERR20616125320	Chr6	100.000	60	0	1	60	6133094	6133153	3.56e-25	60	TelYs	6133105	revF
ERR20616125320	Chr5	100.000	60	0	1	60	281	222	3.56e-25	60	TelYs	174	revT
ERR20616125320	Chr5	100.000	60	0	1	60	4439697	4439756	3.56e-25	60	TelYs	4439708	revF
ERR20616125320	Chr5	100.000	60	0	1	60	4444736	4444795	3.56e-25	60	TelYs	4444747	revF
ERR20616125320	Chr5	100.000	60	0	1	60	4449776	4449835	3.56e-25	60	TelYs	4449787	revF
ERR20616125320	Chr5	100.000	60	0	1	60	4454820	4454879	3.56e-25	60	TelYs	4454831	revF
ERR20616125320	Chr5	100.000	60	0	1	60	4459868	4459927	3.56e-25	60	TelYs	4459879	revF
ERR20616125320	Chr4	100.000	60	0	1	60	282	223	3.56e-25	60	TelYs	175	revT
ERR20616125320	Chr4	100.000	60	0	1	60	5305	5246	3.56e-25	60	TelYs	5198	revT
ERR20616125320	Chr4	100.000	60	0	1	60	10335	10276	3.56e-25	60	TelYs	10228	revT
ERR20616125320	Chr4	100.000	60	0	1	60	5398633	5398692	3.56e-25	60	TelYs	5398644	revF
ERR20616125320	Chr4	98.361	61	0	1	60	5403685	5403745	1.66e-23	60	TelYs	5403697	revF
ERR20616125320	Chr4	98.361	61	0	1	60	5412936	5412996	1.66e-23	60	TelYs	5412948	revF
ERR20616125320	Chr3	100.000	60	0	1	60	9803	9744	3.56e-25	60	TelYs	9696	revT
ERR20616125320	Chr3	100.000	60	0	1	60	8227443	8227502	3.56e-25	60	TelYs	8227454	revF
ERR20616125320	Chr3	100.000	60	0	1	60	8232453	8232512	3.56e-25	60	TelYs	8232464	revF
ERR20616125320	Chr3	100.000	60	0	1	60	8237489	8237548	3.56e-25	60	TelYs	8237500	revF
ERR20616125320	Chr3	98.333	60	0	1	60	4815	4757	5.96e-23	60	TelYs	4709	revT
ERR20616125320	Chr2	100.000	60	0	1	60	5477	5418	3.56e-25	60	TelYs	5370	revT
ERR20616125320	Chr2	100.000	60	0	1	60	10503	10444	3.56e-25	60	TelYs	10396	revT
ERR20616125320	Chr2	98.361	61	0	1	60	7915179	7915239	1.66e-23	60	TelYs	7915191	revF
ERR20616125320	Chr2	98.333	60	0	1	60	438	380	5.96e-23	60	TelYs	332	revT
ERR20616125320	Chr1	100.000	60	0	1	60	6667936	6667995	3.56e-25	60	TelYs	6667947	revF
ERR2061612560	Chr3	100.000	40	0	1	40	7884499	7884460	2.28e-14	40	TelYs	7884412	revT
ERR2061612560	Chr1	100.000	40	0	1	40	12843	12804	2.28e-14	40	TelYs	12756	revT
ERR2061612560	Chr1	100.000	40	0	1	40	21093	21054	2.28e-14	40	TelYs	21006	revT
ERR2061612560	Chr1	100.000	40	0	1	40	29360	29321	2.28e-14	40	TelYs	29273	revT
ERR2061612560	Chr1	100.000	40	0	1	40	37580	37541	2.28e-14	40	TelYs	37493	revT
ERR2061612560	Chr1	100.000	40	0	1	40	45775	45736	2.28e-14	40	TelYs	45688	revT
ERR2061612560	Chr1	100.000	40	0	1	40	54044	54005	2.28e-14	40	TelYs	53957	revT
ERR2061612560	Chr1	100.000	40	0	1	40	70586	70547	2.28e-14	40	TelYs	70499	revT
ERR2061612560	Chr1	100.000	40	0	1	40	78852	78813	2.28e-14	40	TelYs	78765	revT
ERR2061612560	Chr1	100.000	40	0	1	40	86989	86950	2.28e-14	40	TelYs	86902	revT
ERR2061612560	Chr1	100.000	40	0	1	40	95301	95262	2.28e-14	40	TelYs	95214	revT
ERR2061612560	Chr1	100.000	40	0	1	40	103611	103572	2.28e-14	40	TelYs	103524	revT
ERR2061612560	Chr1	100.000	40	0	1	40	130096	130057	2.28e-14	40	TelYs	130009	revT
ERR2061612560	Chr1	100.000	40	0	1	40	138273	138234	2.28e-14	40	TelYs	138186	revT
ERR2061612560	Chr1	100.000	40	0	1	40	146518	146479	2.28e-14	40	TelYs	146431	revT
ERR2061612560	Chr1	100.000	40	0	1	40	154737	154698	2.28e-14	40	TelYs	154650	revT
ERR2061612560	Chr1	100.000	40	0	1	40	162956	162917	2.28e-14	40	TelYs	162869	revT
ERR2061612560	Chr1	100.000	40	0	1	40	171196	171157	2.28e-14	40	TelYs	171109	revT
ERR2061612560	Chr1	100.000	40	0	1	40	204239	204200	2.28e-14	40	TelYs	204152	revT
ERR2061612560	Chr1	100.000	40	0	1	40	220704	220665	2.28e-14	40	TelYs	220617	revT
ERR2061612560	Chr1	100.000	40	0	1	40	229008	228969	2.28e-14	40	TelYs	228921	revT
ERR2061612560	Chr1	100.000	40	0	1	40	237307	237268	2.28e-14	40	TelYs	237220	revT
ERR2061612560	Chr1	100.000	40	0	1	40	245611	245572	2.28e-14	40	TelYs	245524	revT
ERR2061612560	Chr1	100.000	40	0	1	40	253914	253875	2.28e-14	40	TelYs	253827	revT
ERR2061612560	Chr1	100.000	40	0	1	40	262214	262175	2.28e-14	40	TelYs	262127	revT
ERR2061612560	Chr1	100.000	40	0	1	40	270516	270477	2.28e-14	40	TelYs	270429	revT
ERR2061612560	Chr1	100.000	40	0	1	40	278818	278779	2.28e-14	40	TelYs	278731	revT
ERR2061612560	Chr1	100.000	40	0	1	40	287129	287090	2.28e-14	40	TelYs	287042	revT
ERR2061612560	Chr1	97.500	40	0	1	40	5189	5151	3.81e-12	40	TelYs	5103	revT
ERR2061612560	Chr1	97.500	40	0	1	40	62304	62266	3.81e-12	40	TelYs	62218	revT
ERR2061612560	Chr1	97.500	40	0	1	40	121867	121829	3.81e-12	40	TelYs	121781	revT
ERR2061612560	Chr1	97.500	40	0	1	40	179430	179392	3.81e-12	40	TelYs	179344	revT
ERR2061612560	Chr1	97.500	40	0	1	40	196027	195989	3.81e-12	40	TelYs	195941	revT
ERR2061612560	Chr1	97.500	40	0	1	40	212471	212433	3.81e-12	40	TelYs	212385	revT
ERR20616126656	Chr8	95.652	46	2	1	46	1847090	1847135	3.00e-14	46	TelYs	1847087	revF
ERR20616126656	Chr8	93.478	46	3	1	46	1852222	1852267	1.39e-12	46	TelYs	1852219	revF
ERR20616126656	Chr8	93.478	46	3	1	46	1892933	1892978	1.39e-12	46	TelYs	1892930	revF
ERR20616126656	Chr8	93.478	46	3	1	46	1898031	1898076	1.39e-12	46	TelYs	1898028	revF
ERR20616126656	Chr8	95.349	43	2	4	46	1903056	1903098	1.39e-12	46	TelYs	1903050	revF
ERR20616126656	Chr8	91.304	46	4	1	46	7049	7004	6.49e-11	46	TelYs	6956	revT
ERR20616126656	Chr8	91.304	46	4	1	46	1867449	1867494	6.49e-11	46	TelYs	1867446	revF
ERR20616126656	Chr8	92.683	41	3	1	41	12086	12046	8.39e-10	46	TelYs	11998	revT
ERR20616126656	Chr8	100.000	31	0	1	31	1884	1854	3.02e-09	46	TelYs	1806	revT
ERR20616126656	Chr8	96.875	32	1	3	34	1887964	1887995	3.90e-08	46	TelYs	1887947	revF
ERR20616126656	Chr3	95.652	46	2	1	46	8227516	8227561	3.00e-14	46	TelYs	8227513	revF
ERR20616126656	Chr3	95.652	46	2	1	46	8232526	8232571	3.00e-14	46	TelYs	8232523	revF
ERR20616126656	Chr3	91.304	46	4	1	46	8237562	8237607	6.49e-11	46	TelYs	8237559	revF
ERR20616126656	Chr2	95.652	46	2	1	46	7915253	7915298	3.00e-14	46	TelYs	7915250	revF
ERR20616126656	Chr2	91.304	46	4	1	46	5404	5359	6.49e-11	46	TelYs	5311	revT
ERR20616126656	Chr2	91.304	46	3	1	46	366	322	2.33e-10	46	TelYs	274	revT
ERR20616126656	Chr2	94.872	39	2	4	42	10428	10390	2.33e-10	46	TelYs	10342	revT
ERR20616126656	Chr1	95.652	46	2	1	46	6668009	6668054	3.00e-14	46	TelYs	6668006	revF
ERR20616126656	Chr4	97.619	42	1	1	42	5232	5191	1.08e-13	46	TelYs	5143	revT
ERR20616126656	Chr4	93.478	46	3	1	46	5398706	5398751	1.39e-12	46	TelYs	5398703	revF
ERR20616126656	Chr4	95.238	42	2	5	46	204	163	5.01e-12	46	TelYs	115	revT
ERR20616126656	Chr4	97.368	38	0	1	37	10262	10225	6.49e-11	46	TelYs	10177	revT
ERR20616126656	Chr4	100.000	34	0	1	34	5403759	5403792	6.49e-11	46	TelYs	5403744	revF
ERR20616126656	Chr4	91.304	46	4	1	46	5413010	5413055	6.49e-11	46	TelYs	5413007	revF
ERR20616126656	Chr6	97.561	41	1	1	41	6128129	6128169	3.88e-13	46	TelYs	6128121	revF
ERR20616126656	Chr6	93.478	46	3	1	46	15478	15433	1.39e-12	46	TelYs	15385	revT
ERR20616126656	Chr6	95.238	42	2	1	42	5409	5368	5.01e-12	46	TelYs	5320	revT
ERR20616126656	Chr6	95.238	42	2	1	42	10440	10399	5.01e-12	46	TelYs	10351	revT
ERR20616126656	Chr6	93.182	44	3	3	46	6112880	6112923	1.80e-11	46	TelYs	6112875	revF
ERR20616126656	Chr6	91.304	46	4	1	46	372	327	6.49e-11	46	TelYs	279	revT
ERR20616126656	Chr6	91.304	46	4	1	46	6122966	6123011	6.49e-11	46	TelYs	6122963	revF
ERR20616126656	Chr6	92.857	42	3	5	46	6117925	6117966	2.33e-10	46	TelYs	6117918	revF
ERR20616126656	Chr6	94.737	38	2	5	42	20498	20461	8.39e-10	46	TelYs	20413	revT
ERR20616126656	Chr7	93.478	46	3	1	46	4064067	4064112	1.39e-12	46	TelYs	4064064	revF
ERR20616126656	Chr7	95.238	42	2	1	42	4079174	4079215	5.01e-12	46	TelYs	4079167	revF
ERR20616126656	Chr7	91.304	46	4	1	46	180	135	6.49e-11	46	TelYs	87	revT
ERR20616126656	Chr7	91.304	46	4	1	46	4053882	4053927	6.49e-11	46	TelYs	4053879	revF
ERR20616126656	Chr7	94.595	37	2	1	37	5204	5168	3.02e-09	46	TelYs	5120	revT
ERR20616126656	Chr7	97.059	34	1	1	34	4041384	4041417	3.02e-09	46	TelYs	4041369	revF
ERR20616126656	Chr7	97.059	34	1	1	34	4074182	4074215	3.02e-09	46	TelYs	4074167	revF
ERR20616126656	Chr5	93.478	46	3	1	46	4439770	4439815	1.39e-12	46	TelYs	4439767	revF
ERR20616126656	Chr5	95.238	42	2	5	46	4449852	4449893	5.01e-12	46	TelYs	4449845	revF
ERR20616126656	Chr5	91.304	46	4	1	46	208	163	6.49e-11	46	TelYs	115	revT
ERR20616126656	Chr5	92.857	42	3	5	46	4454896	4454937	2.33e-10	46	TelYs	4454889	revF
ERR20616126736	Chr8	100.000	41	0	6	46	3144	3104	8.66e-15	47	TelYs	3056	revT
ERR20616126736	Chr8	100.000	41	0	6	46	8314	8274	8.66e-15	47	TelYs	8226	revT
ERR20616126736	Chr8	100.000	41	0	6	46	13344	13304	8.66e-15	47	TelYs	13256	revT
ERR20616126736	Chr8	100.000	41	0	6	46	1845825	1845865	8.66e-15	47	TelYs	1845817	revF
ERR20616126736	Chr8	100.000	41	0	6	46	1850962	1851002	8.66e-15	47	TelYs	1850954	revF
ERR20616126736	Chr8	100.000	41	0	6	46	1856028	1856068	8.66e-15	47	TelYs	1856020	revF
ERR20616126736	Chr8	100.000	41	0	6	46	1861048	1861088	8.66e-15	47	TelYs	1861040	revF
ERR20616126736	Chr8	100.000	41	0	6	46	1866191	1866231	8.66e-15	47	TelYs	1866183	revF
ERR20616126736	Chr8	100.000	41	0	6	46	1881580	1881620	8.66e-15	47	TelYs	1881572	revF
ERR20616126736	Chr8	100.000	41	0	6	46	1886710	1886750	8.66e-15	47	TelYs	1886702	revF
ERR20616126736	Chr8	100.000	41	0	6	46	1891701	1891741	8.66e-15	47	TelYs	1891693	revF
ERR20616126736	Chr8	100.000	41	0	6	46	1896791	1896831	8.66e-15	47	TelYs	1896783	revF
ERR20616126736	Chr8	100.000	41	0	6	46	1901803	1901843	8.66e-15	47	TelYs	1901795	revF
ERR20616126736	Chr8	97.619	42	1	6	47	3210	3169	1.12e-13	47	TelYs	3121	revT
ERR20616126736	Chr8	97.619	42	1	6	47	8380	8339	1.12e-13	47	TelYs	8291	revT
ERR20616126736	Chr8	97.619	42	1	6	47	13410	13369	1.12e-13	47	TelYs	13321	revT
ERR20616126736	Chr8	97.619	42	1	6	47	1845759	1845800	1.12e-13	47	TelYs	1845752	revF
ERR20616126736	Chr8	97.619	42	1	6	47	1850896	1850937	1.12e-13	47	TelYs	1850889	revF
ERR20616126736	Chr8	97.619	42	1	6	47	1855962	1856003	1.12e-13	47	TelYs	1855955	revF
ERR20616126736	Chr8	97.619	42	1	6	47	1860982	1861023	1.12e-13	47	TelYs	1860975	revF
ERR20616126736	Chr8	97.619	42	1	6	47	1876388	1876429	1.12e-13	47	TelYs	1876381	revF
ERR20616126736	Chr8	97.619	42	1	6	47	1891635	1891676	1.12e-13	47	TelYs	1891628	revF
ERR20616126736	Chr8	97.619	42	0	6	46	1871331	1871372	4.03e-13	47	TelYs	1871324	revF
ERR20616126736	Chr8	95.349	43	1	6	47	1866124	1866166	5.21e-12	47	TelYs	1866118	revF
ERR20616126736	Chr8	95.349	43	1	6	47	1871264	1871306	5.21e-12	47	TelYs	1871258	revF
ERR20616126736	Chr7	100.000	41	0	6	46	1436	1396	8.66e-15	47	TelYs	1348	revT
ERR20616126736	Chr7	100.000	41	0	6	46	6466	6426	8.66e-15	47	TelYs	6378	revT
ERR20616126736	Chr7	100.000	41	0	6	46	4040127	4040167	8.66e-15	47	TelYs	4040119	revF
ERR20616126736	Chr7	100.000	41	0	6	46	4047588	4047628	8.66e-15	47	TelYs	4047580	revF
ERR20616126736	Chr7	100.000	41	0	6	46	4052617	4052657	8.66e-15	47	TelYs	4052609	revF
ERR20616126736	Chr7	100.000	41	0	6	46	4057775	4057815	8.66e-15	47	TelYs	4057767	revF
ERR20616126736	Chr7	100.000	41	0	6	46	4062806	4062846	8.66e-15	47	TelYs	4062798	revF
ERR20616126736	Chr7	100.000	41	0	6	46	4067831	4067871	8.66e-15	47	TelYs	4067823	revF
ERR20616126736	Chr7	100.000	41	0	6	46	4072936	4072976	8.66e-15	47	TelYs	4072928	revF
ERR20616126736	Chr7	100.000	41	0	6	46	4077931	4077971	8.66e-15	47	TelYs	4077923	revF
ERR20616126736	Chr7	97.619	42	1	6	47	1502	1461	1.12e-13	47	TelYs	1413	revT
ERR20616126736	Chr7	97.619	42	1	6	47	6532	6491	1.12e-13	47	TelYs	6443	revT
ERR20616126736	Chr7	97.619	42	1	6	47	4040061	4040102	1.12e-13	47	TelYs	4040054	revF
ERR20616126736	Chr7	97.619	42	1	6	47	4047522	4047563	1.12e-13	47	TelYs	4047515	revF
ERR20616126736	Chr7	97.619	42	1	6	47	4052551	4052592	1.12e-13	47	TelYs	4052544	revF
ERR20616126736	Chr7	97.619	42	1	6	47	4057709	4057750	1.12e-13	47	TelYs	4057702	revF
ERR20616126736	Chr7	97.619	42	1	6	47	4062740	4062781	1.12e-13	47	TelYs	4062733	revF
ERR20616126736	Chr7	97.619	42	1	6	47	4072870	4072911	1.12e-13	47	TelYs	4072863	revF
ERR20616126736	Chr7	97.619	42	1	6	47	4077865	4077906	1.12e-13	47	TelYs	4077858	revF
ERR20616126736	Chr7	97.561	41	1	6	46	4067764	4067804	4.03e-13	47	TelYs	4067756	revF
ERR20616126736	Chr6	100.000	41	0	6	46	1633	1593	8.66e-15	47	TelYs	1545	revT
ERR20616126736	Chr6	100.000	41	0	6	46	6680	6640	8.66e-15	47	TelYs	6592	revT
ERR20616126736	Chr6	100.000	41	0	6	46	11700	11660	8.66e-15	47	TelYs	11612	revT
ERR20616126736	Chr6	100.000	41	0	6	46	16737	16697	8.66e-15	47	TelYs	16649	revT
ERR20616126736	Chr6	100.000	41	0	6	46	21759	21719	8.66e-15	47	TelYs	21671	revT
ERR20616126736	Chr6	100.000	41	0	6	46	6106502	6106542	8.66e-15	47	TelYs	6106494	revF
ERR20616126736	Chr6	100.000	41	0	6	46	6111617	6111657	8.66e-15	47	TelYs	6111609	revF
ERR20616126736	Chr6	100.000	41	0	6	46	6116662	6116702	8.66e-15	47	TelYs	6116654	revF
ERR20616126736	Chr6	100.000	41	0	6	46	6121702	6121742	8.66e-15	47	TelYs	6121694	revF
ERR20616126736	Chr6	100.000	41	0	6	46	6126863	6126903	8.66e-15	47	TelYs	6126855	revF
ERR20616126736	Chr6	100.000	41	0	6	46	6131904	6131944	8.66e-15	47	TelYs	6131896	revF
ERR20616126736	Chr6	97.619	42	1	6	47	1699	1658	1.12e-13	47	TelYs	1610	revT
ERR20616126736	Chr6	97.619	42	1	6	47	6746	6705	1.12e-13	47	TelYs	6657	revT
ERR20616126736	Chr6	97.619	42	1	6	47	11766	11725	1.12e-13	47	TelYs	11677	revT
ERR20616126736	Chr6	97.619	42	1	6	47	16803	16762	1.12e-13	47	TelYs	16714	revT
ERR20616126736	Chr6	97.619	42	1	6	47	21825	21784	1.12e-13	47	TelYs	21736	revT
ERR20616126736	Chr6	97.619	42	1	6	47	6106436	6106477	1.12e-13	47	TelYs	6106429	revF
ERR20616126736	Chr6	97.619	42	1	6	47	6111551	6111592	1.12e-13	47	TelYs	6111544	revF
ERR20616126736	Chr6	97.619	42	1	6	47	6116596	6116637	1.12e-13	47	TelYs	6116589	revF
ERR20616126736	Chr6	97.619	42	1	6	47	6121636	6121677	1.12e-13	47	TelYs	6121629	revF
ERR20616126736	Chr6	97.619	42	1	6	47	6126797	6126838	1.12e-13	47	TelYs	6126790	revF
ERR20616126736	Chr6	97.619	42	1	6	47	6131838	6131879	1.12e-13	47	TelYs	6131831	revF
ERR20616126736	Chr5	100.000	41	0	6	46	1386	1346	8.66e-15	47	TelYs	1298	revT
ERR20616126736	Chr5	100.000	41	0	6	46	4438510	4438550	8.66e-15	47	TelYs	4438502	revF
ERR20616126736	Chr5	100.000	41	0	6	46	4443538	4443578	8.66e-15	47	TelYs	4443530	revF
ERR20616126736	Chr5	100.000	41	0	6	46	4448579	4448619	8.66e-15	47	TelYs	4448571	revF
ERR20616126736	Chr5	100.000	41	0	6	46	4453633	4453673	8.66e-15	47	TelYs	4453625	revF
ERR20616126736	Chr5	100.000	41	0	6	46	4458676	4458716	8.66e-15	47	TelYs	4458668	revF
ERR20616126736	Chr5	97.619	42	1	6	47	1452	1411	1.12e-13	47	TelYs	1363	revT
ERR20616126736	Chr5	97.619	42	1	6	47	4438444	4438485	1.12e-13	47	TelYs	4438437	revF
ERR20616126736	Chr5	97.619	42	1	6	47	4443472	4443513	1.12e-13	47	TelYs	4443465	revF
ERR20616126736	Chr5	97.619	42	1	6	47	4448513	4448554	1.12e-13	47	TelYs	4448506	revF
ERR20616126736	Chr5	97.619	42	1	6	47	4453567	4453608	1.12e-13	47	TelYs	4453560	revF
ERR20616126736	Chr5	97.619	42	1	6	47	4458610	4458651	1.12e-13	47	TelYs	4458603	revF
ERR20616126736	Chr4	100.000	41	0	6	46	1467	1427	8.66e-15	47	TelYs	1379	revT
ERR20616126736	Chr4	100.000	41	0	6	46	6493	6453	8.66e-15	47	TelYs	6405	revT
ERR20616126736	Chr4	100.000	41	0	6	46	11531	11491	8.66e-15	47	TelYs	11443	revT
ERR20616126736	Chr4	100.000	41	0	6	46	5397447	5397487	8.66e-15	47	TelYs	5397439	revF
ERR20616126736	Chr4	100.000	41	0	6	46	5402492	5402532	8.66e-15	47	TelYs	5402484	revF
ERR20616126736	Chr4	100.000	41	0	6	46	5407530	5407570	8.66e-15	47	TelYs	5407522	revF
ERR20616126736	Chr4	100.000	41	0	6	46	5411745	5411785	8.66e-15	47	TelYs	5411737	revF
ERR20616126736	Chr4	97.619	42	1	6	47	1533	1492	1.12e-13	47	TelYs	1444	revT
ERR20616126736	Chr4	97.619	42	1	6	47	6559	6518	1.12e-13	47	TelYs	6470	revT
ERR20616126736	Chr4	97.619	42	1	6	47	11597	11556	1.12e-13	47	TelYs	11508	revT
ERR20616126736	Chr4	97.619	42	1	6	47	5397381	5397422	1.12e-13	47	TelYs	5397374	revF
ERR20616126736	Chr4	97.619	42	1	6	47	5402426	5402467	1.12e-13	47	TelYs	5402419	revF
ERR20616126736	Chr4	97.619	42	1	6	47	5407464	5407505	1.12e-13	47	TelYs	5407457	revF
ERR20616126736	Chr4	97.619	42	1	6	47	5411679	5411720	1.12e-13	47	TelYs	5411672	revF
ERR20616126736	Chr3	100.000	41	0	6	46	1004	964	8.66e-15	47	TelYs	916	revT
ERR20616126736	Chr3	100.000	41	0	6	46	5995	5955	8.66e-15	47	TelYs	5907	revT
ERR20616126736	Chr3	100.000	41	0	6	46	10984	10944	8.66e-15	47	TelYs	10896	revT
ERR20616126736	Chr3	100.000	41	0	6	46	8226248	8226288	8.66e-15	47	TelYs	8226240	revF
ERR20616126736	Chr3	100.000	41	0	6	46	8231262	8231302	8.66e-15	47	TelYs	8231254	revF
ERR20616126736	Chr3	100.000	41	0	6	46	8236296	8236336	8.66e-15	47	TelYs	8236288	revF
ERR20616126736	Chr3	97.619	42	1	6	47	1070	1029	1.12e-13	47	TelYs	981	revT
ERR20616126736	Chr3	97.619	42	1	6	47	6061	6020	1.12e-13	47	TelYs	5972	revT
ERR20616126736	Chr3	97.619	42	1	6	47	11050	11009	1.12e-13	47	TelYs	10961	revT
ERR20616126736	Chr3	97.619	42	1	6	47	8226182	8226223	1.12e-13	47	TelYs	8226175	revF
ERR20616126736	Chr3	97.619	42	1	6	47	8231196	8231237	1.12e-13	47	TelYs	8231189	revF
ERR20616126736	Chr3	97.619	42	1	6	47	8236230	8236271	1.12e-13	47	TelYs	8236223	revF
ERR20616126736	Chr2	100.000	41	0	6	46	1591	1551	8.66e-15	47	TelYs	1503	revT
ERR20616126736	Chr2	100.000	41	0	6	46	6666	6626	8.66e-15	47	TelYs	6578	revT
ERR20616126736	Chr2	100.000	41	0	6	46	11692	11652	8.66e-15	47	TelYs	11604	revT
ERR20616126736	Chr2	100.000	41	0	6	46	7913989	7914029	8.66e-15	47	TelYs	7913981	revF
ERR20616126736	Chr2	97.619	42	1	6	47	1657	1616	1.12e-13	47	TelYs	1568	revT
ERR20616126736	Chr2	97.619	42	1	6	47	6732	6691	1.12e-13	47	TelYs	6643	revT
ERR20616126736	Chr2	97.619	42	1	6	47	11758	11717	1.12e-13	47	TelYs	11669	revT
ERR20616126736	Chr2	97.619	42	1	6	47	7913923	7913964	1.12e-13	47	TelYs	7913916	revF
ERR20616126736	Chr1	100.000	41	0	6	46	6666748	6666788	8.66e-15	47	TelYs	6666740	revF
ERR20616126736	Chr1	97.619	42	1	6	47	6666682	6666723	1.12e-13	47	TelYs	6666675	revF
ERR20616126768	Chr8	100.000	41	0	2	42	3104	3144	9.66e-15	50	TelYs	3096	revF
ERR20616126768	Chr8	100.000	41	0	2	42	8274	8314	9.66e-15	50	TelYs	8266	revF
ERR20616126768	Chr8	100.000	41	0	2	42	13304	13344	9.66e-15	50	TelYs	13296	revF
ERR20616126768	Chr8	100.000	41	0	2	42	1845865	1845825	9.66e-15	50	TelYs	1845777	revT
ERR20616126768	Chr8	100.000	41	0	2	42	1851002	1850962	9.66e-15	50	TelYs	1850914	revT
ERR20616126768	Chr8	100.000	41	0	2	42	1856068	1856028	9.66e-15	50	TelYs	1855980	revT
ERR20616126768	Chr8	100.000	41	0	2	42	1861088	1861048	9.66e-15	50	TelYs	1861000	revT
ERR20616126768	Chr8	100.000	41	0	2	42	1866231	1866191	9.66e-15	50	TelYs	1866143	revT
ERR20616126768	Chr8	100.000	41	0	2	42	1881620	1881580	9.66e-15	50	TelYs	1881532	revT
ERR20616126768	Chr8	100.000	41	0	2	42	1886750	1886710	9.66e-15	50	TelYs	1886662	revT
ERR20616126768	Chr8	100.000	41	0	2	42	1891741	1891701	9.66e-15	50	TelYs	1891653	revT
ERR20616126768	Chr8	100.000	41	0	2	42	1896831	1896791	9.66e-15	50	TelYs	1896743	revT
ERR20616126768	Chr8	100.000	41	0	2	42	1901843	1901803	9.66e-15	50	TelYs	1901755	revT
ERR20616126768	Chr8	97.619	42	1	1	42	3169	3210	1.25e-13	50	TelYs	3162	revF
ERR20616126768	Chr8	97.619	42	1	1	42	8339	8380	1.25e-13	50	TelYs	8332	revF
ERR20616126768	Chr8	97.619	42	1	1	42	13369	13410	1.25e-13	50	TelYs	13362	revF
ERR20616126768	Chr8	97.619	42	1	1	42	1845800	1845759	1.25e-13	50	TelYs	1845711	revT
ERR20616126768	Chr8	97.619	42	1	1	42	1850937	1850896	1.25e-13	50	TelYs	1850848	revT
ERR20616126768	Chr8	97.619	42	1	1	42	1856003	1855962	1.25e-13	50	TelYs	1855914	revT
ERR20616126768	Chr8	97.619	42	1	1	42	1861023	1860982	1.25e-13	50	TelYs	1860934	revT
ERR20616126768	Chr8	97.619	42	1	1	42	1876429	1876388	1.25e-13	50	TelYs	1876340	revT
ERR20616126768	Chr8	97.619	42	1	1	42	1891676	1891635	1.25e-13	50	TelYs	1891587	revT
ERR20616126768	Chr8	97.619	42	0	2	42	1871372	1871331	4.50e-13	50	TelYs	1871283	revT
ERR20616126768	Chr8	95.349	43	1	1	42	1866166	1866124	5.82e-12	50	TelYs	1866076	revT
ERR20616126768	Chr8	95.349	43	1	1	42	1871306	1871264	5.82e-12	50	TelYs	1871216	revT
ERR20616126768	Chr7	100.000	41	0	2	42	1396	1436	9.66e-15	50	TelYs	1388	revF
ERR20616126768	Chr7	100.000	41	0	2	42	6426	6466	9.66e-15	50	TelYs	6418	revF
ERR20616126768	Chr7	100.000	41	0	2	42	4040167	4040127	9.66e-15	50	TelYs	4040079	revT
ERR20616126768	Chr7	100.000	41	0	2	42	4047628	4047588	9.66e-15	50	TelYs	4047540	revT
ERR20616126768	Chr7	100.000	41	0	2	42	4052657	4052617	9.66e-15	50	TelYs	4052569	revT
ERR20616126768	Chr7	100.000	41	0	2	42	4057815	4057775	9.66e-15	50	TelYs	4057727	revT
ERR20616126768	Chr7	100.000	41	0	2	42	4062846	4062806	9.66e-15	50	TelYs	4062758	revT
ERR20616126768	Chr7	100.000	41	0	2	42	4067871	4067831	9.66e-15	50	TelYs	4067783	revT
ERR20616126768	Chr7	100.000	41	0	2	42	4072976	4072936	9.66e-15	50	TelYs	4072888	revT
ERR20616126768	Chr7	100.000	41	0	2	42	4077971	4077931	9.66e-15	50	TelYs	4077883	revT
ERR20616126768	Chr7	97.619	42	1	1	42	1461	1502	1.25e-13	50	TelYs	1454	revF
ERR20616126768	Chr7	97.619	42	1	1	42	6491	6532	1.25e-13	50	TelYs	6484	revF
ERR20616126768	Chr7	97.619	42	1	1	42	4040102	4040061	1.25e-13	50	TelYs	4040013	revT
ERR20616126768	Chr7	97.619	42	1	1	42	4047563	4047522	1.25e-13	50	TelYs	4047474	revT
ERR20616126768	Chr7	97.619	42	1	1	42	4052592	4052551	1.25e-13	50	TelYs	4052503	revT
ERR20616126768	Chr7	97.619	42	1	1	42	4057750	4057709	1.25e-13	50	TelYs	4057661	revT
ERR20616126768	Chr7	97.619	42	1	1	42	4062781	4062740	1.25e-13	50	TelYs	4062692	revT
ERR20616126768	Chr7	97.619	42	1	1	42	4072911	4072870	1.25e-13	50	TelYs	4072822	revT
ERR20616126768	Chr7	97.619	42	1	1	42	4077906	4077865	1.25e-13	50	TelYs	4077817	revT
ERR20616126768	Chr7	97.561	41	1	2	42	4067804	4067764	4.50e-13	50	TelYs	4067716	revT
ERR20616126768	Chr6	100.000	41	0	2	42	1593	1633	9.66e-15	50	TelYs	1585	revF
ERR20616126768	Chr6	100.000	41	0	2	42	6640	6680	9.66e-15	50	TelYs	6632	revF
ERR20616126768	Chr6	100.000	41	0	2	42	11660	11700	9.66e-15	50	TelYs	11652	revF
ERR20616126768	Chr6	100.000	41	0	2	42	16697	16737	9.66e-15	50	TelYs	16689	revF
ERR20616126768	Chr6	100.000	41	0	2	42	21719	21759	9.66e-15	50	TelYs	21711	revF
ERR20616126768	Chr6	100.000	41	0	2	42	6106542	6106502	9.66e-15	50	TelYs	6106454	revT
ERR20616126768	Chr6	100.000	41	0	2	42	6111657	6111617	9.66e-15	50	TelYs	6111569	revT
ERR20616126768	Chr6	100.000	41	0	2	42	6116702	6116662	9.66e-15	50	TelYs	6116614	revT
ERR20616126768	Chr6	100.000	41	0	2	42	6121742	6121702	9.66e-15	50	TelYs	6121654	revT
ERR20616126768	Chr6	100.000	41	0	2	42	6126903	6126863	9.66e-15	50	TelYs	6126815	revT
ERR20616126768	Chr6	100.000	41	0	2	42	6131944	6131904	9.66e-15	50	TelYs	6131856	revT
ERR20616126768	Chr6	97.619	42	1	1	42	1658	1699	1.25e-13	50	TelYs	1651	revF
ERR20616126768	Chr6	97.619	42	1	1	42	6705	6746	1.25e-13	50	TelYs	6698	revF
ERR20616126768	Chr6	97.619	42	1	1	42	11725	11766	1.25e-13	50	TelYs	11718	revF
ERR20616126768	Chr6	97.619	42	1	1	42	16762	16803	1.25e-13	50	TelYs	16755	revF
ERR20616126768	Chr6	97.619	42	1	1	42	21784	21825	1.25e-13	50	TelYs	21777	revF
ERR20616126768	Chr6	97.619	42	1	1	42	6106477	6106436	1.25e-13	50	TelYs	6106388	revT
ERR20616126768	Chr6	97.619	42	1	1	42	6111592	6111551	1.25e-13	50	TelYs	6111503	revT
ERR20616126768	Chr6	97.619	42	1	1	42	6116637	6116596	1.25e-13	50	TelYs	6116548	revT
ERR20616126768	Chr6	97.619	42	1	1	42	6121677	6121636	1.25e-13	50	TelYs	6121588	revT
ERR20616126768	Chr6	97.619	42	1	1	42	6126838	6126797	1.25e-13	50	TelYs	6126749	revT
ERR20616126768	Chr6	97.619	42	1	1	42	6131879	6131838	1.25e-13	50	TelYs	6131790	revT
ERR20616126768	Chr5	100.000	41	0	2	42	1346	1386	9.66e-15	50	TelYs	1338	revF
ERR20616126768	Chr5	100.000	41	0	2	42	4438550	4438510	9.66e-15	50	TelYs	4438462	revT
ERR20616126768	Chr5	100.000	41	0	2	42	4443578	4443538	9.66e-15	50	TelYs	4443490	revT
ERR20616126768	Chr5	100.000	41	0	2	42	4448619	4448579	9.66e-15	50	TelYs	4448531	revT
ERR20616126768	Chr5	100.000	41	0	2	42	4453673	4453633	9.66e-15	50	TelYs	4453585	revT
ERR20616126768	Chr5	100.000	41	0	2	42	4458716	4458676	9.66e-15	50	TelYs	4458628	revT
ERR20616126768	Chr5	97.619	42	1	1	42	1411	1452	1.25e-13	50	TelYs	1404	revF
ERR20616126768	Chr5	97.619	42	1	1	42	4438485	4438444	1.25e-13	50	TelYs	4438396	revT
ERR20616126768	Chr5	97.619	42	1	1	42	4443513	4443472	1.25e-13	50	TelYs	4443424	revT
ERR20616126768	Chr5	97.619	42	1	1	42	4448554	4448513	1.25e-13	50	TelYs	4448465	revT
ERR20616126768	Chr5	97.619	42	1	1	42	4453608	4453567	1.25e-13	50	TelYs	4453519	revT
ERR20616126768	Chr5	97.619	42	1	1	42	4458651	4458610	1.25e-13	50	TelYs	4458562	revT
ERR20616126768	Chr4	100.000	41	0	2	42	1427	1467	9.66e-15	50	TelYs	1419	revF
ERR20616126768	Chr4	100.000	41	0	2	42	6453	6493	9.66e-15	50	TelYs	6445	revF
ERR20616126768	Chr4	100.000	41	0	2	42	11491	11531	9.66e-15	50	TelYs	11483	revF
ERR20616126768	Chr4	100.000	41	0	2	42	5397487	5397447	9.66e-15	50	TelYs	5397399	revT
ERR20616126768	Chr4	100.000	41	0	2	42	5402532	5402492	9.66e-15	50	TelYs	5402444	revT
ERR20616126768	Chr4	100.000	41	0	2	42	5407570	5407530	9.66e-15	50	TelYs	5407482	revT
ERR20616126768	Chr4	100.000	41	0	2	42	5411785	5411745	9.66e-15	50	TelYs	5411697	revT
ERR20616126768	Chr4	97.619	42	1	1	42	1492	1533	1.25e-13	50	TelYs	1485	revF
ERR20616126768	Chr4	97.619	42	1	1	42	6518	6559	1.25e-13	50	TelYs	6511	revF
ERR20616126768	Chr4	97.619	42	1	1	42	11556	11597	1.25e-13	50	TelYs	11549	revF
ERR20616126768	Chr4	97.619	42	1	1	42	5397422	5397381	1.25e-13	50	TelYs	5397333	revT
ERR20616126768	Chr4	97.619	42	1	1	42	5402467	5402426	1.25e-13	50	TelYs	5402378	revT
ERR20616126768	Chr4	97.619	42	1	1	42	5407505	5407464	1.25e-13	50	TelYs	5407416	revT
ERR20616126768	Chr4	97.619	42	1	1	42	5411720	5411679	1.25e-13	50	TelYs	5411631	revT
ERR20616126768	Chr3	100.000	41	0	2	42	964	1004	9.66e-15	50	TelYs	956	revF
ERR20616126768	Chr3	100.000	41	0	2	42	5955	5995	9.66e-15	50	TelYs	5947	revF
ERR20616126768	Chr3	100.000	41	0	2	42	10944	10984	9.66e-15	50	TelYs	10936	revF
ERR20616126768	Chr3	100.000	41	0	2	42	8226288	8226248	9.66e-15	50	TelYs	8226200	revT
ERR20616126768	Chr3	100.000	41	0	2	42	8231302	8231262	9.66e-15	50	TelYs	8231214	revT
ERR20616126768	Chr3	100.000	41	0	2	42	8236336	8236296	9.66e-15	50	TelYs	8236248	revT
ERR20616126768	Chr3	97.619	42	1	1	42	1029	1070	1.25e-13	50	TelYs	1022	revF
ERR20616126768	Chr3	97.619	42	1	1	42	6020	6061	1.25e-13	50	TelYs	6013	revF
ERR20616126768	Chr3	97.619	42	1	1	42	11009	11050	1.25e-13	50	TelYs	11002	revF
ERR20616126768	Chr3	97.619	42	1	1	42	8226223	8226182	1.25e-13	50	TelYs	8226134	revT
ERR20616126768	Chr3	97.619	42	1	1	42	8231237	8231196	1.25e-13	50	TelYs	8231148	revT
ERR20616126768	Chr3	97.619	42	1	1	42	8236271	8236230	1.25e-13	50	TelYs	8236182	revT
ERR20616126768	Chr2	100.000	41	0	2	42	1551	1591	9.66e-15	50	TelYs	1543	revF
ERR20616126768	Chr2	100.000	41	0	2	42	6626	6666	9.66e-15	50	TelYs	6618	revF
ERR20616126768	Chr2	100.000	41	0	2	42	11652	11692	9.66e-15	50	TelYs	11644	revF
ERR20616126768	Chr2	100.000	41	0	2	42	7914029	7913989	9.66e-15	50	TelYs	7913941	revT
ERR20616126768	Chr2	97.619	42	1	1	42	1616	1657	1.25e-13	50	TelYs	1609	revF
ERR20616126768	Chr2	97.619	42	1	1	42	6691	6732	1.25e-13	50	TelYs	6684	revF
ERR20616126768	Chr2	97.619	42	1	1	42	11717	11758	1.25e-13	50	TelYs	11710	revF
ERR20616126768	Chr2	97.619	42	1	1	42	7913964	7913923	1.25e-13	50	TelYs	7913875	revT
ERR20616126768	Chr1	100.000	41	0	2	42	6666788	6666748	9.66e-15	50	TelYs	6666700	revT
ERR20616126768	Chr1	97.619	42	1	1	42	6666723	6666682	1.25e-13	50	TelYs	6666634	revT
ERR20616126800	Chr8	98.148	54	1	1	54	3036	3089	3.04e-20	54	TelYs	3041	revF
ERR20616126800	Chr8	98.148	54	1	1	54	8206	8259	3.04e-20	54	TelYs	8211	revF
ERR20616126800	Chr8	98.148	54	1	1	54	13236	13289	3.04e-20	54	TelYs	13241	revF
ERR20616126800	Chr8	98.148	54	1	1	54	1845933	1845880	3.04e-20	54	TelYs	1845832	revT
ERR20616126800	Chr8	98.148	54	1	1	54	1851070	1851017	3.04e-20	54	TelYs	1850969	revT
ERR20616126800	Chr8	98.148	54	1	1	54	1856136	1856083	3.04e-20	54	TelYs	1856035	revT
ERR20616126800	Chr8	98.148	54	1	1	54	1901911	1901858	3.04e-20	54	TelYs	1901810	revT
ERR20616126800	Chr8	96.226	53	1	2	54	3104	3155	1.83e-17	54	TelYs	3107	revF
ERR20616126800	Chr8	96.226	53	1	2	54	8274	8325	1.83e-17	54	TelYs	8277	revF
ERR20616126800	Chr8	96.226	53	1	2	54	13304	13355	1.83e-17	54	TelYs	13307	revF
ERR20616126800	Chr8	96.226	53	1	2	54	1845865	1845814	1.83e-17	54	TelYs	1845766	revT
ERR20616126800	Chr8	96.226	53	1	2	54	1851002	1850951	1.83e-17	54	TelYs	1850903	revT
ERR20616126800	Chr8	96.226	53	1	2	54	1856068	1856017	1.83e-17	54	TelYs	1855969	revT
ERR20616126800	Chr8	96.226	53	1	2	54	1861088	1861037	1.83e-17	54	TelYs	1860989	revT
ERR20616126800	Chr8	96.226	53	1	2	54	1866231	1866180	1.83e-17	54	TelYs	1866132	revT
ERR20616126800	Chr8	96.226	53	1	2	54	1881620	1881569	1.83e-17	54	TelYs	1881521	revT
ERR20616126800	Chr8	96.226	53	1	2	54	1886750	1886699	1.83e-17	54	TelYs	1886651	revT
ERR20616126800	Chr8	96.226	53	1	2	54	1891741	1891690	1.83e-17	54	TelYs	1891642	revT
ERR20616126800	Chr8	96.226	53	1	2	54	1896831	1896780	1.83e-17	54	TelYs	1896732	revT
ERR20616126800	Chr8	96.226	53	1	2	54	1901843	1901792	1.83e-17	54	TelYs	1901744	revT
ERR20616126800	Chr8	94.444	54	1	1	54	3169	3220	2.36e-16	54	TelYs	3172	revF
ERR20616126800	Chr8	94.444	54	1	1	54	8339	8390	2.36e-16	54	TelYs	8342	revF
ERR20616126800	Chr8	94.444	54	1	1	54	13369	13420	2.36e-16	54	TelYs	13372	revF
ERR20616126800	Chr8	94.444	54	1	1	54	1845800	1845749	2.36e-16	54	TelYs	1845701	revT
ERR20616126800	Chr8	94.444	54	1	1	54	1850937	1850886	2.36e-16	54	TelYs	1850838	revT
ERR20616126800	Chr8	94.444	54	1	1	54	1856003	1855952	2.36e-16	54	TelYs	1855904	revT
ERR20616126800	Chr8	94.444	54	1	1	54	1861023	1860972	2.36e-16	54	TelYs	1860924	revT
ERR20616126800	Chr8	94.444	54	1	2	54	1871372	1871320	2.36e-16	54	TelYs	1871272	revT
ERR20616126800	Chr8	94.444	54	1	1	54	1876429	1876378	2.36e-16	54	TelYs	1876330	revT
ERR20616126800	Chr8	94.444	54	1	1	54	1891676	1891625	2.36e-16	54	TelYs	1891577	revT
ERR20616126800	Chr8	92.727	55	1	1	54	1866166	1866114	1.10e-14	54	TelYs	1866066	revT
ERR20616126800	Chr8	92.727	55	1	1	54	1871306	1871254	1.10e-14	54	TelYs	1871206	revT
ERR20616126800	Chr7	98.148	54	1	1	54	1328	1381	3.04e-20	54	TelYs	1333	revF
ERR20616126800	Chr7	98.148	54	1	1	54	6358	6411	3.04e-20	54	TelYs	6363	revF
ERR20616126800	Chr7	98.148	54	1	1	54	4040235	4040182	3.04e-20	54	TelYs	4040134	revT
ERR20616126800	Chr7	98.148	54	1	1	54	4047696	4047643	3.04e-20	54	TelYs	4047595	revT
ERR20616126800	Chr7	98.148	54	1	1	54	4052725	4052672	3.04e-20	54	TelYs	4052624	revT
ERR20616126800	Chr7	98.148	54	1	1	54	4057883	4057830	3.04e-20	54	TelYs	4057782	revT
ERR20616126800	Chr7	98.148	54	1	1	54	4062914	4062861	3.04e-20	54	TelYs	4062813	revT
ERR20616126800	Chr7	98.039	51	1	4	54	4067936	4067886	1.41e-18	54	TelYs	4067838	revT
ERR20616126800	Chr7	98.039	51	1	4	54	4073041	4072991	1.41e-18	54	TelYs	4072943	revT
ERR20616126800	Chr7	98.039	51	1	4	54	4078036	4077986	1.41e-18	54	TelYs	4077938	revT
ERR20616126800	Chr7	96.226	53	1	2	54	1396	1447	1.83e-17	54	TelYs	1399	revF
ERR20616126800	Chr7	96.226	53	1	2	54	6426	6477	1.83e-17	54	TelYs	6429	revF
ERR20616126800	Chr7	96.226	53	1	2	54	4040167	4040116	1.83e-17	54	TelYs	4040068	revT
ERR20616126800	Chr7	96.226	53	1	2	54	4047628	4047577	1.83e-17	54	TelYs	4047529	revT
ERR20616126800	Chr7	96.226	53	1	2	54	4052657	4052606	1.83e-17	54	TelYs	4052558	revT
ERR20616126800	Chr7	96.226	53	1	2	54	4057815	4057764	1.83e-17	54	TelYs	4057716	revT
ERR20616126800	Chr7	96.226	53	1	2	54	4062846	4062795	1.83e-17	54	TelYs	4062747	revT
ERR20616126800	Chr7	96.226	53	1	2	54	4067871	4067820	1.83e-17	54	TelYs	4067772	revT
ERR20616126800	Chr7	96.226	53	1	2	54	4072976	4072925	1.83e-17	54	TelYs	4072877	revT
ERR20616126800	Chr7	96.226	53	1	2	54	4077971	4077920	1.83e-17	54	TelYs	4077872	revT
ERR20616126800	Chr7	94.444	54	1	1	54	1461	1512	2.36e-16	54	TelYs	1464	revF
ERR20616126800	Chr7	94.444	54	1	1	54	6491	6542	2.36e-16	54	TelYs	6494	revF
ERR20616126800	Chr7	94.444	54	1	1	54	4040102	4040051	2.36e-16	54	TelYs	4040003	revT
ERR20616126800	Chr7	94.444	54	1	1	54	4047563	4047512	2.36e-16	54	TelYs	4047464	revT
ERR20616126800	Chr7	94.444	54	1	1	54	4052592	4052541	2.36e-16	54	TelYs	4052493	revT
ERR20616126800	Chr7	94.444	54	1	1	54	4057750	4057699	2.36e-16	54	TelYs	4057651	revT
ERR20616126800	Chr7	94.444	54	1	1	54	4062781	4062730	2.36e-16	54	TelYs	4062682	revT
ERR20616126800	Chr7	94.444	54	1	1	54	4072911	4072860	2.36e-16	54	TelYs	4072812	revT
ERR20616126800	Chr7	94.444	54	1	1	54	4077906	4077855	2.36e-16	54	TelYs	4077807	revT
ERR20616126800	Chr7	94.340	53	1	2	54	4067804	4067754	8.50e-16	54	TelYs	4067706	revT
ERR20616126800	Chr6	98.148	54	1	1	54	1525	1578	3.04e-20	54	TelYs	1530	revF
ERR20616126800	Chr6	98.148	54	1	1	54	6572	6625	3.04e-20	54	TelYs	6577	revF
ERR20616126800	Chr6	98.148	54	1	1	54	11592	11645	3.04e-20	54	TelYs	11597	revF
ERR20616126800	Chr6	98.148	54	1	1	54	16629	16682	3.04e-20	54	TelYs	16634	revF
ERR20616126800	Chr6	98.148	54	1	1	54	21651	21704	3.04e-20	54	TelYs	21656	revF
ERR20616126800	Chr6	98.148	54	1	1	54	6106610	6106557	3.04e-20	54	TelYs	6106509	revT
ERR20616126800	Chr6	98.148	54	1	1	54	6111725	6111672	3.04e-20	54	TelYs	6111624	revT
ERR20616126800	Chr6	98.148	54	1	1	54	6116770	6116717	3.04e-20	54	TelYs	6116669	revT
ERR20616126800	Chr6	98.148	54	1	1	54	6121810	6121757	3.04e-20	54	TelYs	6121709	revT
ERR20616126800	Chr6	98.148	54	1	1	54	6126971	6126918	3.04e-20	54	TelYs	6126870	revT
ERR20616126800	Chr6	98.148	54	1	1	54	6132012	6131959	3.04e-20	54	TelYs	6131911	revT
ERR20616126800	Chr6	96.226	53	1	2	54	1593	1644	1.83e-17	54	TelYs	1596	revF
ERR20616126800	Chr6	96.226	53	1	2	54	6640	6691	1.83e-17	54	TelYs	6643	revF
ERR20616126800	Chr6	96.226	53	1	2	54	11660	11711	1.83e-17	54	TelYs	11663	revF
ERR20616126800	Chr6	96.226	53	1	2	54	16697	16748	1.83e-17	54	TelYs	16700	revF
ERR20616126800	Chr6	96.226	53	1	2	54	21719	21770	1.83e-17	54	TelYs	21722	revF
ERR20616126800	Chr6	96.226	53	1	2	54	6106542	6106491	1.83e-17	54	TelYs	6106443	revT
ERR20616126800	Chr6	96.226	53	1	2	54	6111657	6111606	1.83e-17	54	TelYs	6111558	revT
ERR20616126800	Chr6	96.226	53	1	2	54	6116702	6116651	1.83e-17	54	TelYs	6116603	revT
ERR20616126800	Chr6	96.226	53	1	2	54	6121742	6121691	1.83e-17	54	TelYs	6121643	revT
ERR20616126800	Chr6	96.226	53	1	2	54	6126903	6126852	1.83e-17	54	TelYs	6126804	revT
ERR20616126800	Chr6	96.226	53	1	2	54	6131944	6131893	1.83e-17	54	TelYs	6131845	revT
ERR20616126800	Chr6	94.444	54	1	1	54	1658	1709	2.36e-16	54	TelYs	1661	revF
ERR20616126800	Chr6	94.444	54	1	1	54	6705	6756	2.36e-16	54	TelYs	6708	revF
ERR20616126800	Chr6	94.444	54	1	1	54	11725	11776	2.36e-16	54	TelYs	11728	revF
ERR20616126800	Chr6	94.444	54	1	1	54	16762	16813	2.36e-16	54	TelYs	16765	revF
ERR20616126800	Chr6	94.444	54	1	1	54	21784	21835	2.36e-16	54	TelYs	21787	revF
ERR20616126800	Chr6	94.444	54	1	1	54	6106477	6106426	2.36e-16	54	TelYs	6106378	revT
ERR20616126800	Chr6	94.444	54	1	1	54	6111592	6111541	2.36e-16	54	TelYs	6111493	revT
ERR20616126800	Chr6	94.444	54	1	1	54	6116637	6116586	2.36e-16	54	TelYs	6116538	revT
ERR20616126800	Chr6	94.444	54	1	1	54	6121677	6121626	2.36e-16	54	TelYs	6121578	revT
ERR20616126800	Chr6	94.444	54	1	1	54	6126838	6126787	2.36e-16	54	TelYs	6126739	revT
ERR20616126800	Chr6	94.444	54	1	1	54	6131879	6131828	2.36e-16	54	TelYs	6131780	revT
ERR20616126800	Chr5	98.148	54	1	1	54	1278	1331	3.04e-20	54	TelYs	1283	revF
ERR20616126800	Chr5	98.148	54	1	1	54	4438618	4438565	3.04e-20	54	TelYs	4438517	revT
ERR20616126800	Chr5	98.148	54	1	1	54	4443646	4443593	3.04e-20	54	TelYs	4443545	revT
ERR20616126800	Chr5	98.148	54	1	1	54	4448687	4448634	3.04e-20	54	TelYs	4448586	revT
ERR20616126800	Chr5	98.148	54	1	1	54	4453741	4453688	3.04e-20	54	TelYs	4453640	revT
ERR20616126800	Chr5	98.148	54	1	1	54	4458784	4458731	3.04e-20	54	TelYs	4458683	revT
ERR20616126800	Chr5	96.226	53	1	2	54	1346	1397	1.83e-17	54	TelYs	1349	revF
ERR20616126800	Chr5	96.226	53	1	2	54	4438550	4438499	1.83e-17	54	TelYs	4438451	revT
ERR20616126800	Chr5	96.226	53	1	2	54	4443578	4443527	1.83e-17	54	TelYs	4443479	revT
ERR20616126800	Chr5	96.226	53	1	2	54	4448619	4448568	1.83e-17	54	TelYs	4448520	revT
ERR20616126800	Chr5	96.226	53	1	2	54	4453673	4453622	1.83e-17	54	TelYs	4453574	revT
ERR20616126800	Chr5	96.226	53	1	2	54	4458716	4458665	1.83e-17	54	TelYs	4458617	revT
ERR20616126800	Chr5	94.444	54	1	1	54	1411	1462	2.36e-16	54	TelYs	1414	revF
ERR20616126800	Chr5	94.444	54	1	1	54	4438485	4438434	2.36e-16	54	TelYs	4438386	revT
ERR20616126800	Chr5	94.444	54	1	1	54	4443513	4443462	2.36e-16	54	TelYs	4443414	revT
ERR20616126800	Chr5	94.444	54	1	1	54	4448554	4448503	2.36e-16	54	TelYs	4448455	revT
ERR20616126800	Chr5	94.444	54	1	1	54	4453608	4453557	2.36e-16	54	TelYs	4453509	revT
ERR20616126800	Chr5	94.444	54	1	1	54	4458651	4458600	2.36e-16	54	TelYs	4458552	revT
ERR20616126800	Chr4	98.148	54	1	1	54	1359	1412	3.04e-20	54	TelYs	1364	revF
ERR20616126800	Chr4	98.148	54	1	1	54	6385	6438	3.04e-20	54	TelYs	6390	revF
ERR20616126800	Chr4	98.148	54	1	1	54	11423	11476	3.04e-20	54	TelYs	11428	revF
ERR20616126800	Chr4	98.148	54	1	1	54	5397555	5397502	3.04e-20	54	TelYs	5397454	revT
ERR20616126800	Chr4	98.148	54	1	1	54	5402600	5402547	3.04e-20	54	TelYs	5402499	revT
ERR20616126800	Chr4	98.148	54	1	1	54	5407638	5407585	3.04e-20	54	TelYs	5407537	revT
ERR20616126800	Chr4	98.148	54	1	1	54	5411853	5411800	3.04e-20	54	TelYs	5411752	revT
ERR20616126800	Chr4	96.226	53	1	2	54	1427	1478	1.83e-17	54	TelYs	1430	revF
ERR20616126800	Chr4	96.226	53	1	2	54	6453	6504	1.83e-17	54	TelYs	6456	revF
ERR20616126800	Chr4	96.226	53	1	2	54	11491	11542	1.83e-17	54	TelYs	11494	revF
ERR20616126800	Chr4	96.226	53	1	2	54	5397487	5397436	1.83e-17	54	TelYs	5397388	revT
ERR20616126800	Chr4	96.226	53	1	2	54	5402532	5402481	1.83e-17	54	TelYs	5402433	revT
ERR20616126800	Chr4	96.226	53	1	2	54	5407570	5407519	1.83e-17	54	TelYs	5407471	revT
ERR20616126800	Chr4	96.226	53	1	2	54	5411785	5411734	1.83e-17	54	TelYs	5411686	revT
ERR20616126800	Chr4	94.444	54	1	1	54	1492	1543	2.36e-16	54	TelYs	1495	revF
ERR20616126800	Chr4	94.444	54	1	1	54	6518	6569	2.36e-16	54	TelYs	6521	revF
ERR20616126800	Chr4	94.444	54	1	1	54	11556	11607	2.36e-16	54	TelYs	11559	revF
ERR20616126800	Chr4	94.444	54	1	1	54	5397422	5397371	2.36e-16	54	TelYs	5397323	revT
ERR20616126800	Chr4	94.444	54	1	1	54	5402467	5402416	2.36e-16	54	TelYs	5402368	revT
ERR20616126800	Chr4	94.444	54	1	1	54	5407505	5407454	2.36e-16	54	TelYs	5407406	revT
ERR20616126800	Chr4	94.444	54	1	1	54	5411720	5411669	2.36e-16	54	TelYs	5411621	revT
ERR20616126800	Chr3	98.148	54	1	1	54	896	949	3.04e-20	54	TelYs	901	revF
ERR20616126800	Chr3	98.148	54	1	1	54	5887	5940	3.04e-20	54	TelYs	5892	revF
ERR20616126800	Chr3	98.148	54	1	1	54	10876	10929	3.04e-20	54	TelYs	10881	revF
ERR20616126800	Chr3	98.148	54	1	1	54	8226356	8226303	3.04e-20	54	TelYs	8226255	revT
ERR20616126800	Chr3	98.148	54	1	1	54	8231370	8231317	3.04e-20	54	TelYs	8231269	revT
ERR20616126800	Chr3	98.148	54	1	1	54	8236404	8236351	3.04e-20	54	TelYs	8236303	revT
ERR20616126800	Chr3	96.226	53	1	2	54	964	1015	1.83e-17	54	TelYs	967	revF
ERR20616126800	Chr3	96.226	53	1	2	54	5955	6006	1.83e-17	54	TelYs	5958	revF
ERR20616126800	Chr3	96.226	53	1	2	54	10944	10995	1.83e-17	54	TelYs	10947	revF
ERR20616126800	Chr3	96.226	53	1	2	54	8226288	8226237	1.83e-17	54	TelYs	8226189	revT
ERR20616126800	Chr3	96.226	53	1	2	54	8231302	8231251	1.83e-17	54	TelYs	8231203	revT
ERR20616126800	Chr3	96.226	53	1	2	54	8236336	8236285	1.83e-17	54	TelYs	8236237	revT
ERR20616126800	Chr3	94.444	54	1	1	54	1029	1080	2.36e-16	54	TelYs	1032	revF
ERR20616126800	Chr3	94.444	54	1	1	54	6020	6071	2.36e-16	54	TelYs	6023	revF
ERR20616126800	Chr3	94.444	54	1	1	54	11009	11060	2.36e-16	54	TelYs	11012	revF
ERR20616126800	Chr3	94.444	54	1	1	54	8226223	8226172	2.36e-16	54	TelYs	8226124	revT
ERR20616126800	Chr3	94.444	54	1	1	54	8231237	8231186	2.36e-16	54	TelYs	8231138	revT
ERR20616126800	Chr3	94.444	54	1	1	54	8236271	8236220	2.36e-16	54	TelYs	8236172	revT
ERR20616126800	Chr2	98.148	54	1	1	54	6558	6611	3.04e-20	54	TelYs	6563	revF
ERR20616126800	Chr2	98.148	54	1	1	54	11584	11637	3.04e-20	54	TelYs	11589	revF
ERR20616126800	Chr2	98.148	54	1	1	54	7914097	7914044	3.04e-20	54	TelYs	7913996	revT
ERR20616126800	Chr2	98.039	51	1	4	54	1486	1536	1.41e-18	54	TelYs	1488	revF
ERR20616126800	Chr2	96.226	53	1	2	54	1551	1602	1.83e-17	54	TelYs	1554	revF
ERR20616126800	Chr2	96.226	53	1	2	54	6626	6677	1.83e-17	54	TelYs	6629	revF
ERR20616126800	Chr2	96.226	53	1	2	54	11652	11703	1.83e-17	54	TelYs	11655	revF
ERR20616126800	Chr2	96.226	53	1	2	54	7914029	7913978	1.83e-17	54	TelYs	7913930	revT
ERR20616126800	Chr2	94.444	54	1	1	54	1616	1667	2.36e-16	54	TelYs	1619	revF
ERR20616126800	Chr2	94.444	54	1	1	54	6691	6742	2.36e-16	54	TelYs	6694	revF
ERR20616126800	Chr2	94.444	54	1	1	54	11717	11768	2.36e-16	54	TelYs	11720	revF
ERR20616126800	Chr2	94.444	54	1	1	54	7913964	7913913	2.36e-16	54	TelYs	7913865	revT
ERR20616126800	Chr1	98.148	54	1	1	54	6666856	6666803	3.04e-20	54	TelYs	6666755	revT
ERR20616126800	Chr1	96.226	53	1	2	54	6666788	6666737	1.83e-17	54	TelYs	6666689	revT
ERR20616126800	Chr1	94.444	54	1	1	54	6666723	6666672	2.36e-16	54	TelYs	6666624	revT
ERR20616124408	Chr3	100.000	60	0	1	60	15256	15197	3.56e-25	60	TelYs	15149	revT
ERR20616124408	Chr3	100.000	60	0	1	60	16192	16133	3.56e-25	60	TelYs	16085	revT
ERR20616124408	Chr3	100.000	60	0	1	60	17127	17068	3.56e-25	60	TelYs	17020	revT
ERR20616124408	Chr3	100.000	60	0	1	60	18063	18004	3.56e-25	60	TelYs	17956	revT
ERR20616124408	Chr3	100.000	60	0	1	60	18999	18940	3.56e-25	60	TelYs	18892	revT
ERR20616124408	Chr3	100.000	60	0	1	60	19936	19877	3.56e-25	60	TelYs	19829	revT
ERR20616124408	Chr3	100.000	60	0	1	60	20870	20811	3.56e-25	60	TelYs	20763	revT
ERR20616124408	Chr3	100.000	60	0	1	60	21804	21745	3.56e-25	60	TelYs	21697	revT
ERR20616124408	Chr3	100.000	60	0	1	60	22739	22680	3.56e-25	60	TelYs	22632	revT
ERR20616124408	Chr3	100.000	60	0	1	60	23674	23615	3.56e-25	60	TelYs	23567	revT
ERR20616124408	Chr3	100.000	60	0	1	60	24608	24549	3.56e-25	60	TelYs	24501	revT
ERR20616124408	Chr3	100.000	60	0	1	60	25540	25481	3.56e-25	60	TelYs	25433	revT
ERR20616124408	Chr3	100.000	60	0	1	60	26475	26416	3.56e-25	60	TelYs	26368	revT
ERR20616124408	Chr3	100.000	60	0	1	60	27409	27350	3.56e-25	60	TelYs	27302	revT
ERR20616124408	Chr3	100.000	60	0	1	60	28344	28285	3.56e-25	60	TelYs	28237	revT
ERR20616124408	Chr3	100.000	60	0	1	60	29281	29222	3.56e-25	60	TelYs	29174	revT
ERR20616124408	Chr3	100.000	60	0	1	60	30215	30156	3.56e-25	60	TelYs	30108	revT
ERR20616124408	Chr3	100.000	60	0	1	60	31149	31090	3.56e-25	60	TelYs	31042	revT
ERR20616124408	Chr3	100.000	60	0	1	60	32084	32025	3.56e-25	60	TelYs	31977	revT
ERR20616124408	Chr3	100.000	60	0	1	60	33933	33874	3.56e-25	60	TelYs	33826	revT
ERR20616124408	Chr3	100.000	60	0	1	60	34865	34806	3.56e-25	60	TelYs	34758	revT
ERR20616124408	Chr3	100.000	60	0	1	60	35794	35735	3.56e-25	60	TelYs	35687	revT
ERR20616124408	Chr3	100.000	60	0	1	60	36727	36668	3.56e-25	60	TelYs	36620	revT
ERR20616124408	Chr3	100.000	60	0	1	60	37659	37600	3.56e-25	60	TelYs	37552	revT
ERR20616124408	Chr3	100.000	60	0	1	60	38594	38535	3.56e-25	60	TelYs	38487	revT
ERR20616124408	Chr3	100.000	60	0	1	60	39526	39467	3.56e-25	60	TelYs	39419	revT
ERR20616124408	Chr3	100.000	60	0	1	60	40459	40400	3.56e-25	60	TelYs	40352	revT
ERR20616124408	Chr3	100.000	60	0	1	60	41393	41334	3.56e-25	60	TelYs	41286	revT
ERR20616124408	Chr3	100.000	60	0	1	60	42327	42268	3.56e-25	60	TelYs	42220	revT
ERR20616124408	Chr3	100.000	60	0	1	60	43259	43200	3.56e-25	60	TelYs	43152	revT
ERR20616124408	Chr3	100.000	60	0	1	60	44192	44133	3.56e-25	60	TelYs	44085	revT
ERR20616124408	Chr3	100.000	60	0	1	60	45124	45065	3.56e-25	60	TelYs	45017	revT
ERR20616124408	Chr3	100.000	60	0	1	60	46057	45998	3.56e-25	60	TelYs	45950	revT
ERR20616124408	Chr3	100.000	60	0	1	60	46989	46930	3.56e-25	60	TelYs	46882	revT
ERR20616124408	Chr3	100.000	60	0	1	60	47922	47863	3.56e-25	60	TelYs	47815	revT
ERR20616124408	Chr3	100.000	60	0	1	60	48855	48796	3.56e-25	60	TelYs	48748	revT
ERR20616124408	Chr3	100.000	60	0	1	60	49788	49729	3.56e-25	60	TelYs	49681	revT
ERR20616124408	Chr3	100.000	60	0	1	60	50721	50662	3.56e-25	60	TelYs	50614	revT
ERR20616124408	Chr3	100.000	60	0	1	60	51653	51594	3.56e-25	60	TelYs	51546	revT
ERR20616124408	Chr3	100.000	60	0	1	60	52587	52528	3.56e-25	60	TelYs	52480	revT
ERR20616124408	Chr3	100.000	60	0	1	60	53519	53460	3.56e-25	60	TelYs	53412	revT
ERR20616124408	Chr3	100.000	60	0	1	60	54452	54393	3.56e-25	60	TelYs	54345	revT
ERR20616124408	Chr3	98.333	60	0	1	60	33001	32943	5.96e-23	60	TelYs	32895	revT
ERR20616124408	Chr3	96.667	60	2	1	60	14947	14888	7.71e-22	60	TelYs	14840	revT
ERR20616124408	Chr3	96.667	60	2	1	60	15883	15824	7.71e-22	60	TelYs	15776	revT
ERR20616124408	Chr3	96.667	60	2	1	60	16818	16759	7.71e-22	60	TelYs	16711	revT
ERR20616124408	Chr3	96.667	60	2	1	60	17754	17695	7.71e-22	60	TelYs	17647	revT
ERR20616124408	Chr3	96.667	60	2	1	60	18690	18631	7.71e-22	60	TelYs	18583	revT
ERR20616124408	Chr3	96.667	60	2	1	60	19627	19568	7.71e-22	60	TelYs	19520	revT
ERR20616124408	Chr3	96.667	60	2	1	60	20562	20503	7.71e-22	60	TelYs	20455	revT
ERR20616124408	Chr3	96.667	60	2	1	60	21495	21436	7.71e-22	60	TelYs	21388	revT
ERR20616124408	Chr3	96.667	60	2	1	60	22430	22371	7.71e-22	60	TelYs	22323	revT
ERR20616124408	Chr3	96.667	60	2	1	60	23365	23306	7.71e-22	60	TelYs	23258	revT
ERR20616124408	Chr3	96.667	60	2	1	60	24299	24240	7.71e-22	60	TelYs	24192	revT
ERR20616124408	Chr3	96.667	60	2	1	60	25233	25174	7.71e-22	60	TelYs	25126	revT
ERR20616124408	Chr3	96.667	60	2	1	60	26167	26108	7.71e-22	60	TelYs	26060	revT
ERR20616124408	Chr3	96.667	60	2	1	60	27101	27042	7.71e-22	60	TelYs	26994	revT
ERR20616124408	Chr3	96.667	60	2	1	60	28035	27976	7.71e-22	60	TelYs	27928	revT
ERR20616124408	Chr3	96.667	60	2	1	60	28972	28913	7.71e-22	60	TelYs	28865	revT
ERR20616124408	Chr3	96.667	60	2	1	60	29906	29847	7.71e-22	60	TelYs	29799	revT
ERR20616124408	Chr3	96.667	60	2	1	60	30840	30781	7.71e-22	60	TelYs	30733	revT
ERR20616124408	Chr3	96.667	60	2	1	60	31775	31716	7.71e-22	60	TelYs	31668	revT
ERR20616124408	Chr3	96.667	60	2	1	60	34556	34497	7.71e-22	60	TelYs	34449	revT
ERR20616124408	Chr3	96.667	60	2	1	60	35487	35428	7.71e-22	60	TelYs	35380	revT
ERR20616124408	Chr3	96.667	60	2	1	60	36419	36360	7.71e-22	60	TelYs	36312	revT
ERR20616124408	Chr3	96.667	60	2	1	60	37352	37293	7.71e-22	60	TelYs	37245	revT
ERR20616124408	Chr3	96.667	60	2	1	60	38286	38227	7.71e-22	60	TelYs	38179	revT
ERR20616124408	Chr3	96.667	60	2	1	60	39219	39160	7.71e-22	60	TelYs	39112	revT
ERR20616124408	Chr3	96.667	60	2	1	60	40151	40092	7.71e-22	60	TelYs	40044	revT
ERR20616124408	Chr3	96.667	60	2	1	60	41085	41026	7.71e-22	60	TelYs	40978	revT
ERR20616124408	Chr3	96.667	60	2	1	60	42019	41960	7.71e-22	60	TelYs	41912	revT
ERR20616124408	Chr3	96.667	60	2	1	60	42951	42892	7.71e-22	60	TelYs	42844	revT
ERR20616124408	Chr3	96.667	60	2	1	60	43884	43825	7.71e-22	60	TelYs	43777	revT
ERR20616124408	Chr3	96.667	60	2	1	60	44817	44758	7.71e-22	60	TelYs	44710	revT
ERR20616124408	Chr3	96.667	60	2	1	60	45749	45690	7.71e-22	60	TelYs	45642	revT
ERR20616124408	Chr3	96.667	60	2	1	60	46681	46622	7.71e-22	60	TelYs	46574	revT
ERR20616124408	Chr3	96.667	60	2	1	60	47614	47555	7.71e-22	60	TelYs	47507	revT
ERR20616124408	Chr3	96.667	60	2	1	60	48547	48488	7.71e-22	60	TelYs	48440	revT
ERR20616124408	Chr3	96.667	60	2	1	60	49480	49421	7.71e-22	60	TelYs	49373	revT
ERR20616124408	Chr3	96.667	60	2	1	60	50413	50354	7.71e-22	60	TelYs	50306	revT
ERR20616124408	Chr3	96.667	60	2	1	60	51345	51286	7.71e-22	60	TelYs	51238	revT
ERR20616124408	Chr3	96.667	60	2	1	60	52279	52220	7.71e-22	60	TelYs	52172	revT
ERR20616124408	Chr3	96.667	60	2	1	60	53211	53152	7.71e-22	60	TelYs	53104	revT
ERR20616124408	Chr3	96.667	60	2	1	60	54144	54085	7.71e-22	60	TelYs	54037	revT
ERR20616124408	Chr3	95.000	60	2	1	60	33626	33568	1.29e-19	60	TelYs	33520	revT
ERR20616124408	Chr3	97.436	39	1	22	60	32681	32643	7.82e-12	60	TelYs	32595	revT
ERR20616122280	Chr8	97.619	42	1	1	42	1847135	1847094	9.05e-14	42	TelYs	1847046	revT
ERR20616122280	Chr8	97.619	42	1	1	42	1903098	1903057	9.05e-14	42	TelYs	1903009	revT
ERR20616122280	Chr8	95.238	42	2	1	42	1852267	1852226	4.21e-12	42	TelYs	1852178	revT
ERR20616122280	Chr8	95.238	42	2	1	42	1892978	1892937	4.21e-12	42	TelYs	1892889	revT
ERR20616122280	Chr8	95.238	42	2	1	42	1898076	1898035	4.21e-12	42	TelYs	1897987	revT
ERR20616122280	Chr5	97.619	42	1	1	42	4449893	4449852	9.05e-14	42	TelYs	4449804	revT
ERR20616122280	Chr5	95.238	42	2	1	42	4439815	4439774	4.21e-12	42	TelYs	4439726	revT
ERR20616122280	Chr5	95.238	42	2	1	42	4454937	4454896	4.21e-12	42	TelYs	4454848	revT
ERR20616122280	Chr4	97.619	42	1	1	42	163	204	9.05e-14	42	TelYs	156	revF
ERR20616122280	Chr4	100.000	38	0	5	42	5191	5228	3.26e-13	42	TelYs	5180	revF
ERR20616122280	Chr4	95.238	42	2	1	42	5398751	5398710	4.21e-12	42	TelYs	5398662	revT
ERR20616122280	Chr4	100.000	33	0	10	42	5403795	5403763	1.96e-10	42	TelYs	5403715	revT
ERR20616122280	Chr4	100.000	31	0	12	42	10228	10258	2.53e-09	42	TelYs	10210	revF
ERR20616122280	Chr3	97.619	42	1	1	42	8227561	8227520	9.05e-14	42	TelYs	8227472	revT
ERR20616122280	Chr3	97.619	42	1	1	42	8232571	8232530	9.05e-14	42	TelYs	8232482	revT
ERR20616122280	Chr2	97.619	42	1	1	42	7915298	7915257	9.05e-14	42	TelYs	7915209	revT
ERR20616122280	Chr2	97.368	38	1	5	42	10390	10427	1.51e-11	42	TelYs	10379	revF
ERR20616122280	Chr1	97.619	42	1	1	42	6668054	6668013	9.05e-14	42	TelYs	6667965	revT
ERR20616122280	Chr6	100.000	37	0	6	42	6128169	6128133	1.17e-12	42	TelYs	6128085	revT
ERR20616122280	Chr6	95.238	42	2	1	42	15433	15474	4.21e-12	42	TelYs	15426	revF
ERR20616122280	Chr6	95.238	42	2	1	42	6112923	6112882	4.21e-12	42	TelYs	6112834	revT
ERR20616122280	Chr6	95.238	42	2	1	42	6117966	6117925	4.21e-12	42	TelYs	6117877	revT
ERR20616122280	Chr6	97.368	38	1	5	42	5368	5405	1.51e-11	42	TelYs	5357	revF
ERR20616122280	Chr6	97.368	38	1	5	42	10399	10436	1.51e-11	42	TelYs	10388	revF
ERR20616122280	Chr6	97.368	38	1	5	42	20461	20498	1.51e-11	42	TelYs	20450	revF
ERR20616122280	Chr7	95.238	42	2	1	42	4064112	4064071	4.21e-12	42	TelYs	4064023	revT
ERR20616122280	Chr7	97.368	38	1	5	42	4079215	4079178	1.51e-11	42	TelYs	4079130	revT
ERR20616126888	Chr7	100.000	57	0	4	60	838734	838790	1.66e-23	60	TelYs	838742	revF
ERR20616127592	Chr8	97.872	47	1	1	47	1847089	1847135	1.86e-16	47	TelYs	1847087	revF
ERR20616127592	Chr8	95.745	47	2	1	47	1852221	1852267	8.66e-15	47	TelYs	1852219	revF
ERR20616127592	Chr8	95.745	47	2	1	47	1892932	1892978	8.66e-15	47	TelYs	1892930	revF
ERR20616127592	Chr8	95.745	47	2	1	47	1898030	1898076	8.66e-15	47	TelYs	1898028	revF
ERR20616127592	Chr8	95.745	47	1	1	47	1903053	1903098	3.12e-14	47	TelYs	1903050	revF
ERR20616127592	Chr8	93.617	47	3	1	47	7050	7004	4.03e-13	47	TelYs	6956	revT
ERR20616127592	Chr8	93.617	47	3	1	47	1867448	1867494	4.03e-13	47	TelYs	1867446	revF
ERR20616127592	Chr8	95.238	42	2	1	42	12087	12046	5.21e-12	47	TelYs	11998	revT
ERR20616127592	Chr8	100.000	32	0	1	32	1885	1854	8.72e-10	47	TelYs	1806	revT
ERR20616127592	Chr8	94.872	39	1	1	38	1887960	1887998	8.72e-10	47	TelYs	1887950	revF
ERR20616127592	Chr3	97.872	47	1	1	47	8227515	8227561	1.86e-16	47	TelYs	8227513	revF
ERR20616127592	Chr3	97.872	47	1	1	47	8232525	8232571	1.86e-16	47	TelYs	8232523	revF
ERR20616127592	Chr3	93.617	47	3	1	47	8237561	8237607	4.03e-13	47	TelYs	8237559	revF
ERR20616127592	Chr2	97.872	47	1	1	47	7915252	7915298	1.86e-16	47	TelYs	7915250	revF
ERR20616127592	Chr2	93.617	47	3	1	47	5405	5359	4.03e-13	47	TelYs	5311	revT
ERR20616127592	Chr2	95.349	43	1	1	43	10431	10390	5.21e-12	47	TelYs	10342	revT
ERR20616127592	Chr2	91.489	47	3	1	47	367	322	6.74e-11	47	TelYs	274	revT
ERR20616127592	Chr1	97.872	47	1	1	47	6668008	6668054	1.86e-16	47	TelYs	6668006	revF
ERR20616127592	Chr4	100.000	43	0	1	43	5233	5191	6.70e-16	47	TelYs	5143	revT
ERR20616127592	Chr4	95.745	47	2	1	47	5398705	5398751	8.66e-15	47	TelYs	5398703	revF
ERR20616127592	Chr4	97.619	42	1	6	47	204	163	1.12e-13	47	TelYs	115	revT
ERR20616127592	Chr4	100.000	38	0	1	38	5403758	5403795	4.03e-13	47	TelYs	5403747	revF
ERR20616127592	Chr4	93.617	47	3	1	47	5413009	5413055	4.03e-13	47	TelYs	5413007	revF
ERR20616127592	Chr4	100.000	36	0	1	36	10263	10228	5.21e-12	47	TelYs	10180	revT
ERR20616127592	Chr6	100.000	42	0	1	42	6128128	6128169	2.41e-15	47	TelYs	6128121	revF
ERR20616127592	Chr6	95.745	47	2	1	47	15479	15433	8.66e-15	47	TelYs	15385	revT
ERR20616127592	Chr6	97.674	43	1	1	43	5410	5368	3.12e-14	47	TelYs	5320	revT
ERR20616127592	Chr6	97.674	43	1	1	43	10441	10399	3.12e-14	47	TelYs	10351	revT
ERR20616127592	Chr6	93.617	47	3	1	47	373	327	4.03e-13	47	TelYs	279	revT
ERR20616127592	Chr6	93.750	48	2	1	47	6112876	6112923	4.03e-13	47	TelYs	6112875	revF
ERR20616127592	Chr6	93.617	47	3	1	47	6122965	6123011	4.03e-13	47	TelYs	6122963	revF
ERR20616127592	Chr6	95.238	42	2	6	47	6117925	6117966	5.21e-12	47	TelYs	6117918	revF
ERR20616127592	Chr6	97.368	38	1	6	43	20498	20461	1.88e-11	47	TelYs	20413	revT
ERR20616127592	Chr7	95.745	47	2	1	47	4064066	4064112	8.66e-15	47	TelYs	4064064	revF
ERR20616127592	Chr7	97.674	43	1	1	43	4079173	4079215	3.12e-14	47	TelYs	4079167	revF
ERR20616127592	Chr7	93.617	47	3	1	47	181	135	4.03e-13	47	TelYs	87	revT
ERR20616127592	Chr7	93.617	47	3	1	47	4053881	4053927	4.03e-13	47	TelYs	4053879	revF
ERR20616127592	Chr7	97.368	38	1	1	38	5205	5168	1.88e-11	47	TelYs	5120	revT
ERR20616127592	Chr7	97.368	38	1	1	38	4041383	4041420	1.88e-11	47	TelYs	4041372	revF
ERR20616127592	Chr7	97.368	38	1	1	38	4074181	4074218	1.88e-11	47	TelYs	4074170	revF
ERR20616127592	Chr5	95.745	47	2	1	47	4439769	4439815	8.66e-15	47	TelYs	4439767	revF
ERR20616127592	Chr5	97.619	42	1	6	47	4449852	4449893	1.12e-13	47	TelYs	4449845	revF
ERR20616127592	Chr5	93.617	47	3	1	47	209	163	4.03e-13	47	TelYs	115	revT
ERR20616127592	Chr5	95.238	42	2	6	47	4454896	4454937	5.21e-12	47	TelYs	4454889	revF
ERR20616125696	Chr8	97.917	48	1	1	48	1847088	1847135	5.38e-17	48	TelYs	1847087	revF
ERR20616125696	Chr8	95.833	48	2	1	48	1852220	1852267	2.50e-15	48	TelYs	1852219	revF
ERR20616125696	Chr8	95.833	48	2	1	48	1892931	1892978	2.50e-15	48	TelYs	1892930	revF
ERR20616125696	Chr8	95.833	48	2	1	48	1898029	1898076	2.50e-15	48	TelYs	1898028	revF
ERR20616125696	Chr8	95.833	48	1	1	48	1903052	1903098	9.00e-15	48	TelYs	1903050	revF
ERR20616125696	Chr8	93.750	48	3	1	48	7051	7004	1.16e-13	48	TelYs	6956	revT
ERR20616125696	Chr8	93.750	48	3	1	48	1867447	1867494	1.16e-13	48	TelYs	1867446	revF
ERR20616125696	Chr8	95.349	43	2	1	43	12088	12046	1.51e-12	48	TelYs	11998	revT
ERR20616125696	Chr8	100.000	33	0	1	33	1886	1854	2.52e-10	48	TelYs	1806	revT
ERR20616125696	Chr8	95.000	40	1	1	39	1887959	1887998	2.52e-10	48	TelYs	1887950	revF
ERR20616125696	Chr3	97.917	48	1	1	48	8227514	8227561	5.38e-17	48	TelYs	8227513	revF
ERR20616125696	Chr3	97.917	48	1	1	48	8232524	8232571	5.38e-17	48	TelYs	8232523	revF
ERR20616125696	Chr3	93.750	48	3	1	48	8237560	8237607	1.16e-13	48	TelYs	8237559	revF
ERR20616125696	Chr2	97.917	48	1	1	48	7915251	7915298	5.38e-17	48	TelYs	7915250	revF
ERR20616125696	Chr2	93.750	48	3	1	48	5406	5359	1.16e-13	48	TelYs	5311	revT
ERR20616125696	Chr2	95.455	44	1	1	44	10432	10390	1.51e-12	48	TelYs	10342	revT
ERR20616125696	Chr2	91.667	48	3	1	48	368	322	1.95e-11	48	TelYs	274	revT
ERR20616125696	Chr1	97.917	48	1	1	48	6668007	6668054	5.38e-17	48	TelYs	6668006	revF
ERR20616125696	Chr4	100.000	44	0	1	44	5234	5191	1.93e-16	48	TelYs	5143	revT
ERR20616125696	Chr4	95.833	48	2	1	48	5398704	5398751	2.50e-15	48	TelYs	5398703	revF
ERR20616125696	Chr4	97.619	42	1	7	48	204	163	1.16e-13	48	TelYs	115	revT
ERR20616125696	Chr4	100.000	39	0	1	39	5403757	5403795	1.16e-13	48	TelYs	5403747	revF
ERR20616125696	Chr4	93.750	48	3	1	48	5413008	5413055	1.16e-13	48	TelYs	5413007	revF
ERR20616125696	Chr4	100.000	37	0	1	37	10264	10228	1.51e-12	48	TelYs	10180	revT
ERR20616125696	Chr6	100.000	43	0	1	43	6128127	6128169	6.95e-16	48	TelYs	6128121	revF
ERR20616125696	Chr6	95.833	48	2	1	48	15480	15433	2.50e-15	48	TelYs	15385	revT
ERR20616125696	Chr6	97.727	44	1	1	44	5411	5368	9.00e-15	48	TelYs	5320	revT
ERR20616125696	Chr6	97.727	44	1	1	44	10442	10399	9.00e-15	48	TelYs	10351	revT
ERR20616125696	Chr6	93.750	48	3	1	48	374	327	1.16e-13	48	TelYs	279	revT
ERR20616125696	Chr6	93.878	49	2	1	48	6112875	6112923	1.16e-13	48	TelYs	6112875	revF
ERR20616125696	Chr6	93.750	48	3	1	48	6122964	6123011	1.16e-13	48	TelYs	6122963	revF
ERR20616125696	Chr6	95.238	42	2	7	48	6117925	6117966	5.41e-12	48	TelYs	6117918	revF
ERR20616125696	Chr6	97.368	38	1	7	44	20498	20461	1.95e-11	48	TelYs	20413	revT
ERR20616125696	Chr7	95.833	48	2	1	48	4064065	4064112	2.50e-15	48	TelYs	4064064	revF
ERR20616125696	Chr7	97.727	44	1	1	44	4079172	4079215	9.00e-15	48	TelYs	4079167	revF
ERR20616125696	Chr7	93.750	48	3	1	48	182	135	1.16e-13	48	TelYs	87	revT
ERR20616125696	Chr7	93.750	48	3	1	48	4053880	4053927	1.16e-13	48	TelYs	4053879	revF
ERR20616125696	Chr7	97.436	39	1	1	39	5206	5168	5.41e-12	48	TelYs	5120	revT
ERR20616125696	Chr7	97.436	39	1	1	39	4041382	4041420	5.41e-12	48	TelYs	4041372	revF
ERR20616125696	Chr7	97.436	39	1	1	39	4074180	4074218	5.41e-12	48	TelYs	4074170	revF
ERR20616125696	Chr5	95.833	48	2	1	48	4439768	4439815	2.50e-15	48	TelYs	4439767	revF
ERR20616125696	Chr5	93.750	48	3	1	48	210	163	1.16e-13	48	TelYs	115	revT
ERR20616125696	Chr5	97.619	42	1	7	48	4449852	4449893	1.16e-13	48	TelYs	4449845	revF
ERR20616125696	Chr5	95.238	42	2	7	48	4454896	4454937	5.41e-12	48	TelYs	4454889	revF
ERR20616126936	Chr7	100.000	60	0	1	60	3144063	3144004	3.56e-25	60	TelYs	3143956	revT
ERR20616123208	Chr8	97.778	45	1	1	45	1847091	1847135	2.22e-15	45	TelYs	1847087	revF
ERR20616123208	Chr8	97.674	43	1	3	45	1903056	1903098	2.88e-14	45	TelYs	1903050	revF
ERR20616123208	Chr8	95.556	45	2	1	45	1852223	1852267	1.03e-13	45	TelYs	1852219	revF
ERR20616123208	Chr8	95.556	45	2	1	45	1892934	1892978	1.03e-13	45	TelYs	1892930	revF
ERR20616123208	Chr8	95.556	45	2	1	45	1898032	1898076	1.03e-13	45	TelYs	1898028	revF
ERR20616123208	Chr8	93.333	45	3	1	45	7048	7004	4.81e-12	45	TelYs	6956	revT
ERR20616123208	Chr8	93.333	45	3	1	45	1867450	1867494	4.81e-12	45	TelYs	1867446	revF
ERR20616123208	Chr8	95.000	40	2	1	40	12085	12046	6.23e-11	45	TelYs	11998	revT
ERR20616123208	Chr8	97.143	35	1	2	36	1887964	1887998	8.05e-10	45	TelYs	1887950	revF
ERR20616123208	Chr8	100.000	30	0	1	30	1883	1854	1.04e-08	45	TelYs	1806	revT
ERR20616123208	Chr3	97.778	45	1	1	45	8227517	8227561	2.22e-15	45	TelYs	8227513	revF
ERR20616123208	Chr3	97.778	45	1	1	45	8232527	8232571	2.22e-15	45	TelYs	8232523	revF
ERR20616123208	Chr3	93.333	45	3	1	45	8237563	8237607	4.81e-12	45	TelYs	8237559	revF
ERR20616123208	Chr2	97.778	45	1	1	45	7915254	7915298	2.22e-15	45	TelYs	7915250	revF
ERR20616123208	Chr2	93.333	45	3	1	45	5403	5359	4.81e-12	45	TelYs	5311	revT
ERR20616123208	Chr2	97.436	39	1	3	41	10428	10390	4.81e-12	45	TelYs	10342	revT
ERR20616123208	Chr2	91.111	45	3	1	45	365	322	8.05e-10	45	TelYs	274	revT
ERR20616123208	Chr1	97.778	45	1	1	45	6668010	6668054	2.22e-15	45	TelYs	6668006	revF
ERR20616123208	Chr4	100.000	41	0	1	41	5231	5191	8.00e-15	45	TelYs	5143	revT
ERR20616123208	Chr4	97.619	42	1	4	45	204	163	1.03e-13	45	TelYs	115	revT
ERR20616123208	Chr4	95.556	45	2	1	45	5398707	5398751	1.03e-13	45	TelYs	5398703	revF
ERR20616123208	Chr4	100.000	36	0	1	36	5403760	5403795	4.81e-12	45	TelYs	5403747	revF
ERR20616123208	Chr4	93.333	45	3	1	45	5413011	5413055	4.81e-12	45	TelYs	5413007	revF
ERR20616123208	Chr4	100.000	34	0	1	34	10261	10228	6.23e-11	45	TelYs	10180	revT
ERR20616123208	Chr6	100.000	40	0	1	40	6128130	6128169	2.88e-14	45	TelYs	6128121	revF
ERR20616123208	Chr6	95.556	45	2	1	45	15477	15433	1.03e-13	45	TelYs	15385	revT
ERR20616123208	Chr6	97.561	41	1	1	41	5408	5368	3.72e-13	45	TelYs	5320	revT
ERR20616123208	Chr6	97.561	41	1	1	41	10439	10399	3.72e-13	45	TelYs	10351	revT
ERR20616123208	Chr6	95.455	44	2	2	45	6112880	6112923	3.72e-13	45	TelYs	6112875	revF
ERR20616123208	Chr6	93.333	45	3	1	45	371	327	4.81e-12	45	TelYs	279	revT
ERR20616123208	Chr6	95.238	42	2	4	45	6117925	6117966	4.81e-12	45	TelYs	6117918	revF
ERR20616123208	Chr6	93.333	45	3	1	45	6122967	6123011	4.81e-12	45	TelYs	6122963	revF
ERR20616123208	Chr6	97.368	38	1	4	41	20498	20461	1.73e-11	45	TelYs	20413	revT
ERR20616123208	Chr7	95.556	45	2	1	45	4064068	4064112	1.03e-13	45	TelYs	4064064	revF
ERR20616123208	Chr7	97.561	41	1	1	41	4079175	4079215	3.72e-13	45	TelYs	4079167	revF
ERR20616123208	Chr7	93.333	45	3	1	45	179	135	4.81e-12	45	TelYs	87	revT
ERR20616123208	Chr7	93.333	45	3	1	45	4053883	4053927	4.81e-12	45	TelYs	4053879	revF
ERR20616123208	Chr7	97.222	36	1	1	36	5203	5168	2.24e-10	45	TelYs	5120	revT
ERR20616123208	Chr7	97.222	36	1	1	36	4041385	4041420	2.24e-10	45	TelYs	4041372	revF
ERR20616123208	Chr7	97.222	36	1	1	36	4074183	4074218	2.24e-10	45	TelYs	4074170	revF
ERR20616123208	Chr5	95.556	45	2	1	45	4439771	4439815	1.03e-13	45	TelYs	4439767	revF
ERR20616123208	Chr5	97.619	42	1	4	45	4449852	4449893	1.03e-13	45	TelYs	4449845	revF
ERR20616123208	Chr5	93.333	45	3	1	45	207	163	4.81e-12	45	TelYs	115	revT
ERR20616123208	Chr5	95.238	42	2	4	45	4454896	4454937	4.81e-12	45	TelYs	4454889	revF
ERR20616126728	Chr5	97.222	36	0	13	47	2313120	2313155	8.72e-10	47	TelYs	2313107	revF
ERR20616124432	Chr5	100.000	48	0	13	60	927871	927824	1.67e-18	60	TelYs	927776	revT
ERR20616126840	Chr8	98.333	60	1	1	60	3111	3052	1.66e-23	60	TelYs	3004	revT
ERR20616126840	Chr8	98.333	60	1	1	60	8281	8222	1.66e-23	60	TelYs	8174	revT
ERR20616126840	Chr8	98.333	60	1	1	60	13311	13252	1.66e-23	60	TelYs	13204	revT
ERR20616126840	Chr8	98.333	60	1	1	60	1845858	1845917	1.66e-23	60	TelYs	1845869	revF
ERR20616126840	Chr8	98.333	60	1	1	60	1850995	1851054	1.66e-23	60	TelYs	1851006	revF
ERR20616126840	Chr8	98.333	60	1	1	60	1856061	1856120	1.66e-23	60	TelYs	1856072	revF
ERR20616126840	Chr8	98.333	60	1	1	60	1901836	1901895	1.66e-23	60	TelYs	1901847	revF
ERR20616126840	Chr8	96.667	60	1	1	60	1861081	1861139	2.77e-21	60	TelYs	1861091	revF
ERR20616126840	Chr8	96.667	60	1	1	60	1866224	1866282	2.77e-21	60	TelYs	1866234	revF
ERR20616126840	Chr8	96.667	60	1	1	60	1871365	1871423	2.77e-21	60	TelYs	1871375	revF
ERR20616126840	Chr8	96.667	60	1	1	60	1876488	1876546	2.77e-21	60	TelYs	1876498	revF
ERR20616126840	Chr8	96.667	60	1	1	60	1881613	1881671	2.77e-21	60	TelYs	1881623	revF
ERR20616126840	Chr8	96.667	60	1	1	60	1886743	1886801	2.77e-21	60	TelYs	1886753	revF
ERR20616126840	Chr8	96.667	60	1	1	60	1891734	1891792	2.77e-21	60	TelYs	1891744	revF
ERR20616126840	Chr8	96.667	60	1	1	60	1896824	1896882	2.77e-21	60	TelYs	1896834	revF
ERR20616126840	Chr7	98.333	60	1	1	60	1403	1344	1.66e-23	60	TelYs	1296	revT
ERR20616126840	Chr7	98.333	60	1	1	60	6433	6374	1.66e-23	60	TelYs	6326	revT
ERR20616126840	Chr7	98.333	60	1	1	60	4040160	4040219	1.66e-23	60	TelYs	4040171	revF
ERR20616126840	Chr7	98.333	60	1	1	60	4047621	4047680	1.66e-23	60	TelYs	4047632	revF
ERR20616126840	Chr7	98.333	60	1	1	60	4052650	4052709	1.66e-23	60	TelYs	4052661	revF
ERR20616126840	Chr7	98.333	60	1	1	60	4057808	4057867	1.66e-23	60	TelYs	4057819	revF
ERR20616126840	Chr7	98.333	60	1	1	60	4062839	4062898	1.66e-23	60	TelYs	4062850	revF
ERR20616126840	Chr7	98.333	60	1	1	60	4067864	4067923	1.66e-23	60	TelYs	4067875	revF
ERR20616126840	Chr7	98.333	60	1	1	60	4072969	4073028	1.66e-23	60	TelYs	4072980	revF
ERR20616126840	Chr7	98.333	60	1	1	60	4077964	4078023	1.66e-23	60	TelYs	4077975	revF
ERR20616126840	Chr6	98.333	60	1	1	60	1600	1541	1.66e-23	60	TelYs	1493	revT
ERR20616126840	Chr6	98.333	60	1	1	60	6647	6588	1.66e-23	60	TelYs	6540	revT
ERR20616126840	Chr6	98.333	60	1	1	60	11667	11608	1.66e-23	60	TelYs	11560	revT
ERR20616126840	Chr6	98.333	60	1	1	60	16704	16645	1.66e-23	60	TelYs	16597	revT
ERR20616126840	Chr6	98.333	60	1	1	60	21726	21667	1.66e-23	60	TelYs	21619	revT
ERR20616126840	Chr6	98.333	60	1	1	60	6106535	6106594	1.66e-23	60	TelYs	6106546	revF
ERR20616126840	Chr6	98.333	60	1	1	60	6111650	6111709	1.66e-23	60	TelYs	6111661	revF
ERR20616126840	Chr6	98.333	60	1	1	60	6116695	6116754	1.66e-23	60	TelYs	6116706	revF
ERR20616126840	Chr6	98.333	60	1	1	60	6121735	6121794	1.66e-23	60	TelYs	6121746	revF
ERR20616126840	Chr6	98.333	60	1	1	60	6126896	6126955	1.66e-23	60	TelYs	6126907	revF
ERR20616126840	Chr6	98.333	60	1	1	60	6131937	6131996	1.66e-23	60	TelYs	6131948	revF
ERR20616126840	Chr5	98.333	60	1	1	60	1353	1294	1.66e-23	60	TelYs	1246	revT
ERR20616126840	Chr5	98.333	60	1	1	60	4438543	4438602	1.66e-23	60	TelYs	4438554	revF
ERR20616126840	Chr5	98.333	60	1	1	60	4443571	4443630	1.66e-23	60	TelYs	4443582	revF
ERR20616126840	Chr5	98.333	60	1	1	60	4448612	4448671	1.66e-23	60	TelYs	4448623	revF
ERR20616126840	Chr5	98.333	60	1	1	60	4453666	4453725	1.66e-23	60	TelYs	4453677	revF
ERR20616126840	Chr5	98.333	60	1	1	60	4458709	4458768	1.66e-23	60	TelYs	4458720	revF
ERR20616126840	Chr4	98.333	60	1	1	60	1434	1375	1.66e-23	60	TelYs	1327	revT
ERR20616126840	Chr4	98.333	60	1	1	60	6460	6401	1.66e-23	60	TelYs	6353	revT
ERR20616126840	Chr4	98.333	60	1	1	60	11498	11439	1.66e-23	60	TelYs	11391	revT
ERR20616126840	Chr4	98.333	60	1	1	60	5397480	5397539	1.66e-23	60	TelYs	5397491	revF
ERR20616126840	Chr4	98.333	60	1	1	60	5402525	5402584	1.66e-23	60	TelYs	5402536	revF
ERR20616126840	Chr4	98.333	60	1	1	60	5407563	5407622	1.66e-23	60	TelYs	5407574	revF
ERR20616126840	Chr4	98.333	60	1	1	60	5411778	5411837	1.66e-23	60	TelYs	5411789	revF
ERR20616126840	Chr3	98.333	60	1	1	60	971	912	1.66e-23	60	TelYs	864	revT
ERR20616126840	Chr3	98.333	60	1	1	60	5962	5903	1.66e-23	60	TelYs	5855	revT
ERR20616126840	Chr3	98.333	60	1	1	60	10951	10892	1.66e-23	60	TelYs	10844	revT
ERR20616126840	Chr3	98.333	60	1	1	60	8226281	8226340	1.66e-23	60	TelYs	8226292	revF
ERR20616126840	Chr3	98.333	60	1	1	60	8231295	8231354	1.66e-23	60	TelYs	8231306	revF
ERR20616126840	Chr3	98.333	60	1	1	60	8236329	8236388	1.66e-23	60	TelYs	8236340	revF
ERR20616126840	Chr2	98.333	60	1	1	60	1558	1499	1.66e-23	60	TelYs	1451	revT
ERR20616126840	Chr2	98.333	60	1	1	60	6633	6574	1.66e-23	60	TelYs	6526	revT
ERR20616126840	Chr2	98.333	60	1	1	60	11659	11600	1.66e-23	60	TelYs	11552	revT
ERR20616126840	Chr2	98.333	60	1	1	60	7914022	7914081	1.66e-23	60	TelYs	7914033	revF
ERR20616126840	Chr1	98.333	60	1	1	60	6666781	6666840	1.66e-23	60	TelYs	6666792	revF
ERR20616122440	Chr8	100.000	60	0	1	60	3118	3059	3.56e-25	60	TelYs	3011	revT
ERR20616122440	Chr8	100.000	60	0	1	60	8288	8229	3.56e-25	60	TelYs	8181	revT
ERR20616122440	Chr8	100.000	60	0	1	60	13318	13259	3.56e-25	60	TelYs	13211	revT
ERR20616122440	Chr8	100.000	60	0	1	60	1845851	1845910	3.56e-25	60	TelYs	1845862	revF
ERR20616122440	Chr8	100.000	60	0	1	60	1850988	1851047	3.56e-25	60	TelYs	1850999	revF
ERR20616122440	Chr8	100.000	60	0	1	60	1856054	1856113	3.56e-25	60	TelYs	1856065	revF
ERR20616122440	Chr8	100.000	60	0	1	60	1901829	1901888	3.56e-25	60	TelYs	1901840	revF
ERR20616122440	Chr8	98.333	60	0	1	60	1861074	1861132	5.96e-23	60	TelYs	1861084	revF
ERR20616122440	Chr8	98.333	60	0	1	60	1866217	1866275	5.96e-23	60	TelYs	1866227	revF
ERR20616122440	Chr8	98.333	60	0	1	60	1881606	1881664	5.96e-23	60	TelYs	1881616	revF
ERR20616122440	Chr8	98.333	60	0	1	60	1886736	1886794	5.96e-23	60	TelYs	1886746	revF
ERR20616122440	Chr8	98.333	60	0	1	60	1891727	1891785	5.96e-23	60	TelYs	1891737	revF
ERR20616122440	Chr8	98.333	60	0	1	60	1896817	1896875	5.96e-23	60	TelYs	1896827	revF
ERR20616122440	Chr8	98.276	58	0	3	60	1871360	1871416	7.71e-22	60	TelYs	1871368	revF
ERR20616122440	Chr8	98.276	58	0	3	60	1876483	1876539	7.71e-22	60	TelYs	1876491	revF
ERR20616122440	Chr7	100.000	60	0	1	60	1410	1351	3.56e-25	60	TelYs	1303	revT
ERR20616122440	Chr7	100.000	60	0	1	60	6440	6381	3.56e-25	60	TelYs	6333	revT
ERR20616122440	Chr7	100.000	60	0	1	60	4040153	4040212	3.56e-25	60	TelYs	4040164	revF
ERR20616122440	Chr7	100.000	60	0	1	60	4047614	4047673	3.56e-25	60	TelYs	4047625	revF
ERR20616122440	Chr7	100.000	60	0	1	60	4052643	4052702	3.56e-25	60	TelYs	4052654	revF
ERR20616122440	Chr7	100.000	60	0	1	60	4057801	4057860	3.56e-25	60	TelYs	4057812	revF
ERR20616122440	Chr7	100.000	60	0	1	60	4062832	4062891	3.56e-25	60	TelYs	4062843	revF
ERR20616122440	Chr7	100.000	60	0	1	60	4067857	4067916	3.56e-25	60	TelYs	4067868	revF
ERR20616122440	Chr7	100.000	60	0	1	60	4072962	4073021	3.56e-25	60	TelYs	4072973	revF
ERR20616122440	Chr7	100.000	60	0	1	60	4077957	4078016	3.56e-25	60	TelYs	4077968	revF
ERR20616122440	Chr6	100.000	60	0	1	60	1607	1548	3.56e-25	60	TelYs	1500	revT
ERR20616122440	Chr6	100.000	60	0	1	60	6654	6595	3.56e-25	60	TelYs	6547	revT
ERR20616122440	Chr6	100.000	60	0	1	60	11674	11615	3.56e-25	60	TelYs	11567	revT
ERR20616122440	Chr6	100.000	60	0	1	60	16711	16652	3.56e-25	60	TelYs	16604	revT
ERR20616122440	Chr6	100.000	60	0	1	60	21733	21674	3.56e-25	60	TelYs	21626	revT
ERR20616122440	Chr6	100.000	60	0	1	60	6106528	6106587	3.56e-25	60	TelYs	6106539	revF
ERR20616122440	Chr6	100.000	60	0	1	60	6111643	6111702	3.56e-25	60	TelYs	6111654	revF
ERR20616122440	Chr6	100.000	60	0	1	60	6116688	6116747	3.56e-25	60	TelYs	6116699	revF
ERR20616122440	Chr6	100.000	60	0	1	60	6121728	6121787	3.56e-25	60	TelYs	6121739	revF
ERR20616122440	Chr6	100.000	60	0	1	60	6126889	6126948	3.56e-25	60	TelYs	6126900	revF
ERR20616122440	Chr6	100.000	60	0	1	60	6131930	6131989	3.56e-25	60	TelYs	6131941	revF
ERR20616122440	Chr5	100.000	60	0	1	60	1360	1301	3.56e-25	60	TelYs	1253	revT
ERR20616122440	Chr5	100.000	60	0	1	60	4438536	4438595	3.56e-25	60	TelYs	4438547	revF
ERR20616122440	Chr5	100.000	60	0	1	60	4443564	4443623	3.56e-25	60	TelYs	4443575	revF
ERR20616122440	Chr5	100.000	60	0	1	60	4448605	4448664	3.56e-25	60	TelYs	4448616	revF
ERR20616122440	Chr5	100.000	60	0	1	60	4453659	4453718	3.56e-25	60	TelYs	4453670	revF
ERR20616122440	Chr5	100.000	60	0	1	60	4458702	4458761	3.56e-25	60	TelYs	4458713	revF
ERR20616122440	Chr4	100.000	60	0	1	60	1441	1382	3.56e-25	60	TelYs	1334	revT
ERR20616122440	Chr4	100.000	60	0	1	60	6467	6408	3.56e-25	60	TelYs	6360	revT
ERR20616122440	Chr4	100.000	60	0	1	60	11505	11446	3.56e-25	60	TelYs	11398	revT
ERR20616122440	Chr4	100.000	60	0	1	60	5397473	5397532	3.56e-25	60	TelYs	5397484	revF
ERR20616122440	Chr4	100.000	60	0	1	60	5402518	5402577	3.56e-25	60	TelYs	5402529	revF
ERR20616122440	Chr4	100.000	60	0	1	60	5407556	5407615	3.56e-25	60	TelYs	5407567	revF
ERR20616122440	Chr4	100.000	60	0	1	60	5411771	5411830	3.56e-25	60	TelYs	5411782	revF
ERR20616122440	Chr3	100.000	60	0	1	60	978	919	3.56e-25	60	TelYs	871	revT
ERR20616122440	Chr3	100.000	60	0	1	60	5969	5910	3.56e-25	60	TelYs	5862	revT
ERR20616122440	Chr3	100.000	60	0	1	60	10958	10899	3.56e-25	60	TelYs	10851	revT
ERR20616122440	Chr3	100.000	60	0	1	60	8226274	8226333	3.56e-25	60	TelYs	8226285	revF
ERR20616122440	Chr3	100.000	60	0	1	60	8231288	8231347	3.56e-25	60	TelYs	8231299	revF
ERR20616122440	Chr3	100.000	60	0	1	60	8236322	8236381	3.56e-25	60	TelYs	8236333	revF
ERR20616122440	Chr2	100.000	60	0	1	60	1565	1506	3.56e-25	60	TelYs	1458	revT
ERR20616122440	Chr2	100.000	60	0	1	60	6640	6581	3.56e-25	60	TelYs	6533	revT
ERR20616122440	Chr2	100.000	60	0	1	60	11666	11607	3.56e-25	60	TelYs	11559	revT
ERR20616122440	Chr2	100.000	60	0	1	60	7914015	7914074	3.56e-25	60	TelYs	7914026	revF
ERR20616122440	Chr1	100.000	60	0	1	60	6666774	6666833	3.56e-25	60	TelYs	6666785	revF
ERR20616125816	Chr8	97.778	45	1	1	45	1847135	1847091	2.22e-15	45	TelYs	1847043	revT
ERR20616125816	Chr8	97.674	43	1	1	43	1903098	1903056	2.88e-14	45	TelYs	1903008	revT
ERR20616125816	Chr8	95.556	45	2	1	45	1852267	1852223	1.03e-13	45	TelYs	1852175	revT
ERR20616125816	Chr8	95.556	45	2	1	45	1892978	1892934	1.03e-13	45	TelYs	1892886	revT
ERR20616125816	Chr8	95.556	45	2	1	45	1898076	1898032	1.03e-13	45	TelYs	1897984	revT
ERR20616125816	Chr8	93.333	45	3	1	45	7004	7048	4.81e-12	45	TelYs	7000	revF
ERR20616125816	Chr8	93.333	45	3	1	45	1867494	1867450	4.81e-12	45	TelYs	1867402	revT
ERR20616125816	Chr8	95.000	40	2	6	45	12046	12085	6.23e-11	45	TelYs	12037	revF
ERR20616125816	Chr8	97.143	35	1	10	44	1887998	1887964	8.05e-10	45	TelYs	1887916	revT
ERR20616125816	Chr8	100.000	30	0	16	45	1854	1883	1.04e-08	45	TelYs	1835	revF
ERR20616125816	Chr3	97.778	45	1	1	45	8227561	8227517	2.22e-15	45	TelYs	8227469	revT
ERR20616125816	Chr3	97.778	45	1	1	45	8232571	8232527	2.22e-15	45	TelYs	8232479	revT
ERR20616125816	Chr3	93.333	45	3	1	45	8237607	8237563	4.81e-12	45	TelYs	8237515	revT
ERR20616125816	Chr2	97.778	45	1	1	45	7915298	7915254	2.22e-15	45	TelYs	7915206	revT
ERR20616125816	Chr2	93.333	45	3	1	45	5359	5403	4.81e-12	45	TelYs	5355	revF
ERR20616125816	Chr2	97.436	39	1	5	43	10390	10428	4.81e-12	45	TelYs	10380	revF
ERR20616125816	Chr2	91.111	45	3	1	45	322	365	8.05e-10	45	TelYs	317	revF
ERR20616125816	Chr1	97.778	45	1	1	45	6668054	6668010	2.22e-15	45	TelYs	6667962	revT
ERR20616125816	Chr4	100.000	41	0	5	45	5191	5231	8.00e-15	45	TelYs	5183	revF
ERR20616125816	Chr4	97.619	42	1	1	42	163	204	1.03e-13	45	TelYs	156	revF
ERR20616125816	Chr4	95.556	45	2	1	45	5398751	5398707	1.03e-13	45	TelYs	5398659	revT
ERR20616125816	Chr4	100.000	36	0	10	45	5403795	5403760	4.81e-12	45	TelYs	5403712	revT
ERR20616125816	Chr4	93.333	45	3	1	45	5413055	5413011	4.81e-12	45	TelYs	5412963	revT
ERR20616125816	Chr4	100.000	34	0	12	45	10228	10261	6.23e-11	45	TelYs	10213	revF
ERR20616125816	Chr6	100.000	40	0	6	45	6128169	6128130	2.88e-14	45	TelYs	6128082	revT
ERR20616125816	Chr6	95.556	45	2	1	45	15433	15477	1.03e-13	45	TelYs	15429	revF
ERR20616125816	Chr6	97.561	41	1	5	45	5368	5408	3.72e-13	45	TelYs	5360	revF
ERR20616125816	Chr6	97.561	41	1	5	45	10399	10439	3.72e-13	45	TelYs	10391	revF
ERR20616125816	Chr6	95.455	44	2	1	44	6112923	6112880	3.72e-13	45	TelYs	6112832	revT
ERR20616125816	Chr6	93.333	45	3	1	45	327	371	4.81e-12	45	TelYs	323	revF
ERR20616125816	Chr6	95.238	42	2	1	42	6117966	6117925	4.81e-12	45	TelYs	6117877	revT
ERR20616125816	Chr6	93.333	45	3	1	45	6123011	6122967	4.81e-12	45	TelYs	6122919	revT
ERR20616125816	Chr6	97.368	38	1	5	42	20461	20498	1.73e-11	45	TelYs	20450	revF
ERR20616125816	Chr7	95.556	45	2	1	45	4064112	4064068	1.03e-13	45	TelYs	4064020	revT
ERR20616125816	Chr7	97.561	41	1	5	45	4079215	4079175	3.72e-13	45	TelYs	4079127	revT
ERR20616125816	Chr7	93.333	45	3	1	45	135	179	4.81e-12	45	TelYs	131	revF
ERR20616125816	Chr7	93.333	45	3	1	45	4053927	4053883	4.81e-12	45	TelYs	4053835	revT
ERR20616125816	Chr7	97.222	36	1	10	45	5168	5203	2.24e-10	45	TelYs	5155	revF
ERR20616125816	Chr7	97.222	36	1	10	45	4041420	4041385	2.24e-10	45	TelYs	4041337	revT
ERR20616125816	Chr7	97.222	36	1	10	45	4074218	4074183	2.24e-10	45	TelYs	4074135	revT
ERR20616125816	Chr5	95.556	45	2	1	45	4439815	4439771	1.03e-13	45	TelYs	4439723	revT
ERR20616125816	Chr5	97.619	42	1	1	42	4449893	4449852	1.03e-13	45	TelYs	4449804	revT
ERR20616125816	Chr5	93.333	45	3	1	45	163	207	4.81e-12	45	TelYs	159	revF
ERR20616125816	Chr5	95.238	42	2	1	42	4454937	4454896	4.81e-12	45	TelYs	4454848	revT
ERR20616123504	Chr2	100.000	43	0	1	43	5273801	5273843	5.67e-16	43	TelYs	5273795	revF
