ERR21887222400	cluster1	100.000	43	0	1	43	1	43	3.85e-21	43
ERR21887222400	cluster0	100.000	43	0	1	43	65	23	3.85e-21	43
ERR21887222400	cluster2	100.000	28	0	16	43	64	37	8.38e-13	43
ERR21887224208	cluster1	100.000	43	0	1	43	1	43	3.85e-21	43
ERR21887224208	cluster0	100.000	43	0	1	43	65	23	3.85e-21	43
ERR21887224208	cluster2	100.000	28	0	16	43	64	37	8.38e-13	43
ERR21887223480	cluster1	100.000	46	0	1	46	46	1	8.96e-23	46
ERR21887223480	cluster0	100.000	46	0	1	46	20	65	8.96e-23	46
ERR21887223480	cluster2	100.000	31	0	1	31	34	64	1.95e-14	46
ERR21887225408	cluster1	100.000	33	0	1	33	33	1	1.93e-15	57
ERR21887225408	cluster0	100.000	33	0	1	33	33	65	1.93e-15	57
ERR21887225464	cluster1	100.000	47	0	1	47	47	1	2.55e-23	47
ERR21887225464	cluster0	100.000	47	0	1	47	19	65	2.55e-23	47
ERR21887225464	cluster2	100.000	32	0	1	32	33	64	5.57e-15	47
ERR21887227896	cluster1	100.000	43	0	1	43	43	1	3.85e-21	43
ERR21887227896	cluster0	100.000	43	0	1	43	23	65	3.85e-21	43
ERR21887227896	cluster2	100.000	28	0	1	28	37	64	8.38e-13	43
ERR21887224008	cluster1	100.000	42	0	1	42	42	1	1.34e-20	42
ERR21887224008	cluster0	100.000	42	0	1	42	24	65	1.34e-20	42
ERR21887224008	cluster2	100.000	27	0	1	27	38	64	2.93e-12	42
ERR21887224032	cluster1	100.000	41	0	1	41	41	1	4.70e-20	41
ERR21887224032	cluster0	100.000	41	0	1	41	25	65	4.70e-20	41
