aERR2061619_V6cut1600	MoTER1	100.000	95	0	0	1	95	877	783	3.98e-48	5034
aERR2061619_V6cut1600	MoTER2	100.000	91	0	0	5	95	873	783	6.66e-46	1723
aERR2061619_V6cut1272	MoTER2	100.000	91	0	0	1	91	873	783	6.34e-46	1723
aERR2061619_V6cut1272	MoTER1	100.000	91	0	0	1	91	873	783	6.34e-46	5034
aERR2061619_V6cut1676	MoTER2	100.000	51	0	0	1	51	833	783	5.53e-24	1723
aERR2061619_V6cut1676	MoTER1	100.000	51	0	0	1	51	833	783	5.53e-24	5034
aERR2061619_V6cut1212	MoTER2	100.000	66	0	0	1	66	783	848	3.42e-32	1723
aERR2061619_V6cut1212	MoTER1	100.000	66	0	0	1	66	783	848	3.42e-32	5034
aERR2061619_V6cut6200	MoTER2	97.727	44	1	0	1	44	98	55	1.65e-18	1723
aERR2061619_V6cut6200	MoTER1	95.455	44	2	0	1	44	98	55	7.68e-17	5034
aERR2061619_V6cut1332	MoTER1	100.000	47	0	0	1	47	1211	1165	8.32e-22	5034
aERR2061619_V6cut7184	MoTER1	100.000	47	0	0	1	47	3627	3581	8.32e-22	5034
aERR2061619_V6cut1204	MoTER2	100.000	36	0	0	1	36	818	783	7.53e-16	1723
aERR2061619_V6cut1204	MoTER1	100.000	36	0	0	1	36	818	783	7.53e-16	5034
aERR2061619_V6cut432	MoTER2	98.039	51	1	0	1	51	55	105	2.57e-22	1723
aERR2061619_V6cut432	MoTER1	96.078	51	2	0	1	51	55	105	1.20e-20	5034
