ERR20616133200	cluster0	100.000	40	0	1	40	1	40	2.97e-19	40
ERR20616135680	cluster0	100.000	46	0	1	46	46	1	1.63e-22	46
ERR20616131800	cluster0	100.000	57	0	1	57	57	1	1.61e-28	57
ERR20616131800	cluster4	96.970	33	1	1	33	58	26	4.58e-14	57
ERR20616131800	cluster3	100.000	28	0	1	28	60	33	2.13e-12	57
ERR20616137808	cluster2	95.122	41	1	1	40	1	41	6.42e-16	40
ERR20616133048	cluster0	100.000	47	0	1	47	47	1	4.65e-23	47
ERR20616135720	cluster2	97.561	41	0	1	40	1	41	1.38e-17	40
ERR20616133904	cluster2	97.561	41	0	1	40	1	41	1.38e-17	40
ERR20616135856	cluster2	97.561	41	0	1	40	1	41	1.38e-17	40
ERR20616135200	cluster2	97.561	41	0	1	40	1	41	1.38e-17	40
ERR20616131344	cluster0	100.000	39	0	1	39	1	39	1.07e-18	40
ERR20616132288	cluster0	100.000	53	0	1	53	1	53	2.48e-26	53
ERR20616138328	cluster0	100.000	53	0	1	53	53	1	2.48e-26	53
ERR2061613672	cluster0	100.000	41	0	1	41	1	41	8.51e-20	41
ERR20616136728	cluster1	100.000	53	0	8	60	76	24	2.86e-26	60
ERR20616136728	cluster4	100.000	45	0	1	45	32	76	8.01e-22	60
ERR20616136728	cluster3	100.000	37	0	1	37	34	70	2.24e-17	60
ERR20616136728	cluster0	100.000	30	0	1	30	31	60	1.75e-13	60
ERR20616132704	cluster0	100.000	37	0	1	37	37	1	1.51e-17	43
ERR20616132344	cluster0	100.000	41	0	1	41	1	41	8.77e-20	42
ERR20616136424	cluster2	97.561	41	0	7	46	1	41	1.64e-17	46
ERR20616137152	cluster1	100.000	36	0	25	60	18	53	8.07e-17	60
ERR20616134560	cluster1	100.000	43	0	18	60	18	60	1.04e-20	60
ERR20616136800	cluster1	97.778	45	1	16	60	18	62	3.73e-20	60
ERR20616133176	cluster2	97.917	48	0	1	47	48	1	2.16e-21	47
ERR20616139144	cluster2	98.214	56	0	1	55	56	1	9.30e-26	55
ERR20616132320	cluster0	100.000	58	0	3	60	60	3	4.75e-29	60
ERR20616132320	cluster4	97.368	38	1	1	38	63	26	8.07e-17	60
ERR20616132320	cluster3	100.000	33	0	1	33	65	33	3.75e-15	60
ERR20616133672	cluster0	100.000	55	0	1	55	1	55	2.00e-27	55
ERR20616133672	cluster4	96.774	31	1	25	55	26	56	5.68e-13	55
ERR20616133672	cluster3	100.000	26	0	30	55	33	58	2.64e-11	55
ERR20616136616	cluster4	100.000	40	0	1	40	32	71	2.97e-19	40
ERR20616136616	cluster3	100.000	37	0	1	37	34	70	1.38e-17	40
ERR20616136616	cluster1	100.000	33	0	8	40	76	44	2.31e-15	40
ERR20616136616	cluster0	100.000	30	0	1	30	31	60	1.07e-13	40
ERR20616138536	cluster4	100.000	40	0	1	40	69	30	3.34e-19	44
ERR20616138536	cluster3	100.000	38	0	2	39	70	33	4.32e-18	44
ERR20616138536	cluster0	97.222	36	1	9	44	60	25	7.23e-16	44
ERR20616138536	cluster1	100.000	31	0	1	31	46	76	3.36e-14	44
ERR20616134416	cluster0	100.000	54	0	7	60	1	54	7.96e-27	60
ERR2061613888	cluster0	100.000	50	0	1	50	50	1	1.08e-24	50
ERR20616135296	cluster0	100.000	42	0	1	42	42	1	2.44e-20	42
ERR20616133784	cluster2	97.619	42	0	1	41	1	42	3.96e-18	41
ERR20616132280	cluster2	97.619	42	0	1	41	1	42	3.96e-18	41
ERR20616133640	cluster2	97.619	42	0	1	41	1	42	3.96e-18	41
ERR2061613600	cluster0	100.000	45	0	1	45	1	45	5.70e-22	45
ERR20616135712	cluster0	97.674	43	1	1	43	49	7	9.02e-20	43
ERR20616133744	cluster4	95.455	44	2	1	44	26	69	1.20e-18	44
ERR20616133744	cluster3	97.368	38	1	6	43	33	70	2.01e-16	44
ERR20616133744	cluster0	100.000	34	0	1	34	25	58	7.23e-16	44
ERR20616136384	cluster2	97.619	42	0	1	41	42	1	3.96e-18	41
ERR2061613608	cluster0	100.000	54	0	1	54	1	54	7.04e-27	54
ERR20616137624	cluster0	100.000	54	0	1	54	1	54	7.04e-27	54
ERR2061613808	cluster0	100.000	54	0	7	60	60	7	7.96e-27	60
ERR2061613808	cluster4	97.619	42	1	1	42	67	26	4.82e-19	60
ERR2061613808	cluster3	100.000	37	0	1	37	69	33	2.24e-17	60
ERR2061613808	cluster1	100.000	29	0	1	29	48	76	6.28e-13	60
ERR20616132928	cluster0	100.000	53	0	8	60	60	8	2.86e-26	60
ERR20616132928	cluster4	97.674	43	1	1	43	68	26	1.34e-19	60
ERR20616132928	cluster3	100.000	38	0	1	38	70	33	6.24e-18	60
ERR20616132928	cluster1	100.000	30	0	1	30	47	76	1.75e-13	60
ERR20616132944	cluster0	100.000	50	0	11	60	60	11	1.33e-24	60
ERR20616132944	cluster4	97.826	46	1	1	46	71	26	2.88e-21	60
ERR20616132944	cluster3	100.000	38	0	4	41	70	33	6.24e-18	60
ERR20616132944	cluster1	100.000	33	0	1	33	44	76	3.75e-15	60
ERR20616139416	cluster0	100.000	50	0	11	60	60	11	1.33e-24	60
ERR20616139416	cluster4	97.826	46	1	1	46	71	26	2.88e-21	60
ERR20616139416	cluster3	100.000	38	0	4	41	70	33	6.24e-18	60
ERR20616139416	cluster1	100.000	33	0	1	33	44	76	3.75e-15	60
ERR20616137552	cluster0	100.000	40	0	1	40	40	1	2.97e-19	40
ERR20616137240	cluster0	100.000	41	0	1	41	41	1	8.51e-20	41
ERR20616139584	cluster0	100.000	50	0	1	50	1	50	1.10e-24	51
ERR20616134184	cluster4	95.349	43	2	1	43	26	68	4.20e-18	43
ERR20616134184	cluster3	97.368	38	1	6	43	33	70	1.95e-16	43
ERR20616134184	cluster0	100.000	34	0	1	34	25	58	7.03e-16	43
