ER2061621_V66896	cluster0	92.500	40	0	1	1	37	44	83	4.54e-13	54.7
ER2061621_V63472	cluster0	100.000	29	0	0	8	36	55	83	4.39e-13	54.7
ER2061621_V61088	cluster0	100.000	29	0	0	8	36	55	83	4.39e-13	54.7
ER2061621_V68432	cluster0	100.000	29	0	0	8	36	55	83	4.39e-13	54.7
ER2061621_V67704	cluster0	100.000	29	0	0	7	35	55	83	4.23e-13	54.7
ER2061621_V62708	cluster0	92.500	40	0	1	1	37	83	44	4.54e-13	54.7
ER2061621_V61136	cluster0	100.000	29	0	0	7	35	55	83	4.23e-13	54.7
ER2061621_V61884	cluster0	100.000	29	0	0	6	34	55	83	4.07e-13	54.7
ER2061621_V62604	cluster0	100.000	29	0	0	6	34	55	83	4.07e-13	54.7
ER2061621_V63264	cluster0	100.000	29	0	0	5	33	55	83	3.92e-13	54.7
ER2061621_V64408	cluster0	100.000	29	0	0	4	32	55	83	3.95e-13	54.7
ER2061621_V65060	cluster0	100.000	29	0	0	1	29	55	83	3.48e-13	54.7
ER2061621_V64476	cluster0	100.000	28	0	0	1	28	83	56	1.19e-12	52.8
ER2061621_V67828	cluster0	100.000	29	0	0	1	29	83	55	3.64e-13	54.7
ER2061621_V65164	cluster0	100.000	29	0	0	1	29	83	55	4.07e-13	54.7
ER2061621_V66968	cluster0	100.000	29	0	0	1	29	83	55	4.07e-13	54.7
ER2061621_V67776	cluster0	100.000	29	0	0	1	29	83	55	4.39e-13	54.7
ER2061621_V66956	cluster0	92.683	41	0	1	1	38	83	43	1.31e-13	56.5
ER2061621_V67708	cluster0	100.000	29	0	0	1	29	83	55	4.39e-13	54.7
