ER2061611_V69368	MoTER2	100.000	31	0	0	1	31	85	55	6.18e-12	31
ER2061611_V61688	MoTER2	100.000	29	0	0	1	29	83	55	7.06e-11	29
ER2061611_V6684	MoTER2	100.000	28	0	0	1	28	82	55	2.37e-10	28
ER2061611_V6724	MoTER2	100.000	28	0	0	1	28	82	55	2.37e-10	28
ER2061611_V69256	MoTER2	100.000	28	0	0	1	28	82	55	2.37e-10	28
ER2061611_V66232	MoTER2	100.000	36	0	0	1	36	55	90	1.33e-14	36
ER2061611_V64188	MoTER2	100.000	37	0	0	1	37	91	55	3.87e-15	37
ER2061611_V6420	MoTER2	100.000	36	0	0	1	36	90	55	1.33e-14	36
ER2061611_V69424	MoTER2	100.000	36	0	0	1	36	90	55	1.33e-14	36
ER2061611_V610356	MoTER2	100.000	35	0	0	1	35	89	55	4.57e-14	35
ER2061611_V67640	MoTER2	100.000	34	0	0	1	34	88	55	1.56e-13	34
ER2061611_V611296	MoTER2	93.617	47	3	0	1	47	55	101	1.92e-15	56
ER2061611_V611296	MoTER2	100.000	30	0	0	27	56	101	72	5.36e-11	56
ER2061611_V611296	MoTER1	100.000	30	0	0	27	56	101	72	5.36e-11	56
ER2061611_V65972	MoTER2	100.000	28	0	0	1	28	55	82	2.37e-10	28
ER2061611_V65052	MoTER2	100.000	28	0	0	1	28	55	82	2.37e-10	28
ER2061611_V65184	MoTER2	100.000	30	0	0	1	30	55	84	2.09e-11	30
ER2061611_V65044	MoTER2	100.000	32	0	0	1	32	55	86	1.82e-12	32
ER2061611_V610400	MoTER2	100.000	34	0	0	1	34	55	88	1.56e-13	34
ER2061611_V6584	MoTER2	100.000	32	0	0	1	32	87	118	1.82e-12	32
ER2061611_V6584	MoTER1	100.000	32	0	0	1	32	87	118	1.82e-12	32
ER2061611_V63436	MoTER2	100.000	35	0	0	1	35	55	89	4.57e-14	35
ER2061611_V62184	MoTER1	100.000	102	0	0	1	102	4571	4470	1.06e-50	102
ER2061611_V63568	MoTER2	100.000	34	0	0	1	34	55	88	1.64e-13	35
ER2061611_V61684	MoTER2	100.000	29	0	0	1	29	55	83	7.06e-11	29
ER2061611_V6696	MoTER2	100.000	36	0	0	6	41	36	71	1.63e-14	41
ER2061611_V6696	MoTER2	96.970	33	1	0	1	33	1	33	3.53e-11	41
ER2061611_V6696	MoTER2	100.000	28	0	0	6	33	12	39	4.57e-10	41
ER2061611_V6696	MoTER2	100.000	28	0	0	6	33	18	45	4.57e-10	41
ER2061611_V6696	MoTER2	100.000	28	0	0	6	33	24	51	4.57e-10	41
ER2061611_V6696	MoTER2	100.000	28	0	0	6	33	30	57	4.57e-10	41
ER2061611_V6696	MoTER1	97.222	36	1	0	6	41	36	71	7.59e-13	41
ER2061611_V6696	MoTER1	96.970	33	1	0	1	33	7	39	3.53e-11	41
ER2061611_V6696	MoTER1	100.000	28	0	0	6	33	18	45	4.57e-10	41
ER2061611_V6696	MoTER1	100.000	28	0	0	6	33	24	51	4.57e-10	41
ER2061611_V6696	MoTER1	100.000	28	0	0	6	33	30	57	4.57e-10	41
ER2061611_V65348	MoTER2	100.000	70	0	0	1	70	786	717	4.41e-33	73
ER2061611_V65348	MoTER1	100.000	70	0	0	1	70	786	717	4.41e-33	73
