aERR2061615_V6cut10088	MoTER2	100.000	48	0	0	22	69	1555	1602	3.66e-22	1723
aERR2061615_V6cut1500	MoTER2	100.000	56	0	0	16	71	1555	1610	1.35e-26	1723
aERR2061615_V6cut10060	MoTER2	100.000	51	0	0	22	72	1555	1605	8.29e-24	1723
aERR2061615_V6cut1512	MoTER2	98.630	73	0	1	27	99	1555	1626	1.18e-33	1723
aERR2061615_V6cut612	MoTER1	100.000	37	0	0	1	37	1852	1816	2.18e-16	5034
aERR2061615_V6cut168	MoTER1	100.000	32	0	0	1	32	1847	1816	1.11e-13	5034
aERR2061615_V6cut8192	MoTER2	100.000	31	0	0	1	31	31	1	3.81e-13	1723
aERR2061615_V6cut8192	MoTER1	100.000	31	0	0	1	31	37	7	3.81e-13	5034
aERR2061615_V6cut3832	MoTER1	100.000	30	0	0	1	30	1845	1816	1.30e-12	5034
aERR2061615_V6cut3400	MoTER1	100.000	69	0	0	1	69	4523	4455	7.76e-34	5034
aERR2061615_V6cut3864	MoTER2	100.000	87	0	0	1	87	336	250	1.05e-43	1723
aERR2061615_V6cut3864	MoTER1	100.000	87	0	0	1	87	336	250	1.05e-43	5034
aERR2061615_V6cut5124	MoTER1	100.000	85	0	0	1	85	1700	1616	1.68e-42	5034
aERR2061615_V6cut7688	MoTER1	100.000	42	0	0	1	42	4333	4292	4.31e-19	5034
