ER2061618_V66292	MoTER2	97.872	94	2	0	1	94	1401	1308	5.84e-43	1723
ER2061618_V66280	MoTER2	97.802	91	2	0	1	91	1398	1308	2.65e-41	1723
ER2061618_V66632	MoTER2	97.727	44	1	0	1	44	1351	1308	3.01e-17	1723
ER2061618_V66296	MoTER2	97.872	94	2	0	1	94	1308	1401	5.84e-43	1723
ER2061618_V66432	MoTER1	100.000	76	0	0	1	76	1891	1816	2.14e-36	5034
ER2061618_V62952	MoTER1	100.000	53	0	0	1	53	1868	1816	8.14e-24	5034
ER2061618_V6700	MoTER1	100.000	79	0	0	1	79	1816	1894	4.83e-38	5034
ER2061618_V63616	MoTER1	100.000	40	0	0	1	40	1855	1816	9.39e-17	5034
ER2061618_V64908	MoTER2	100.000	36	0	0	1	36	90	55	1.33e-14	1723
ER2061618_V6644	MoTER2	100.000	33	0	0	1	33	87	55	5.34e-13	1723
ER2061618_V67632	MoTER2	100.000	34	0	0	1	34	88	55	1.56e-13	1723
ER2061618_V66744	MoTER2	100.000	34	0	0	1	34	88	55	1.56e-13	1723
ER2061618_V68492	MoTER2	100.000	34	0	0	1	34	88	55	1.56e-13	1723
ER2061618_V61996	MoTER2	100.000	35	0	0	1	35	89	55	4.57e-14	1723
ER2061618_V64972	MoTER2	100.000	36	0	0	1	36	90	55	1.33e-14	1723
ER2061618_V61216	MoTER2	100.000	37	0	0	1	37	91	55	3.87e-15	1723
ER2061618_V67216	MoTER2	100.000	37	0	0	1	37	123	87	3.87e-15	1723
ER2061618_V67216	MoTER1	100.000	37	0	0	1	37	123	87	3.87e-15	5034
ER2061618_V65280	MoTER1	96.226	53	1	1	26	77	1329	1277	1.05e-19	5034
ER2061618_V65280	MoTER1	96.154	52	1	1	26	76	1262	1211	3.78e-19	5034
ER2061618_V61132	MoTER2	100.000	29	0	0	1	29	83	55	7.06e-11	1723
ER2061618_V62220	MoTER2	100.000	29	0	0	1	29	83	55	7.06e-11	1723
ER2061618_V65292	MoTER1	100.000	82	0	0	1	82	2308	2389	1.09e-39	5034
ER2061618_V67288	MoTER2	100.000	31	0	0	1	31	85	55	6.18e-12	1723
ER2061618_V62884	MoTER2	100.000	32	0	0	1	32	55	86	1.82e-12	1723
ER2061618_V64288	MoTER2	100.000	30	0	0	1	30	55	84	2.09e-11	1723
ER2061618_V67620	MoTER2	100.000	35	0	0	1	35	55	89	4.57e-14	1723
ER2061618_V62728	MoTER1	100.000	59	0	0	1	59	2464	2406	4.65e-27	5034
ER2061618_V66368	MoTER1	100.000	59	0	0	1	59	2581	2523	4.36e-27	5034
