aERR2061615_V6cut1252	cluster0	92.500	40	0	1	1	37	43	82	9.31e-13	54.7
aERR2061615_V6cut724	cluster0	100.000	29	0	0	8	36	54	82	8.99e-13	54.7
aERR2061615_V6cut5860	cluster0	100.000	29	0	0	8	36	54	82	8.99e-13	54.7
aERR2061615_V6cut2320	cluster2	100.000	35	0	0	1	35	73	107	4.00e-16	65.8
aERR2061615_V6cut2832	cluster0	100.000	29	0	0	7	35	54	82	8.67e-13	54.7
aERR2061615_V6cut752	cluster2	100.000	34	0	0	1	34	74	107	1.39e-15	63.9
aERR2061615_V6cut7856	cluster0	100.000	29	0	0	3	31	54	82	7.38e-13	54.7
aERR2061615_V6cut7960	cluster2	100.000	31	0	0	1	31	77	107	5.71e-14	58.4
aERR2061615_V6cut2260	cluster0	100.000	29	0	0	3	31	54	82	7.38e-13	54.7
aERR2061615_V6cut2880	cluster2	100.000	31	0	0	1	31	77	107	5.71e-14	58.4
aERR2061615_V6cut732	cluster2	100.000	30	0	0	1	30	78	107	1.96e-13	56.5
aERR2061615_V6cut9028	cluster0	100.000	29	0	0	1	29	82	54	7.70e-13	54.7
aERR2061615_V6cut5468	cluster0	100.000	29	0	0	1	29	82	54	7.70e-13	54.7
aERR2061615_V6cut3708	cluster7	100.000	34	0	0	1	34	68	101	1.64e-15	63.9
