ERR206161111040	Chr7	100.000	48	0	13	60	2143123	2143170	1.67e-18	60
ERR20616115584	Chr8	100.000	60	0	1	60	3964	3905	3.56e-25	60
ERR20616115584	Chr8	100.000	60	0	1	60	9133	9074	3.56e-25	60
ERR20616115584	Chr8	100.000	60	0	1	60	14163	14104	3.56e-25	60
ERR20616115584	Chr8	100.000	60	0	1	60	1845005	1845064	3.56e-25	60
ERR20616115584	Chr8	100.000	60	0	1	60	1850142	1850201	3.56e-25	60
ERR20616115584	Chr8	100.000	60	0	1	60	1855208	1855267	3.56e-25	60
ERR20616115584	Chr8	100.000	60	0	1	60	1860230	1860289	3.56e-25	60
ERR20616115584	Chr8	100.000	60	0	1	60	1865372	1865431	3.56e-25	60
ERR20616115584	Chr8	100.000	60	0	1	60	1870512	1870571	3.56e-25	60
ERR20616115584	Chr8	100.000	60	0	1	60	1875639	1875698	3.56e-25	60
ERR20616115584	Chr8	100.000	60	0	1	60	1880761	1880820	3.56e-25	60
ERR20616115584	Chr8	100.000	60	0	1	60	1885891	1885950	3.56e-25	60
ERR20616115584	Chr8	100.000	60	0	1	60	1890888	1890947	3.56e-25	60
ERR20616115584	Chr8	100.000	60	0	1	60	1895979	1896038	3.56e-25	60
ERR20616115584	Chr8	100.000	60	0	1	60	1900986	1901045	3.56e-25	60
ERR20616115584	Chr7	100.000	60	0	1	60	2255	2196	3.56e-25	60
ERR20616115584	Chr7	100.000	60	0	1	60	7286	7227	3.56e-25	60
ERR20616115584	Chr7	100.000	60	0	1	60	4039308	4039367	3.56e-25	60
ERR20616115584	Chr7	100.000	60	0	1	60	4046769	4046828	3.56e-25	60
ERR20616115584	Chr7	100.000	60	0	1	60	4051798	4051857	3.56e-25	60
ERR20616115584	Chr7	100.000	60	0	1	60	4056956	4057015	3.56e-25	60
ERR20616115584	Chr7	100.000	60	0	1	60	4061987	4062046	3.56e-25	60
ERR20616115584	Chr7	100.000	60	0	1	60	4067015	4067074	3.56e-25	60
ERR20616115584	Chr7	100.000	60	0	1	60	4077114	4077173	3.56e-25	60
ERR20616115584	Chr7	98.333	60	0	1	60	4072122	4072180	5.96e-23	60
ERR20616115584	Chr6	100.000	60	0	1	60	2452	2393	3.56e-25	60
ERR20616115584	Chr6	100.000	60	0	1	60	7499	7440	3.56e-25	60
ERR20616115584	Chr6	100.000	60	0	1	60	12520	12461	3.56e-25	60
ERR20616115584	Chr6	100.000	60	0	1	60	17556	17497	3.56e-25	60
ERR20616115584	Chr6	100.000	60	0	1	60	22579	22520	3.56e-25	60
ERR20616115584	Chr6	100.000	60	0	1	60	6105682	6105741	3.56e-25	60
ERR20616115584	Chr6	100.000	60	0	1	60	6110797	6110856	3.56e-25	60
ERR20616115584	Chr6	100.000	60	0	1	60	6115842	6115901	3.56e-25	60
ERR20616115584	Chr6	100.000	60	0	1	60	6120883	6120942	3.56e-25	60
ERR20616115584	Chr6	100.000	60	0	1	60	6126044	6126103	3.56e-25	60
ERR20616115584	Chr6	100.000	60	0	1	60	6131085	6131144	3.56e-25	60
ERR20616115584	Chr5	100.000	60	0	1	60	2205	2146	3.56e-25	60
ERR20616115584	Chr5	100.000	60	0	1	60	4437691	4437750	3.56e-25	60
ERR20616115584	Chr5	100.000	60	0	1	60	4442718	4442777	3.56e-25	60
ERR20616115584	Chr5	100.000	60	0	1	60	4447760	4447819	3.56e-25	60
ERR20616115584	Chr5	100.000	60	0	1	60	4452813	4452872	3.56e-25	60
ERR20616115584	Chr5	100.000	60	0	1	60	4457856	4457915	3.56e-25	60
ERR20616115584	Chr4	100.000	60	0	1	60	2287	2228	3.56e-25	60
ERR20616115584	Chr4	100.000	60	0	1	60	7313	7254	3.56e-25	60
ERR20616115584	Chr4	100.000	60	0	1	60	12350	12291	3.56e-25	60
ERR20616115584	Chr4	100.000	60	0	1	60	5396627	5396686	3.56e-25	60
ERR20616115584	Chr4	100.000	60	0	1	60	5401672	5401731	3.56e-25	60
ERR20616115584	Chr4	100.000	60	0	1	60	5406710	5406769	3.56e-25	60
ERR20616115584	Chr4	100.000	60	0	1	60	5410925	5410984	3.56e-25	60
ERR20616115584	Chr3	100.000	60	0	1	60	6815	6756	3.56e-25	60
ERR20616115584	Chr3	100.000	60	0	1	60	11803	11744	3.56e-25	60
ERR20616115584	Chr3	100.000	60	0	1	60	8225429	8225488	3.56e-25	60
ERR20616115584	Chr3	100.000	60	0	1	60	8230443	8230502	3.56e-25	60
ERR20616115584	Chr3	100.000	60	0	1	60	8235477	8235536	3.56e-25	60
ERR20616115584	Chr3	96.721	61	1	1	60	1823	1763	7.71e-22	60
ERR20616115584	Chr3	96.667	60	2	1	60	7474847	7474788	7.71e-22	60
ERR20616115584	Chr2	100.000	60	0	1	60	2409	2350	3.56e-25	60
ERR20616115584	Chr2	100.000	60	0	1	60	7485	7426	3.56e-25	60
ERR20616115584	Chr2	100.000	60	0	1	60	12511	12452	3.56e-25	60
ERR20616115584	Chr2	100.000	60	0	1	60	7913170	7913229	3.56e-25	60
ERR20616115584	Chr1	100.000	60	0	1	60	6665929	6665988	3.56e-25	60
ERR206161111056	Chr7	100.000	60	0	1	60	2519435	2519494	3.56e-25	60
ERR20616111848	Chr8	100.000	60	0	1	60	1979	1920	3.56e-25	60
ERR20616111848	Chr8	100.000	60	0	1	60	12181	12122	3.56e-25	60
ERR20616111848	Chr8	100.000	60	0	1	60	1846995	1847054	3.56e-25	60
ERR20616111848	Chr8	100.000	60	0	1	60	1852127	1852186	3.56e-25	60
ERR20616111848	Chr8	100.000	60	0	1	60	1867354	1867413	3.56e-25	60
ERR20616111848	Chr8	98.361	61	0	1	60	7146	7086	1.66e-23	60
ERR20616111848	Chr8	96.667	60	0	1	60	1892840	1892897	2.77e-21	60
ERR20616111848	Chr8	96.667	60	0	1	60	1897938	1897995	2.77e-21	60
ERR20616111848	Chr8	95.000	60	0	1	60	1902962	1903018	4.64e-19	60
ERR20616111848	Chr7	100.000	60	0	1	60	5299	5240	3.56e-25	60
ERR20616111848	Chr7	100.000	60	0	1	60	4041289	4041348	3.56e-25	60
ERR20616111848	Chr7	100.000	60	0	1	60	4053787	4053846	3.56e-25	60
ERR20616111848	Chr7	98.361	61	0	1	60	276	216	1.66e-23	60
ERR20616111848	Chr7	98.361	61	0	1	60	4048751	4048811	1.66e-23	60
ERR20616111848	Chr7	98.361	61	0	1	60	4058942	4059002	1.66e-23	60
ERR20616111848	Chr7	98.361	61	0	1	60	4063972	4064032	1.66e-23	60
ERR20616111848	Chr7	98.333	60	0	1	60	4074088	4074146	5.96e-23	60
ERR20616111848	Chr7	98.333	60	0	1	60	4079080	4079138	5.96e-23	60
ERR20616111848	Chr7	96.667	60	0	1	60	4068983	4069040	2.77e-21	60
ERR20616111848	Chr6	100.000	60	0	1	60	5504	5445	3.56e-25	60
ERR20616111848	Chr6	100.000	60	0	1	60	10535	10476	3.56e-25	60
ERR20616111848	Chr6	100.000	60	0	1	60	15573	15514	3.56e-25	60
ERR20616111848	Chr6	100.000	60	0	1	60	6107669	6107728	3.56e-25	60
ERR20616111848	Chr6	100.000	60	0	1	60	6112782	6112841	3.56e-25	60
ERR20616111848	Chr6	100.000	60	0	1	60	6117827	6117886	3.56e-25	60
ERR20616111848	Chr6	100.000	60	0	1	60	6122871	6122930	3.56e-25	60
ERR20616111848	Chr6	98.361	61	0	1	60	468	408	1.66e-23	60
ERR20616111848	Chr6	98.361	61	0	1	60	20597	20537	1.66e-23	60
ERR20616111848	Chr6	98.361	61	0	1	60	6128033	6128093	1.66e-23	60
ERR20616111848	Chr6	98.361	61	0	1	60	6133071	6133131	1.66e-23	60
ERR20616111848	Chr5	100.000	60	0	1	60	303	244	3.56e-25	60
ERR20616111848	Chr5	100.000	60	0	1	60	4439675	4439734	3.56e-25	60
ERR20616111848	Chr5	98.361	61	0	1	60	4444713	4444773	1.66e-23	60
ERR20616111848	Chr5	98.361	61	0	1	60	4449753	4449813	1.66e-23	60
ERR20616111848	Chr5	98.361	61	0	1	60	4454797	4454857	1.66e-23	60
ERR20616111848	Chr5	98.361	61	0	1	60	4459845	4459905	1.66e-23	60
ERR20616111848	Chr4	100.000	60	0	1	60	10357	10298	3.56e-25	60
ERR20616111848	Chr4	100.000	60	0	1	60	5398611	5398670	3.56e-25	60
ERR20616111848	Chr4	98.361	61	0	1	60	305	245	1.66e-23	60
ERR20616111848	Chr4	98.361	61	0	1	60	5328	5268	1.66e-23	60
ERR20616111848	Chr4	98.361	61	0	1	60	5403662	5403722	1.66e-23	60
ERR20616111848	Chr4	98.361	61	0	1	60	5412913	5412973	1.66e-23	60
ERR20616111848	Chr3	100.000	60	0	1	60	4837	4778	3.56e-25	60
ERR20616111848	Chr3	100.000	60	0	1	60	9825	9766	3.56e-25	60
ERR20616111848	Chr3	100.000	60	0	1	60	8227421	8227480	3.56e-25	60
ERR20616111848	Chr3	100.000	60	0	1	60	8237467	8237526	3.56e-25	60
ERR20616111848	Chr3	98.361	61	0	1	60	8232430	8232490	1.66e-23	60
ERR20616111848	Chr2	100.000	60	0	1	60	5499	5440	3.56e-25	60
ERR20616111848	Chr2	98.361	61	0	1	60	10526	10466	1.66e-23	60
ERR20616111848	Chr2	98.361	61	0	1	60	7915156	7915216	1.66e-23	60
ERR20616111848	Chr2	96.667	60	0	1	60	458	401	2.77e-21	60
ERR20616111848	Chr1	100.000	60	0	1	60	6667914	6667973	3.56e-25	60
ERR20616117504	Chr8	100.000	56	0	1	56	8642	8697	5.35e-23	56
ERR20616117504	Chr8	100.000	56	0	1	56	13672	13727	5.35e-23	56
ERR20616117504	Chr8	100.000	56	0	1	56	1860721	1860666	5.35e-23	56
ERR20616117504	Chr8	100.000	56	0	1	56	1876129	1876074	5.35e-23	56
ERR20616117504	Chr8	100.000	56	0	1	56	1881251	1881196	5.35e-23	56
ERR20616117504	Chr8	100.000	56	0	1	56	1886380	1886325	5.35e-23	56
ERR20616117504	Chr8	100.000	56	0	1	56	1891375	1891320	5.35e-23	56
ERR20616117504	Chr8	100.000	56	0	1	56	1896466	1896411	5.35e-23	56
ERR20616117504	Chr8	100.000	56	0	1	56	1901475	1901420	5.35e-23	56
ERR20616117504	Chr8	98.246	57	0	1	56	3472	3528	2.49e-21	56
ERR20616117504	Chr8	98.246	57	0	1	56	1845497	1845441	2.49e-21	56
ERR20616117504	Chr8	98.246	57	0	1	56	1850634	1850578	2.49e-21	56
ERR20616117504	Chr8	98.246	57	0	1	56	1855700	1855644	2.49e-21	56
ERR20616117504	Chr8	98.246	57	0	1	56	1865863	1865807	2.49e-21	56
ERR20616117504	Chr8	98.246	57	0	1	56	1871004	1870948	2.49e-21	56
ERR20616117504	Chr7	100.000	56	0	1	56	4039799	4039744	5.35e-23	56
ERR20616117504	Chr7	100.000	56	0	1	56	4047260	4047205	5.35e-23	56
ERR20616117504	Chr7	100.000	56	0	1	56	4052289	4052234	5.35e-23	56
ERR20616117504	Chr7	100.000	56	0	1	56	4062478	4062423	5.35e-23	56
ERR20616117504	Chr7	100.000	56	0	1	56	4067504	4067449	5.35e-23	56
ERR20616117504	Chr7	100.000	56	0	1	56	4072610	4072555	5.35e-23	56
ERR20616117504	Chr7	100.000	56	0	1	56	4077604	4077549	5.35e-23	56
ERR20616117504	Chr7	98.214	56	1	1	56	1764	1819	2.49e-21	56
ERR20616117504	Chr7	98.246	57	0	1	56	6794	6850	2.49e-21	56
ERR20616117504	Chr7	98.246	57	0	1	56	4057447	4057391	2.49e-21	56
ERR20616117504	Chr6	100.000	56	0	1	56	1961	2016	5.35e-23	56
ERR20616117504	Chr6	100.000	56	0	1	56	7008	7063	5.35e-23	56
ERR20616117504	Chr6	100.000	56	0	1	56	17065	17120	5.35e-23	56
ERR20616117504	Chr6	100.000	56	0	1	56	6126535	6126480	5.35e-23	56
ERR20616117504	Chr6	98.246	57	0	1	56	12028	12084	2.49e-21	56
ERR20616117504	Chr6	98.246	57	0	1	56	22087	22143	2.49e-21	56
ERR20616117504	Chr6	98.246	57	0	1	56	6106174	6106118	2.49e-21	56
ERR20616117504	Chr6	98.246	57	0	1	56	6111289	6111233	2.49e-21	56
ERR20616117504	Chr6	98.246	57	0	1	56	6116334	6116278	2.49e-21	56
ERR20616117504	Chr6	98.246	57	0	1	56	6121374	6121318	2.49e-21	56
ERR20616117504	Chr6	98.246	57	0	1	56	6131576	6131520	2.49e-21	56
ERR20616117504	Chr5	100.000	56	0	1	56	1714	1769	5.35e-23	56
ERR20616117504	Chr5	100.000	56	0	1	56	4438182	4438127	5.35e-23	56
ERR20616117504	Chr5	100.000	56	0	1	56	4448251	4448196	5.35e-23	56
ERR20616117504	Chr5	98.246	57	0	1	56	4443210	4443154	2.49e-21	56
ERR20616117504	Chr5	98.246	57	0	1	56	4453305	4453249	2.49e-21	56
ERR20616117504	Chr5	98.246	57	0	1	56	4458348	4458292	2.49e-21	56
ERR20616117504	Chr4	100.000	56	0	1	56	11859	11914	5.35e-23	56
ERR20616117504	Chr4	98.246	57	0	1	56	1795	1851	2.49e-21	56
ERR20616117504	Chr4	98.246	57	0	1	56	6821	6877	2.49e-21	56
ERR20616117504	Chr4	98.246	57	0	1	56	5397119	5397063	2.49e-21	56
ERR20616117504	Chr4	98.246	57	0	1	56	5402164	5402108	2.49e-21	56
ERR20616117504	Chr4	98.246	57	0	1	56	5407202	5407146	2.49e-21	56
ERR20616117504	Chr4	98.246	57	0	1	56	5411417	5411361	2.49e-21	56
ERR20616117504	Chr3	100.000	56	0	1	56	1332	1387	5.35e-23	56
ERR20616117504	Chr3	100.000	56	0	1	56	8225920	8225865	5.35e-23	56
ERR20616117504	Chr3	100.000	56	0	1	56	8230934	8230879	5.35e-23	56
ERR20616117504	Chr3	100.000	56	0	1	56	8235968	8235913	5.35e-23	56
ERR20616117504	Chr3	98.246	57	0	1	56	6323	6379	2.49e-21	56
ERR20616117504	Chr3	98.246	57	0	1	56	11312	11368	2.49e-21	56
ERR20616117504	Chr2	100.000	56	0	1	56	1919	1974	5.35e-23	56
ERR20616117504	Chr2	100.000	56	0	1	56	6994	7049	5.35e-23	56
ERR20616117504	Chr2	100.000	56	0	1	56	12020	12075	5.35e-23	56
ERR20616117504	Chr2	98.246	57	0	1	56	7913661	7913605	2.49e-21	56
ERR20616117504	Chr1	100.000	56	0	1	56	6666420	6666365	5.35e-23	56
ERR20616117232	Chr7	98.333	60	1	1	60	560550	560609	1.66e-23	60
ERR20616117232	Chr7	96.552	58	2	1	58	3966583	3966640	9.97e-21	60
ERR20616117232	Chr7	95.000	60	3	1	60	526116	526057	3.59e-20	60
ERR20616117232	Chr7	95.000	60	3	1	60	554661	554720	3.59e-20	60
ERR20616117232	Chr3	98.333	60	1	1	60	8075029	8074970	1.66e-23	60
ERR20616117232	Chr3	98.276	58	1	1	58	2596088	2596145	2.14e-22	60
ERR20616117232	Chr3	96.667	60	2	1	60	2559418	2559359	7.71e-22	60
ERR20616117232	Chr3	95.000	60	3	1	60	2539032	2538973	3.59e-20	60
ERR20616117232	Chr1	98.333	60	1	1	60	2205588	2205529	1.66e-23	60
ERR20616117232	Chr1	96.667	60	2	1	60	393160	393101	7.71e-22	60
ERR20616117232	Chr1	96.667	60	2	1	60	2300582	2300641	7.71e-22	60
ERR20616117232	Chr1	96.667	60	2	1	60	6643967	6644026	7.71e-22	60
ERR20616117232	Chr1	94.828	58	3	1	58	442320	442377	4.64e-19	60
ERR20616117232	Chr1	93.103	58	1	1	58	6391110	6391164	2.79e-16	60
ERR20616117232	Chr8	96.667	60	2	1	60	554855	554796	7.71e-22	60
ERR20616117232	Chr2	95.000	60	3	1	60	7390738	7390797	3.59e-20	60
ERR20616115600	Chr8	100.000	60	0	1	60	3977	3918	3.56e-25	60
ERR20616115600	Chr8	100.000	60	0	1	60	9146	9087	3.56e-25	60
ERR20616115600	Chr8	100.000	60	0	1	60	14176	14117	3.56e-25	60
ERR20616115600	Chr8	100.000	60	0	1	60	1844992	1845051	3.56e-25	60
ERR20616115600	Chr8	100.000	60	0	1	60	1850129	1850188	3.56e-25	60
ERR20616115600	Chr8	100.000	60	0	1	60	1855195	1855254	3.56e-25	60
ERR20616115600	Chr8	100.000	60	0	1	60	1860217	1860276	3.56e-25	60
ERR20616115600	Chr8	100.000	60	0	1	60	1865359	1865418	3.56e-25	60
ERR20616115600	Chr8	100.000	60	0	1	60	1870499	1870558	3.56e-25	60
ERR20616115600	Chr8	100.000	60	0	1	60	1875626	1875685	3.56e-25	60
ERR20616115600	Chr8	100.000	60	0	1	60	1880748	1880807	3.56e-25	60
ERR20616115600	Chr8	100.000	60	0	1	60	1885878	1885937	3.56e-25	60
ERR20616115600	Chr8	100.000	60	0	1	60	1890875	1890934	3.56e-25	60
ERR20616115600	Chr8	100.000	60	0	1	60	1895966	1896025	3.56e-25	60
ERR20616115600	Chr8	100.000	60	0	1	60	1900973	1901032	3.56e-25	60
ERR20616115600	Chr7	100.000	60	0	1	60	2268	2209	3.56e-25	60
ERR20616115600	Chr7	100.000	60	0	1	60	7299	7240	3.56e-25	60
ERR20616115600	Chr7	100.000	60	0	1	60	4039295	4039354	3.56e-25	60
ERR20616115600	Chr7	100.000	60	0	1	60	4046756	4046815	3.56e-25	60
ERR20616115600	Chr7	100.000	60	0	1	60	4051785	4051844	3.56e-25	60
ERR20616115600	Chr7	100.000	60	0	1	60	4056943	4057002	3.56e-25	60
ERR20616115600	Chr7	100.000	60	0	1	60	4061974	4062033	3.56e-25	60
ERR20616115600	Chr7	100.000	60	0	1	60	4067002	4067061	3.56e-25	60
ERR20616115600	Chr7	100.000	60	0	1	60	4072109	4072168	3.56e-25	60
ERR20616115600	Chr7	100.000	60	0	1	60	4077101	4077160	3.56e-25	60
ERR20616115600	Chr6	100.000	60	0	1	60	2465	2406	3.56e-25	60
ERR20616115600	Chr6	100.000	60	0	1	60	7512	7453	3.56e-25	60
ERR20616115600	Chr6	100.000	60	0	1	60	12533	12474	3.56e-25	60
ERR20616115600	Chr6	100.000	60	0	1	60	17569	17510	3.56e-25	60
ERR20616115600	Chr6	100.000	60	0	1	60	22592	22533	3.56e-25	60
ERR20616115600	Chr6	100.000	60	0	1	60	6105669	6105728	3.56e-25	60
ERR20616115600	Chr6	100.000	60	0	1	60	6110784	6110843	3.56e-25	60
ERR20616115600	Chr6	100.000	60	0	1	60	6115829	6115888	3.56e-25	60
ERR20616115600	Chr6	100.000	60	0	1	60	6120870	6120929	3.56e-25	60
ERR20616115600	Chr6	100.000	60	0	1	60	6126031	6126090	3.56e-25	60
ERR20616115600	Chr6	100.000	60	0	1	60	6131072	6131131	3.56e-25	60
ERR20616115600	Chr5	100.000	60	0	1	60	2218	2159	3.56e-25	60
ERR20616115600	Chr5	100.000	60	0	1	60	4437678	4437737	3.56e-25	60
ERR20616115600	Chr5	100.000	60	0	1	60	4442705	4442764	3.56e-25	60
ERR20616115600	Chr5	100.000	60	0	1	60	4447747	4447806	3.56e-25	60
ERR20616115600	Chr5	100.000	60	0	1	60	4452800	4452859	3.56e-25	60
ERR20616115600	Chr5	100.000	60	0	1	60	4457843	4457902	3.56e-25	60
ERR20616115600	Chr4	100.000	60	0	1	60	2300	2241	3.56e-25	60
ERR20616115600	Chr4	100.000	60	0	1	60	7326	7267	3.56e-25	60
ERR20616115600	Chr4	100.000	60	0	1	60	12363	12304	3.56e-25	60
ERR20616115600	Chr4	100.000	60	0	1	60	5396614	5396673	3.56e-25	60
ERR20616115600	Chr4	100.000	60	0	1	60	5401659	5401718	3.56e-25	60
ERR20616115600	Chr4	100.000	60	0	1	60	5406697	5406756	3.56e-25	60
ERR20616115600	Chr4	100.000	60	0	1	60	5410912	5410971	3.56e-25	60
ERR20616115600	Chr3	100.000	60	0	1	60	6828	6769	3.56e-25	60
ERR20616115600	Chr3	100.000	60	0	1	60	11816	11757	3.56e-25	60
ERR20616115600	Chr3	100.000	60	0	1	60	8225416	8225475	3.56e-25	60
ERR20616115600	Chr3	100.000	60	0	1	60	8230430	8230489	3.56e-25	60
ERR20616115600	Chr3	100.000	60	0	1	60	8235464	8235523	3.56e-25	60
ERR20616115600	Chr3	98.276	58	1	3	60	7474858	7474801	2.14e-22	60
ERR20616115600	Chr3	96.721	61	1	1	60	1836	1776	7.71e-22	60
ERR20616115600	Chr2	100.000	60	0	1	60	2422	2363	3.56e-25	60
ERR20616115600	Chr2	100.000	60	0	1	60	7498	7439	3.56e-25	60
ERR20616115600	Chr2	100.000	60	0	1	60	12524	12465	3.56e-25	60
ERR20616115600	Chr2	100.000	60	0	1	60	7913157	7913216	3.56e-25	60
ERR20616115600	Chr1	100.000	60	0	1	60	6665916	6665975	3.56e-25	60
ERR20616118088	Chr6	100.000	60	0	1	60	3227581	3227522	3.56e-25	60
ERR20616115656	Chr7	100.000	59	0	2	60	3084020	3083962	1.28e-24	60
ERR206161111104	Chr7	100.000	57	0	1	57	3531681	3531625	1.53e-23	57
ERR20616111920	Chr2	100.000	60	0	1	60	1613979	1614038	3.56e-25	60
ERR20616115360	Chr8	100.000	60	0	1	60	1994	1935	3.56e-25	60
ERR20616115360	Chr8	100.000	60	0	1	60	12196	12137	3.56e-25	60
ERR20616115360	Chr8	100.000	60	0	1	60	1846980	1847039	3.56e-25	60
ERR20616115360	Chr8	100.000	60	0	1	60	1852112	1852171	3.56e-25	60
ERR20616115360	Chr8	100.000	60	0	1	60	1867339	1867398	3.56e-25	60
ERR20616115360	Chr8	98.361	61	0	1	60	7161	7101	1.66e-23	60
ERR20616115360	Chr8	98.333	60	0	1	60	1897923	1897981	5.96e-23	60
ERR20616115360	Chr8	98.276	58	0	1	57	1857181	1857238	7.71e-22	60
ERR20616115360	Chr8	98.276	58	0	1	57	1862198	1862255	7.71e-22	60
ERR20616115360	Chr8	98.246	57	0	1	57	1872475	1872530	2.77e-21	60
ERR20616115360	Chr8	98.246	57	0	1	57	1877598	1877653	2.77e-21	60
ERR20616115360	Chr8	98.246	57	0	1	57	1882731	1882786	2.77e-21	60
ERR20616115360	Chr8	98.246	57	0	1	57	1887853	1887908	2.77e-21	60
ERR20616115360	Chr8	96.667	60	0	1	60	1892826	1892883	2.77e-21	60
ERR20616115360	Chr8	96.667	60	0	1	60	1902947	1903004	2.77e-21	60
ERR20616115360	Chr7	100.000	60	0	1	60	5314	5255	3.56e-25	60
ERR20616115360	Chr7	100.000	60	0	1	60	4041274	4041333	3.56e-25	60
ERR20616115360	Chr7	100.000	60	0	1	60	4053772	4053831	3.56e-25	60
ERR20616115360	Chr7	98.361	61	0	1	60	291	231	1.66e-23	60
ERR20616115360	Chr7	98.361	61	0	1	60	4048736	4048796	1.66e-23	60
ERR20616115360	Chr7	98.361	61	0	1	60	4058927	4058987	1.66e-23	60
ERR20616115360	Chr7	98.333	60	0	1	60	4079065	4079123	5.96e-23	60
ERR20616115360	Chr7	96.721	61	0	1	60	4063958	4064017	7.71e-22	60
ERR20616115360	Chr7	96.667	60	0	1	60	4074074	4074131	2.77e-21	60
ERR20616115360	Chr7	95.000	60	0	1	60	4068969	4069025	4.64e-19	60
ERR20616115360	Chr6	100.000	60	0	1	60	5519	5460	3.56e-25	60
ERR20616115360	Chr6	100.000	60	0	1	60	10550	10491	3.56e-25	60
ERR20616115360	Chr6	100.000	60	0	1	60	15588	15529	3.56e-25	60
ERR20616115360	Chr6	100.000	60	0	1	60	6107654	6107713	3.56e-25	60
ERR20616115360	Chr6	100.000	60	0	1	60	6112767	6112826	3.56e-25	60
ERR20616115360	Chr6	100.000	60	0	1	60	6117812	6117871	3.56e-25	60
ERR20616115360	Chr6	98.361	61	0	1	60	20612	20552	1.66e-23	60
ERR20616115360	Chr6	98.361	61	0	1	60	6128018	6128078	1.66e-23	60
ERR20616115360	Chr6	98.333	60	0	1	60	6122857	6122915	5.96e-23	60
ERR20616115360	Chr6	96.721	61	0	1	60	482	423	7.71e-22	60
ERR20616115360	Chr6	96.721	61	0	1	60	6133057	6133116	7.71e-22	60
ERR20616115360	Chr5	100.000	60	0	1	60	318	259	3.56e-25	60
ERR20616115360	Chr5	100.000	60	0	1	60	4439660	4439719	3.56e-25	60
ERR20616115360	Chr5	98.361	61	0	1	60	4444698	4444758	1.66e-23	60
ERR20616115360	Chr5	98.361	61	0	1	60	4449738	4449798	1.66e-23	60
ERR20616115360	Chr5	98.361	61	0	1	60	4454782	4454842	1.66e-23	60
ERR20616115360	Chr5	98.361	61	0	1	60	4459830	4459890	1.66e-23	60
ERR20616115360	Chr4	100.000	60	0	1	60	10372	10313	3.56e-25	60
ERR20616115360	Chr4	100.000	60	0	1	60	5398596	5398655	3.56e-25	60
ERR20616115360	Chr4	98.361	61	0	1	60	320	260	1.66e-23	60
ERR20616115360	Chr4	98.361	61	0	1	60	5343	5283	1.66e-23	60
ERR20616115360	Chr4	98.361	61	0	1	60	5403647	5403707	1.66e-23	60
ERR20616115360	Chr4	98.361	61	0	1	60	5412898	5412958	1.66e-23	60
ERR20616115360	Chr3	100.000	60	0	1	60	4852	4793	3.56e-25	60
ERR20616115360	Chr3	100.000	60	0	1	60	9840	9781	3.56e-25	60
ERR20616115360	Chr3	100.000	60	0	1	60	8227406	8227465	3.56e-25	60
ERR20616115360	Chr3	100.000	60	0	1	60	8237452	8237511	3.56e-25	60
ERR20616115360	Chr3	98.361	61	0	1	60	8232415	8232475	1.66e-23	60
ERR20616115360	Chr2	100.000	60	0	1	60	5514	5455	3.56e-25	60
ERR20616115360	Chr2	98.361	61	0	1	60	10541	10481	1.66e-23	60
ERR20616115360	Chr2	98.361	61	0	1	60	7915141	7915201	1.66e-23	60
ERR20616115360	Chr2	95.000	60	0	1	60	472	416	4.64e-19	60
ERR20616115360	Chr1	100.000	60	0	1	60	6667899	6667958	3.56e-25	60
ERR20616111728	Chr8	100.000	60	0	1	60	1998	1939	3.56e-25	60
ERR20616111728	Chr8	100.000	60	0	1	60	12200	12141	3.56e-25	60
ERR20616111728	Chr8	100.000	60	0	1	60	1846976	1847035	3.56e-25	60
ERR20616111728	Chr8	100.000	60	0	1	60	1852108	1852167	3.56e-25	60
ERR20616111728	Chr8	100.000	60	0	1	60	1867335	1867394	3.56e-25	60
ERR20616111728	Chr8	98.361	61	0	1	60	7165	7105	1.66e-23	60
ERR20616111728	Chr8	98.361	61	0	1	60	1857177	1857237	1.66e-23	60
ERR20616111728	Chr8	98.361	61	0	1	60	1862194	1862254	1.66e-23	60
ERR20616111728	Chr8	98.333	60	0	1	60	1872471	1872529	5.96e-23	60
ERR20616111728	Chr8	98.333	60	0	1	60	1877594	1877652	5.96e-23	60
ERR20616111728	Chr8	98.333	60	0	1	60	1882727	1882785	5.96e-23	60
ERR20616111728	Chr8	98.333	60	0	1	60	1887849	1887907	5.96e-23	60
ERR20616111728	Chr8	98.333	60	0	1	60	1897919	1897977	5.96e-23	60
ERR20616111728	Chr8	96.667	60	0	1	60	1892822	1892879	2.77e-21	60
ERR20616111728	Chr8	96.667	60	0	1	60	1902943	1903000	2.77e-21	60
ERR20616111728	Chr7	100.000	60	0	1	60	5318	5259	3.56e-25	60
ERR20616111728	Chr7	100.000	60	0	1	60	4041270	4041329	3.56e-25	60
ERR20616111728	Chr7	100.000	60	0	1	60	4053768	4053827	3.56e-25	60
ERR20616111728	Chr7	98.361	61	0	1	60	295	235	1.66e-23	60
ERR20616111728	Chr7	98.361	61	0	1	60	4048732	4048792	1.66e-23	60
ERR20616111728	Chr7	98.361	61	0	1	60	4058923	4058983	1.66e-23	60
ERR20616111728	Chr7	98.333	60	0	1	60	4079061	4079119	5.96e-23	60
ERR20616111728	Chr7	96.721	61	0	1	60	4063954	4064013	7.71e-22	60
ERR20616111728	Chr7	96.667	60	0	1	60	4074070	4074127	2.77e-21	60
ERR20616111728	Chr6	100.000	60	0	1	60	5523	5464	3.56e-25	60
ERR20616111728	Chr6	100.000	60	0	1	60	10554	10495	3.56e-25	60
ERR20616111728	Chr6	100.000	60	0	1	60	15592	15533	3.56e-25	60
ERR20616111728	Chr6	100.000	60	0	1	60	6107650	6107709	3.56e-25	60
ERR20616111728	Chr6	100.000	60	0	1	60	6112763	6112822	3.56e-25	60
ERR20616111728	Chr6	100.000	60	0	1	60	6117808	6117867	3.56e-25	60
ERR20616111728	Chr6	98.361	61	0	1	60	20616	20556	1.66e-23	60
ERR20616111728	Chr6	98.361	61	0	1	60	6128014	6128074	1.66e-23	60
ERR20616111728	Chr6	98.333	60	0	1	60	6122853	6122911	5.96e-23	60
ERR20616111728	Chr6	96.721	61	0	1	60	486	427	7.71e-22	60
ERR20616111728	Chr6	96.721	61	0	1	60	6133053	6133112	7.71e-22	60
ERR20616111728	Chr5	100.000	60	0	1	60	322	263	3.56e-25	60
ERR20616111728	Chr5	100.000	60	0	1	60	4439656	4439715	3.56e-25	60
ERR20616111728	Chr5	98.361	61	0	1	60	4444694	4444754	1.66e-23	60
ERR20616111728	Chr5	98.361	61	0	1	60	4449734	4449794	1.66e-23	60
ERR20616111728	Chr5	98.361	61	0	1	60	4454778	4454838	1.66e-23	60
ERR20616111728	Chr5	98.361	61	0	1	60	4459826	4459886	1.66e-23	60
ERR20616111728	Chr4	100.000	60	0	1	60	10376	10317	3.56e-25	60
ERR20616111728	Chr4	100.000	60	0	1	60	5398592	5398651	3.56e-25	60
ERR20616111728	Chr4	98.361	61	0	1	60	324	264	1.66e-23	60
ERR20616111728	Chr4	98.361	61	0	1	60	5347	5287	1.66e-23	60
ERR20616111728	Chr4	98.361	61	0	1	60	5403643	5403703	1.66e-23	60
ERR20616111728	Chr4	98.361	61	0	1	60	5412894	5412954	1.66e-23	60
ERR20616111728	Chr3	100.000	60	0	1	60	4856	4797	3.56e-25	60
ERR20616111728	Chr3	100.000	60	0	1	60	9844	9785	3.56e-25	60
ERR20616111728	Chr3	100.000	60	0	1	60	8227402	8227461	3.56e-25	60
ERR20616111728	Chr3	100.000	60	0	1	60	8237448	8237507	3.56e-25	60
ERR20616111728	Chr3	98.361	61	0	1	60	8232411	8232471	1.66e-23	60
ERR20616111728	Chr2	100.000	60	0	1	60	5518	5459	3.56e-25	60
ERR20616111728	Chr2	98.361	61	0	1	60	10545	10485	1.66e-23	60
ERR20616111728	Chr2	98.361	61	0	1	60	7915137	7915197	1.66e-23	60
ERR20616111728	Chr1	100.000	60	0	1	60	6667895	6667954	3.56e-25	60
ERR20616116456	Chr4	100.000	60	0	1	60	3501037	3501096	3.56e-25	60
ERR20616111944	Chr2	100.000	43	0	18	60	2243754	2243712	1.00e-15	60
ERR20616111936	Chr2	100.000	43	0	18	60	2243754	2243712	1.00e-15	60
ERR20616112120	Chr8	100.000	43	0	1	43	2308	2350	5.67e-16	43
ERR20616112120	Chr8	100.000	43	0	1	43	7478	7520	5.67e-16	43
ERR20616112120	Chr8	100.000	43	0	1	43	12509	12551	5.67e-16	43
ERR20616112120	Chr8	100.000	43	0	1	43	1846661	1846619	5.67e-16	43
ERR20616112120	Chr8	100.000	43	0	1	43	1851798	1851756	5.67e-16	43
ERR20616112120	Chr8	100.000	43	0	1	43	1856864	1856822	5.67e-16	43
ERR20616112120	Chr8	100.000	43	0	1	43	1861882	1861840	5.67e-16	43
ERR20616112120	Chr8	100.000	43	0	1	43	1867027	1866985	5.67e-16	43
ERR20616112120	Chr8	100.000	43	0	1	43	1872165	1872123	5.67e-16	43
ERR20616112120	Chr8	100.000	43	0	1	43	1877288	1877246	5.67e-16	43
ERR20616112120	Chr8	100.000	43	0	1	43	1882418	1882376	5.67e-16	43
ERR20616112120	Chr8	100.000	43	0	1	43	1887544	1887502	5.67e-16	43
ERR20616112120	Chr8	100.000	43	0	1	43	1892533	1892491	5.67e-16	43
ERR20616112120	Chr8	100.000	43	0	1	43	1897623	1897581	5.67e-16	43
ERR20616112120	Chr8	100.000	43	0	1	43	1902635	1902593	5.67e-16	43
ERR20616112120	Chr8	97.674	43	1	1	43	2280	2322	2.64e-14	43
ERR20616112120	Chr8	97.674	43	1	1	43	7450	7492	2.64e-14	43
ERR20616112120	Chr8	97.674	43	1	1	43	12481	12523	2.64e-14	43
ERR20616112120	Chr8	97.674	43	1	1	43	1846689	1846647	2.64e-14	43
ERR20616112120	Chr8	97.674	43	1	1	43	1851826	1851784	2.64e-14	43
ERR20616112120	Chr8	97.674	43	1	1	43	1856892	1856850	2.64e-14	43
ERR20616112120	Chr8	97.674	43	1	1	43	1861910	1861868	2.64e-14	43
ERR20616112120	Chr8	97.674	43	1	1	43	1867055	1867013	2.64e-14	43
ERR20616112120	Chr8	97.674	43	1	1	43	1872193	1872151	2.64e-14	43
ERR20616112120	Chr8	97.674	43	1	1	43	1902663	1902621	2.64e-14	43
ERR20616112120	Chr8	97.561	41	1	3	43	2365	2405	3.41e-13	43
ERR20616112120	Chr8	97.561	41	1	3	43	7535	7575	3.41e-13	43
ERR20616112120	Chr8	97.561	41	1	3	43	12566	12606	3.41e-13	43
ERR20616112120	Chr8	97.561	41	1	3	43	1846604	1846564	3.41e-13	43
ERR20616112120	Chr8	97.561	41	1	3	43	1851741	1851701	3.41e-13	43
ERR20616112120	Chr8	97.561	41	1	3	43	1856807	1856767	3.41e-13	43
ERR20616112120	Chr8	97.561	41	1	3	43	1861825	1861785	3.41e-13	43
ERR20616112120	Chr8	97.561	41	1	3	43	1866970	1866930	3.41e-13	43
ERR20616112120	Chr8	97.561	41	1	3	43	1872108	1872068	3.41e-13	43
ERR20616112120	Chr8	97.561	41	1	3	43	1877231	1877191	3.41e-13	43
ERR20616112120	Chr8	97.561	41	1	3	43	1882361	1882321	3.41e-13	43
ERR20616112120	Chr8	97.561	41	1	3	43	1887487	1887447	3.41e-13	43
ERR20616112120	Chr8	97.561	41	1	3	43	1897566	1897526	3.41e-13	43
ERR20616112120	Chr8	97.561	41	1	3	43	1902578	1902538	3.41e-13	43
ERR20616112120	Chr8	95.349	43	1	1	43	1877315	1877274	4.41e-12	43
ERR20616112120	Chr8	95.349	43	1	1	43	1887571	1887530	4.41e-12	43
ERR20616112120	Chr8	95.238	42	1	3	43	1892476	1892435	1.59e-11	43
ERR20616112120	Chr7	100.000	43	0	1	43	601	643	5.67e-16	43
ERR20616112120	Chr7	100.000	43	0	1	43	5631	5673	5.67e-16	43
ERR20616112120	Chr7	100.000	43	0	1	43	4040962	4040920	5.67e-16	43
ERR20616112120	Chr7	100.000	43	0	1	43	4048423	4048381	5.67e-16	43
ERR20616112120	Chr7	100.000	43	0	1	43	4053454	4053412	5.67e-16	43
ERR20616112120	Chr7	100.000	43	0	1	43	4058612	4058570	5.67e-16	43
ERR20616112120	Chr7	100.000	43	0	1	43	4063643	4063601	5.67e-16	43
ERR20616112120	Chr7	100.000	43	0	1	43	4068664	4068622	5.67e-16	43
ERR20616112120	Chr7	100.000	43	0	1	43	4073768	4073726	5.67e-16	43
ERR20616112120	Chr7	100.000	43	0	1	43	4078764	4078722	5.67e-16	43
ERR20616112120	Chr7	97.674	43	1	1	43	573	615	2.64e-14	43
ERR20616112120	Chr7	97.674	43	1	1	43	5603	5645	2.64e-14	43
ERR20616112120	Chr7	97.674	43	1	1	43	4040990	4040948	2.64e-14	43
ERR20616112120	Chr7	97.674	43	1	1	43	4048451	4048409	2.64e-14	43
ERR20616112120	Chr7	97.674	43	1	1	43	4053482	4053440	2.64e-14	43
ERR20616112120	Chr7	97.674	43	1	1	43	4058640	4058598	2.64e-14	43
ERR20616112120	Chr7	97.674	43	1	1	43	4063671	4063629	2.64e-14	43
ERR20616112120	Chr7	97.674	43	1	1	43	4068692	4068650	2.64e-14	43
ERR20616112120	Chr7	97.674	43	1	1	43	4073796	4073754	2.64e-14	43
ERR20616112120	Chr7	97.674	43	1	1	43	4078792	4078750	2.64e-14	43
ERR20616112120	Chr7	97.561	41	1	3	43	658	698	3.41e-13	43
ERR20616112120	Chr7	97.561	41	1	3	43	5688	5728	3.41e-13	43
ERR20616112120	Chr7	97.561	41	1	3	43	4040905	4040865	3.41e-13	43
ERR20616112120	Chr7	97.561	41	1	3	43	4048366	4048326	3.41e-13	43
ERR20616112120	Chr7	97.561	41	1	3	43	4053397	4053357	3.41e-13	43
ERR20616112120	Chr7	97.561	41	1	3	43	4058555	4058515	3.41e-13	43
ERR20616112120	Chr7	97.561	41	1	3	43	4063586	4063546	3.41e-13	43
ERR20616112120	Chr7	97.561	41	1	3	43	4068607	4068567	3.41e-13	43
ERR20616112120	Chr7	97.561	41	1	3	43	4073711	4073671	3.41e-13	43
ERR20616112120	Chr7	97.561	41	1	3	43	4078707	4078667	3.41e-13	43
ERR20616112120	Chr6	100.000	43	0	1	43	797	839	5.67e-16	43
ERR20616112120	Chr6	100.000	43	0	1	43	5843	5885	5.67e-16	43
ERR20616112120	Chr6	100.000	43	0	1	43	10864	10906	5.67e-16	43
ERR20616112120	Chr6	100.000	43	0	1	43	15901	15943	5.67e-16	43
ERR20616112120	Chr6	100.000	43	0	1	43	20922	20964	5.67e-16	43
ERR20616112120	Chr6	100.000	43	0	1	43	6107339	6107297	5.67e-16	43
ERR20616112120	Chr6	100.000	43	0	1	43	6112453	6112411	5.67e-16	43
ERR20616112120	Chr6	100.000	43	0	1	43	6117498	6117456	5.67e-16	43
ERR20616112120	Chr6	100.000	43	0	1	43	6122539	6122497	5.67e-16	43
ERR20616112120	Chr6	100.000	43	0	1	43	6127700	6127658	5.67e-16	43
ERR20616112120	Chr6	100.000	43	0	1	43	6132740	6132698	5.67e-16	43
ERR20616112120	Chr6	97.674	43	1	1	43	769	811	2.64e-14	43
ERR20616112120	Chr6	97.674	43	1	1	43	5815	5857	2.64e-14	43
ERR20616112120	Chr6	97.674	43	1	1	43	10836	10878	2.64e-14	43
ERR20616112120	Chr6	97.674	43	1	1	43	15873	15915	2.64e-14	43
ERR20616112120	Chr6	97.674	43	1	1	43	20894	20936	2.64e-14	43
ERR20616112120	Chr6	97.674	43	1	1	43	6107367	6107325	2.64e-14	43
ERR20616112120	Chr6	97.674	43	1	1	43	6112481	6112439	2.64e-14	43
ERR20616112120	Chr6	97.674	43	1	1	43	6117526	6117484	2.64e-14	43
ERR20616112120	Chr6	97.674	43	1	1	43	6122567	6122525	2.64e-14	43
ERR20616112120	Chr6	97.674	43	1	1	43	6127728	6127686	2.64e-14	43
ERR20616112120	Chr6	97.674	43	1	1	43	6132768	6132726	2.64e-14	43
ERR20616112120	Chr6	97.561	41	1	3	43	854	894	3.41e-13	43
ERR20616112120	Chr6	97.561	41	1	3	43	5900	5940	3.41e-13	43
ERR20616112120	Chr6	97.561	41	1	3	43	10921	10961	3.41e-13	43
ERR20616112120	Chr6	97.561	41	1	3	43	15958	15998	3.41e-13	43
ERR20616112120	Chr6	97.561	41	1	3	43	20979	21019	3.41e-13	43
ERR20616112120	Chr6	97.561	41	1	3	43	6107282	6107242	3.41e-13	43
ERR20616112120	Chr6	97.561	41	1	3	43	6112396	6112356	3.41e-13	43
ERR20616112120	Chr6	97.561	41	1	3	43	6117441	6117401	3.41e-13	43
ERR20616112120	Chr6	97.561	41	1	3	43	6122482	6122442	3.41e-13	43
ERR20616112120	Chr6	97.561	41	1	3	43	6127643	6127603	3.41e-13	43
ERR20616112120	Chr6	97.561	41	1	3	43	6132683	6132643	3.41e-13	43
ERR20616112120	Chr5	100.000	43	0	1	43	4439346	4439304	5.67e-16	43
ERR20616112120	Chr5	100.000	43	0	1	43	4444374	4444332	5.67e-16	43
ERR20616112120	Chr5	100.000	43	0	1	43	4449415	4449373	5.67e-16	43
ERR20616112120	Chr5	100.000	43	0	1	43	4454468	4454426	5.67e-16	43
ERR20616112120	Chr5	100.000	43	0	1	43	4459512	4459470	5.67e-16	43
ERR20616112120	Chr5	97.674	43	1	1	43	605	647	2.64e-14	43
ERR20616112120	Chr5	97.674	43	1	1	43	4439374	4439332	2.64e-14	43
ERR20616112120	Chr5	97.674	43	1	1	43	4444402	4444360	2.64e-14	43
ERR20616112120	Chr5	97.674	43	1	1	43	4449443	4449401	2.64e-14	43
ERR20616112120	Chr5	97.674	43	1	1	43	4454496	4454454	2.64e-14	43
ERR20616112120	Chr5	97.674	43	1	1	43	4459540	4459498	2.64e-14	43
ERR20616112120	Chr5	97.561	41	1	3	43	4439289	4439249	3.41e-13	43
ERR20616112120	Chr5	97.561	41	1	3	43	4444317	4444277	3.41e-13	43
ERR20616112120	Chr5	97.561	41	1	3	43	4449358	4449318	3.41e-13	43
ERR20616112120	Chr5	97.561	41	1	3	43	4454411	4454371	3.41e-13	43
ERR20616112120	Chr5	97.561	41	1	3	43	4459455	4459415	3.41e-13	43
ERR20616112120	Chr4	100.000	43	0	1	43	631	673	5.67e-16	43
ERR20616112120	Chr4	100.000	43	0	1	43	5657	5699	5.67e-16	43
ERR20616112120	Chr4	100.000	43	0	1	43	10694	10736	5.67e-16	43
ERR20616112120	Chr4	100.000	43	0	1	43	5398283	5398241	5.67e-16	43
ERR20616112120	Chr4	100.000	43	0	1	43	5403329	5403287	5.67e-16	43
ERR20616112120	Chr4	100.000	43	0	1	43	5412581	5412539	5.67e-16	43
ERR20616112120	Chr4	97.674	43	1	1	43	603	645	2.64e-14	43
ERR20616112120	Chr4	97.674	43	1	1	43	5629	5671	2.64e-14	43
ERR20616112120	Chr4	97.674	43	1	1	43	10666	10708	2.64e-14	43
ERR20616112120	Chr4	97.674	43	1	1	43	5398311	5398269	2.64e-14	43
ERR20616112120	Chr4	97.674	43	1	1	43	5403357	5403315	2.64e-14	43
ERR20616112120	Chr4	97.674	43	1	1	43	5412609	5412567	2.64e-14	43
ERR20616112120	Chr4	97.561	41	1	3	43	688	728	3.41e-13	43
ERR20616112120	Chr4	97.561	41	1	3	43	5714	5754	3.41e-13	43
ERR20616112120	Chr4	97.561	41	1	3	43	10751	10791	3.41e-13	43
ERR20616112120	Chr4	97.561	41	1	3	43	5398226	5398186	3.41e-13	43
ERR20616112120	Chr4	97.561	41	1	3	43	5403272	5403232	3.41e-13	43
ERR20616112120	Chr4	97.561	41	1	3	43	5412524	5412484	3.41e-13	43
ERR20616112120	Chr3	100.000	43	0	1	43	169	211	5.67e-16	43
ERR20616112120	Chr3	100.000	43	0	1	43	5160	5202	5.67e-16	43
ERR20616112120	Chr3	100.000	43	0	1	43	10149	10191	5.67e-16	43
ERR20616112120	Chr3	100.000	43	0	1	43	8227084	8227042	5.67e-16	43
ERR20616112120	Chr3	100.000	43	0	1	43	8232099	8232057	5.67e-16	43
ERR20616112120	Chr3	100.000	43	0	1	43	8237134	8237092	5.67e-16	43
ERR20616112120	Chr3	97.674	43	1	1	43	5132	5174	2.64e-14	43
ERR20616112120	Chr3	97.674	43	1	1	43	10121	10163	2.64e-14	43
ERR20616112120	Chr3	97.674	43	1	1	43	8227112	8227070	2.64e-14	43
ERR20616112120	Chr3	97.674	43	1	1	43	8232127	8232085	2.64e-14	43
ERR20616112120	Chr3	97.674	43	1	1	43	8237162	8237120	2.64e-14	43
ERR20616112120	Chr3	97.561	41	1	3	43	226	266	3.41e-13	43
ERR20616112120	Chr3	97.561	41	1	3	43	5217	5257	3.41e-13	43
ERR20616112120	Chr3	97.561	41	1	3	43	10206	10246	3.41e-13	43
ERR20616112120	Chr3	97.561	41	1	3	43	8227027	8226987	3.41e-13	43
ERR20616112120	Chr3	97.561	41	1	3	43	8232042	8232002	3.41e-13	43
ERR20616112120	Chr3	97.561	41	1	3	43	8237077	8237037	3.41e-13	43
ERR20616112120	Chr2	100.000	43	0	1	43	757	799	5.67e-16	43
ERR20616112120	Chr2	100.000	43	0	1	43	5830	5872	5.67e-16	43
ERR20616112120	Chr2	100.000	43	0	1	43	10856	10898	5.67e-16	43
ERR20616112120	Chr2	100.000	43	0	1	43	7914825	7914783	5.67e-16	43
ERR20616112120	Chr2	97.674	43	1	1	43	729	771	2.64e-14	43
ERR20616112120	Chr2	97.674	43	1	1	43	5802	5844	2.64e-14	43
ERR20616112120	Chr2	97.674	43	1	1	43	10828	10870	2.64e-14	43
ERR20616112120	Chr2	97.674	43	1	1	43	7914853	7914811	2.64e-14	43
ERR20616112120	Chr2	97.561	41	1	3	43	814	854	3.41e-13	43
ERR20616112120	Chr2	97.561	41	1	3	43	5887	5927	3.41e-13	43
ERR20616112120	Chr2	97.561	41	1	3	43	10913	10953	3.41e-13	43
ERR20616112120	Chr2	97.561	41	1	3	43	7914768	7914728	3.41e-13	43
ERR20616112120	Chr1	100.000	43	0	1	43	6667584	6667542	5.67e-16	43
ERR20616112120	Chr1	97.674	43	1	1	43	6667612	6667570	2.64e-14	43
ERR20616112120	Chr1	97.561	41	1	3	43	6667527	6667487	3.41e-13	43
ERR20616114248	Chr3	100.000	60	0	1	60	7198459	7198400	3.56e-25	60
ERR20616113888	Chr3	100.000	43	0	12	54	4325849	4325891	8.50e-16	54
ERR20616111912	Chr4	100.000	41	0	1	41	4779014	4778974	8.33e-15	46
ERR2061611752	Chr6	100.000	37	0	5	41	6128170	6128134	1.12e-12	41
ERR2061611752	Chr6	97.222	36	1	6	41	5369	5404	1.87e-10	41
ERR2061611752	Chr6	97.222	36	1	6	41	10400	10435	1.87e-10	41
ERR2061611752	Chr6	97.222	36	1	6	41	15438	15473	1.87e-10	41
ERR2061611752	Chr6	97.222	36	1	6	41	20462	20497	1.87e-10	41
ERR2061611752	Chr6	97.222	36	1	6	41	6112918	6112883	1.87e-10	41
ERR2061611752	Chr6	97.222	36	1	6	41	6117961	6117926	1.87e-10	41
ERR2061611752	Chr8	100.000	36	0	6	41	1847130	1847095	4.01e-12	41
ERR2061611752	Chr8	100.000	36	0	6	41	1903093	1903058	4.01e-12	41
ERR2061611752	Chr8	97.222	36	1	6	41	1852262	1852227	1.87e-10	41
ERR2061611752	Chr8	97.222	36	1	6	41	1892973	1892938	1.87e-10	41
ERR2061611752	Chr8	97.222	36	1	6	41	1898071	1898036	1.87e-10	41
ERR2061611752	Chr5	100.000	36	0	6	41	4449888	4449853	4.01e-12	41
ERR2061611752	Chr5	97.222	36	1	6	41	4439810	4439775	1.87e-10	41
ERR2061611752	Chr5	97.222	36	1	6	41	4454932	4454897	1.87e-10	41
ERR2061611752	Chr4	100.000	36	0	6	41	168	203	4.01e-12	41
ERR2061611752	Chr4	100.000	36	0	6	41	5192	5227	4.01e-12	41
ERR2061611752	Chr4	97.222	36	1	6	41	5398746	5398711	1.87e-10	41
ERR2061611752	Chr4	100.000	32	0	10	41	5403795	5403764	6.71e-10	41
ERR2061611752	Chr4	100.000	30	0	12	41	10228	10257	8.68e-09	41
ERR2061611752	Chr3	100.000	36	0	6	41	8227556	8227521	4.01e-12	41
ERR2061611752	Chr3	100.000	36	0	6	41	8232566	8232531	4.01e-12	41
ERR2061611752	Chr2	100.000	36	0	6	41	7915293	7915258	4.01e-12	41
ERR2061611752	Chr2	97.222	36	1	6	41	10391	10426	1.87e-10	41
ERR2061611752	Chr1	100.000	36	0	6	41	6668049	6668014	4.01e-12	41
ERR2061611752	Chr7	97.222	36	1	6	41	4064107	4064072	1.87e-10	41
ERR2061611752	Chr7	97.222	36	1	6	41	4079214	4079179	1.87e-10	41
