aERR2061618_V6cut6292	MoTER2	97.872	94	2	0	1	94	1401	1308	3.06e-44	1723
aERR2061618_V6cut6280	MoTER2	97.802	91	2	0	1	91	1398	1308	1.37e-42	1723
aERR2061618_V6cut6632	MoTER2	97.727	44	1	0	1	44	1351	1308	1.65e-18	1723
aERR2061618_V6cut6296	MoTER2	97.872	94	2	0	1	94	1308	1401	3.06e-44	1723
aERR2061618_V6cut6432	MoTER1	100.000	76	0	0	1	76	1891	1816	1.12e-37	5034
aERR2061618_V6cut2952	MoTER1	100.000	53	0	0	1	53	1868	1816	4.49e-25	5034
aERR2061618_V6cut700	MoTER1	100.000	79	0	0	1	79	1816	1894	2.52e-39	5034
aERR2061618_V6cut3616	MoTER1	100.000	40	0	0	1	40	1855	1816	5.22e-18	5034
aERR2061618_V6cut7216	MoTER2	100.000	37	0	0	1	37	123	87	2.18e-16	1723
aERR2061618_V6cut7216	MoTER1	100.000	37	0	0	1	37	123	87	2.18e-16	5034
aERR2061618_V6cut1216	MoTER2	100.000	37	0	0	1	37	91	55	2.18e-16	1723
aERR2061618_V6cut4908	MoTER2	100.000	36	0	0	1	36	90	55	7.53e-16	1723
aERR2061618_V6cut4972	MoTER2	100.000	36	0	0	1	36	90	55	7.53e-16	1723
aERR2061618_V6cut1996	MoTER2	100.000	35	0	0	1	35	89	55	2.60e-15	1723
aERR2061618_V6cut8492	MoTER2	100.000	34	0	0	1	34	88	55	8.96e-15	1723
aERR2061618_V6cut6744	MoTER2	100.000	34	0	0	1	34	88	55	8.96e-15	1723
aERR2061618_V6cut7632	MoTER2	100.000	34	0	0	1	34	88	55	8.96e-15	1723
aERR2061618_V6cut644	MoTER2	100.000	33	0	0	1	33	87	55	3.08e-14	1723
aERR2061618_V6cut7288	MoTER2	100.000	31	0	0	1	31	85	55	3.81e-13	1723
aERR2061618_V6cut5292	MoTER1	100.000	82	0	0	1	82	2308	2389	5.66e-41	5034
aERR2061618_V6cut5280	MoTER1	96.226	53	1	1	26	77	1329	1277	5.49e-21	5034
aERR2061618_V6cut5280	MoTER1	96.154	52	1	1	26	76	1262	1211	1.97e-20	5034
aERR2061618_V6cut4288	MoTER2	100.000	30	0	0	1	30	55	84	1.30e-12	1723
aERR2061618_V6cut2884	MoTER2	100.000	32	0	0	1	32	55	86	1.11e-13	1723
aERR2061618_V6cut7620	MoTER2	100.000	35	0	0	1	35	55	89	2.60e-15	1723
aERR2061618_V6cut2728	MoTER1	100.000	59	0	0	1	59	2464	2406	2.47e-28	5034
aERR2061618_V6cut6368	MoTER1	100.000	59	0	0	1	59	2581	2523	2.37e-28	5034
