ER2061614_V62228	MoTER2	100.000	34	0	0	1	34	88	55	8.96e-15	34
ER2061614_V68768	MoTER2	97.297	37	1	0	1	37	67	31	1.01e-14	37
ER2061614_V68768	MoTER2	100.000	33	0	0	5	37	33	1	3.64e-14	37
ER2061614_V68768	MoTER2	96.970	33	1	0	5	37	39	7	1.69e-12	37
ER2061614_V68768	MoTER2	96.970	33	1	0	5	37	45	13	1.69e-12	37
ER2061614_V68768	MoTER2	96.970	33	1	0	5	37	51	19	1.69e-12	37
ER2061614_V68768	MoTER2	96.970	33	1	0	5	37	57	25	1.69e-12	37
ER2061614_V68768	MoTER1	100.000	33	0	0	5	37	39	7	3.64e-14	37
ER2061614_V68768	MoTER1	97.059	34	1	0	4	37	64	31	4.71e-13	37
ER2061614_V68768	MoTER1	96.970	33	1	0	5	37	45	13	1.69e-12	37
ER2061614_V68768	MoTER1	96.970	33	1	0	5	37	51	19	1.69e-12	37
ER2061614_V68768	MoTER1	96.970	33	1	0	5	37	57	25	1.69e-12	37
ER2061614_V68052	MoTER2	100.000	36	0	0	1	36	90	55	7.53e-16	36
ER2061614_V62008	MoTER2	100.000	36	0	0	1	36	90	55	7.53e-16	36
ER2061614_V65124	MoTER2	100.000	36	0	0	1	36	90	55	7.53e-16	36
ER2061614_V67536	MoTER2	100.000	34	0	0	1	34	88	55	8.96e-15	34
ER2061614_V62292	MoTER2	100.000	34	0	0	1	34	88	55	8.96e-15	34
ER2061614_V61292	MoTER2	100.000	31	0	0	1	31	85	55	3.81e-13	31
ER2061614_V67856	MoTER2	100.000	29	0	0	1	29	83	55	4.46e-12	29
ER2061614_V68740	MoTER2	100.000	37	0	0	1	37	91	55	2.18e-16	37
ER2061614_V68096	MoTER2	97.500	40	1	0	1	40	55	94	2.43e-16	40
ER2061614_V64480	MoTER2	100.000	36	0	0	1	36	55	90	7.53e-16	36
ER2061614_V67172	MoTER2	100.000	34	0	0	1	34	61	94	2.14e-14	67
ER2061614_V67172	MoTER1	97.059	34	1	0	1	34	61	94	9.97e-13	67
ER2061614_V63724	MoTER2	100.000	30	0	0	1	30	1	30	1.30e-12	30
ER2061614_V63724	MoTER1	100.000	30	0	0	1	30	7	36	1.30e-12	30
ER2061614_V67220	MoTER2	100.000	31	0	0	1	31	61	91	3.81e-13	31
ER2061614_V6748	MoTER2	100.000	34	0	0	1	34	55	88	8.96e-15	34
ER2061614_V65948	MoTER2	100.000	35	0	0	1	35	55	89	2.60e-15	35
ER2061614_V64528	MoTER2	100.000	35	0	0	1	35	55	89	2.60e-15	35
ER2061614_V66012	MoTER2	100.000	37	0	0	1	37	55	91	2.18e-16	37
ER2061614_V64332	MoTER2	100.000	34	0	0	1	34	55	88	8.96e-15	34
ER2061614_V65120	MoTER2	100.000	36	0	0	1	36	55	90	7.53e-16	36
ER2061614_V68948	MoTER2	100.000	33	0	0	1	33	55	87	3.08e-14	33
ER2061614_V610076	MoTER2	100.000	37	0	0	1	37	55	91	2.18e-16	37
ER2061614_V610016	MoTER1	96.970	33	1	0	1	33	1	33	1.43e-12	33
ER2061614_V61488	MoTER2	100.000	33	0	0	1	33	55	87	3.08e-14	33
ER2061614_V68412	MoTER2	96.825	63	2	0	1	63	93	31	3.25e-27	63
ER2061614_V68412	MoTER1	95.238	63	3	0	1	63	93	31	1.51e-25	63
ER2061614_V69096	MoTER2	98.039	51	1	0	1	51	55	105	2.57e-22	51
