aERR2061615_V6cut10088	MoTER2	100.000	48	0	0	22	69	1555	1602	6.96e-21	1723
aERR2061615_V6cut1500	MoTER2	100.000	56	0	0	16	71	1555	1610	2.58e-25	1723
aERR2061615_V6cut10060	MoTER2	100.000	51	0	0	22	72	1555	1605	1.58e-22	1723
aERR2061615_V6cut1512	MoTER2	98.630	73	0	1	27	99	1555	1626	2.27e-32	1723
aERR2061615_V6cut612	MoTER1	100.000	37	0	0	1	37	1852	1816	3.87e-15	5034
aERR2061615_V6cut168	MoTER1	100.000	32	0	0	1	32	1847	1816	1.82e-12	5034
aERR2061615_V6cut8192	MoTER2	100.000	31	0	0	1	31	31	1	6.18e-12	1723
aERR2061615_V6cut8192	MoTER1	100.000	31	0	0	1	31	37	7	6.18e-12	5034
aERR2061615_V6cut3832	MoTER1	100.000	30	0	0	1	30	1845	1816	2.09e-11	5034
aERR2061615_V6cut3400	MoTER1	100.000	69	0	0	1	69	4523	4455	1.48e-32	5034
aERR2061615_V6cut3864	MoTER2	100.000	87	0	0	1	87	336	250	2.02e-42	1723
aERR2061615_V6cut3864	MoTER1	100.000	87	0	0	1	87	336	250	2.02e-42	5034
aERR2061615_V6cut5124	MoTER1	100.000	85	0	0	1	85	1700	1616	3.24e-41	5034
aERR2061615_V6cut7688	MoTER1	100.000	42	0	0	1	42	4333	4292	7.82e-18	5034
