aERR2061613_V6cut8532	MoTER2	100.000	55	0	0	1	55	210	156	1.14e-24	1723
aERR2061613_V6cut8532	MoTER1	100.000	55	0	0	1	55	210	156	1.14e-24	5034
aERR2061613_V6cut8524	MoTER2	100.000	42	0	0	1	42	156	197	7.82e-18	1723
aERR2061613_V6cut8524	MoTER1	100.000	42	0	0	1	42	156	197	7.82e-18	5034
aERR2061613_V6cut3548	MoTER2	100.000	81	0	0	1	81	236	156	3.85e-39	1723
aERR2061613_V6cut3548	MoTER1	100.000	81	0	0	1	81	236	156	3.85e-39	5034
aERR2061613_V6cut8520	MoTER2	100.000	79	0	0	1	79	234	156	4.83e-38	1723
aERR2061613_V6cut8520	MoTER1	100.000	79	0	0	1	79	234	156	4.83e-38	5034
aERR2061613_V6cut6616	MoTER2	100.000	35	0	0	1	35	61	95	1.15e-13	1723
aERR2061613_V6cut6616	MoTER1	97.143	35	1	0	1	35	61	95	5.36e-12	5034
aERR2061613_V6cut4388	MoTER2	100.000	33	0	0	1	33	55	87	5.34e-13	1723
aERR2061613_V6cut9408	MoTER2	100.000	32	0	0	1	32	55	86	4.96e-12	1723
aERR2061613_V6cut4340	MoTER2	100.000	37	0	0	1	37	55	91	3.87e-15	1723
aERR2061613_V6cut5656	MoTER2	100.000	33	0	0	1	33	1	33	5.34e-13	1723
aERR2061613_V6cut5656	MoTER2	96.970	33	1	0	1	33	7	39	2.49e-11	1723
aERR2061613_V6cut5656	MoTER2	96.970	33	1	0	1	33	13	45	2.49e-11	1723
aERR2061613_V6cut5656	MoTER2	96.970	33	1	0	1	33	19	51	2.49e-11	1723
aERR2061613_V6cut5656	MoTER2	96.970	33	1	0	1	33	25	57	2.49e-11	1723
aERR2061613_V6cut5656	MoTER2	96.970	33	1	0	1	33	31	63	2.49e-11	1723
aERR2061613_V6cut5656	MoTER1	100.000	33	0	0	1	33	7	39	5.34e-13	5034
aERR2061613_V6cut5656	MoTER1	96.970	33	1	0	1	33	13	45	2.49e-11	5034
aERR2061613_V6cut5656	MoTER1	96.970	33	1	0	1	33	19	51	2.49e-11	5034
aERR2061613_V6cut5656	MoTER1	96.970	33	1	0	1	33	25	57	2.49e-11	5034
aERR2061613_V6cut5656	MoTER1	96.970	33	1	0	1	33	31	63	2.49e-11	5034
aERR2061613_V6cut8224	MoTER2	100.000	37	0	0	1	37	91	55	3.87e-15	1723
aERR2061613_V6cut2968	MoTER2	100.000	28	0	0	1	28	55	82	7.78e-10	1723
aERR2061613_V6cut4156	MoTER2	100.000	30	0	0	1	30	30	1	2.09e-11	1723
aERR2061613_V6cut4156	MoTER1	100.000	30	0	0	1	30	36	7	2.09e-11	5034
aERR2061613_V6cut1004	MoTER2	100.000	31	0	0	1	31	85	55	6.18e-12	1723
aERR2061613_V6cut7152	MoTER2	100.000	33	0	0	1	33	33	1	5.34e-13	1723
aERR2061613_V6cut7152	MoTER2	96.970	33	1	0	1	33	39	7	2.49e-11	1723
aERR2061613_V6cut7152	MoTER2	96.970	33	1	0	1	33	45	13	2.49e-11	1723
aERR2061613_V6cut7152	MoTER2	96.970	33	1	0	1	33	51	19	2.49e-11	1723
aERR2061613_V6cut7152	MoTER2	96.970	33	1	0	1	33	57	25	2.49e-11	1723
aERR2061613_V6cut7152	MoTER2	96.970	33	1	0	1	33	63	31	2.49e-11	1723
aERR2061613_V6cut7152	MoTER1	100.000	33	0	0	1	33	39	7	5.34e-13	5034
aERR2061613_V6cut7152	MoTER1	96.970	33	1	0	1	33	45	13	2.49e-11	5034
aERR2061613_V6cut7152	MoTER1	96.970	33	1	0	1	33	51	19	2.49e-11	5034
aERR2061613_V6cut7152	MoTER1	96.970	33	1	0	1	33	57	25	2.49e-11	5034
aERR2061613_V6cut7152	MoTER1	96.970	33	1	0	1	33	63	31	2.49e-11	5034
aERR2061613_V6cut8300	MoTER2	100.000	34	0	0	1	34	88	55	1.56e-13	1723
aERR2061613_V6cut8248	MoTER2	100.000	34	0	0	1	34	88	55	1.56e-13	1723
aERR2061613_V6cut2728	MoTER2	100.000	35	0	0	1	35	89	55	4.57e-14	1723
aERR2061613_V6cut7084	MoTER2	100.000	35	0	0	1	35	89	55	4.57e-14	1723
aERR2061613_V6cut2124	MoTER2	100.000	35	0	0	1	35	89	55	4.57e-14	1723
aERR2061613_V6cut748	MoTER2	100.000	36	0	0	1	36	90	55	1.33e-14	1723
aERR2061613_V6cut2164	MoTER2	100.000	37	0	0	1	37	91	55	3.87e-15	1723
aERR2061613_V6cut1248	MoTER2	100.000	37	0	0	1	37	91	55	3.87e-15	1723
aERR2061613_V6cut9136	MoTER2	97.297	37	1	0	1	37	67	31	1.80e-13	1723
aERR2061613_V6cut9136	MoTER2	100.000	33	0	0	5	37	33	1	6.47e-13	1723
aERR2061613_V6cut9136	MoTER2	96.970	33	1	0	5	37	39	7	3.01e-11	1723
aERR2061613_V6cut9136	MoTER2	96.970	33	1	0	5	37	45	13	3.01e-11	1723
aERR2061613_V6cut9136	MoTER2	96.970	33	1	0	5	37	51	19	3.01e-11	1723
aERR2061613_V6cut9136	MoTER2	96.970	33	1	0	5	37	57	25	3.01e-11	1723
aERR2061613_V6cut9136	MoTER1	100.000	33	0	0	5	37	39	7	6.47e-13	5034
aERR2061613_V6cut9136	MoTER1	97.059	34	1	0	4	37	64	31	8.37e-12	5034
aERR2061613_V6cut9136	MoTER1	96.970	33	1	0	5	37	45	13	3.01e-11	5034
aERR2061613_V6cut9136	MoTER1	96.970	33	1	0	5	37	51	19	3.01e-11	5034
aERR2061613_V6cut9136	MoTER1	96.970	33	1	0	5	37	57	25	3.01e-11	5034
aERR2061613_V6cut604	MoTER2	96.875	64	2	0	1	64	94	31	1.74e-26	1723
aERR2061613_V6cut604	MoTER2	100.000	33	0	0	32	64	33	1	1.38e-12	1723
aERR2061613_V6cut604	MoTER2	96.970	33	1	0	32	64	39	7	6.41e-11	1723
aERR2061613_V6cut604	MoTER2	96.970	33	1	0	32	64	45	13	6.41e-11	1723
aERR2061613_V6cut604	MoTER2	96.970	33	1	0	32	64	51	19	6.41e-11	1723
aERR2061613_V6cut604	MoTER1	95.312	64	3	0	1	64	94	31	8.12e-25	5034
aERR2061613_V6cut604	MoTER1	100.000	33	0	0	32	64	39	7	1.38e-12	5034
aERR2061613_V6cut604	MoTER1	96.970	33	1	0	32	64	45	13	6.41e-11	5034
aERR2061613_V6cut604	MoTER1	96.970	33	1	0	32	64	51	19	6.41e-11	5034
aERR2061613_V6cut6648	MoTER2	97.619	42	1	0	1	42	61	102	3.64e-16	1723
aERR2061613_V6cut6668	MoTER2	97.368	38	1	0	1	38	61	98	5.22e-14	1723
aERR2061613_V6cut4772	MoTER2	100.000	33	0	0	1	33	1	33	5.91e-13	1723
aERR2061613_V6cut4772	MoTER2	97.143	35	1	0	1	35	31	65	2.12e-12	1723
aERR2061613_V6cut4772	MoTER2	96.970	33	1	0	1	33	7	39	2.75e-11	1723
aERR2061613_V6cut4772	MoTER2	96.970	33	1	0	1	33	13	45	2.75e-11	1723
aERR2061613_V6cut4772	MoTER2	96.970	33	1	0	1	33	19	51	2.75e-11	1723
aERR2061613_V6cut4772	MoTER2	96.970	33	1	0	1	33	25	57	2.75e-11	1723
aERR2061613_V6cut4772	MoTER1	100.000	33	0	0	1	33	7	39	5.91e-13	5034
aERR2061613_V6cut4772	MoTER1	97.059	34	1	0	1	34	31	64	7.64e-12	5034
aERR2061613_V6cut4772	MoTER1	96.970	33	1	0	1	33	13	45	2.75e-11	5034
aERR2061613_V6cut4772	MoTER1	96.970	33	1	0	1	33	19	51	2.75e-11	5034
aERR2061613_V6cut4772	MoTER1	96.970	33	1	0	1	33	25	57	2.75e-11	5034
aERR2061613_V6cut4316	MoTER2	100.000	37	0	0	1	37	55	91	3.87e-15	1723
aERR2061613_V6cut4176	MoTER2	100.000	35	0	0	1	35	55	89	4.57e-14	1723
aERR2061613_V6cut7500	MoTER2	100.000	35	0	0	1	35	55	89	4.57e-14	1723
aERR2061613_V6cut2616	MoTER2	100.000	33	0	0	1	33	1	33	5.62e-13	1723
aERR2061613_V6cut2616	MoTER2	97.059	34	1	0	1	34	31	64	7.28e-12	1723
aERR2061613_V6cut2616	MoTER2	96.970	33	1	0	1	33	7	39	2.62e-11	1723
aERR2061613_V6cut2616	MoTER2	96.970	33	1	0	1	33	13	45	2.62e-11	1723
aERR2061613_V6cut2616	MoTER2	96.970	33	1	0	1	33	19	51	2.62e-11	1723
aERR2061613_V6cut2616	MoTER2	96.970	33	1	0	1	33	25	57	2.62e-11	1723
aERR2061613_V6cut2616	MoTER1	100.000	33	0	0	1	33	7	39	5.62e-13	5034
aERR2061613_V6cut2616	MoTER1	97.059	34	1	0	1	34	31	64	7.28e-12	5034
aERR2061613_V6cut2616	MoTER1	96.970	33	1	0	1	33	13	45	2.62e-11	5034
aERR2061613_V6cut2616	MoTER1	96.970	33	1	0	1	33	19	51	2.62e-11	5034
aERR2061613_V6cut2616	MoTER1	96.970	33	1	0	1	33	25	57	2.62e-11	5034
aERR2061613_V6cut3480	MoTER2	100.000	31	0	0	1	31	1	31	6.18e-12	1723
aERR2061613_V6cut3480	MoTER1	100.000	31	0	0	1	31	7	37	6.18e-12	5034
aERR2061613_V6cut9272	MoTER2	100.000	32	0	0	1	32	55	86	1.82e-12	1723
aERR2061613_V6cut7124	MoTER2	100.000	33	0	0	1	33	1	33	5.34e-13	1723
aERR2061613_V6cut7124	MoTER2	96.970	33	1	0	1	33	7	39	2.49e-11	1723
aERR2061613_V6cut7124	MoTER2	96.970	33	1	0	1	33	13	45	2.49e-11	1723
aERR2061613_V6cut7124	MoTER2	96.970	33	1	0	1	33	19	51	2.49e-11	1723
aERR2061613_V6cut7124	MoTER2	96.970	33	1	0	1	33	25	57	2.49e-11	1723
aERR2061613_V6cut7124	MoTER2	96.970	33	1	0	1	33	31	63	2.49e-11	1723
aERR2061613_V6cut7124	MoTER1	100.000	33	0	0	1	33	7	39	5.34e-13	5034
aERR2061613_V6cut7124	MoTER1	96.970	33	1	0	1	33	13	45	2.49e-11	5034
aERR2061613_V6cut7124	MoTER1	96.970	33	1	0	1	33	19	51	2.49e-11	5034
aERR2061613_V6cut7124	MoTER1	96.970	33	1	0	1	33	25	57	2.49e-11	5034
aERR2061613_V6cut7124	MoTER1	96.970	33	1	0	1	33	31	63	2.49e-11	5034
aERR2061613_V6cut8244	MoTER2	100.000	31	0	0	1	31	55	85	6.18e-12	1723
aERR2061613_V6cut7192	MoTER2	100.000	31	0	0	1	31	1	31	6.18e-12	1723
aERR2061613_V6cut7192	MoTER1	100.000	31	0	0	1	31	7	37	6.18e-12	5034
aERR2061613_V6cut752	MoTER2	100.000	30	0	0	1	30	55	84	2.09e-11	1723
aERR2061613_V6cut3044	MoTER2	100.000	30	0	0	1	30	55	84	2.09e-11	1723
aERR2061613_V6cut7620	MoTER2	98.462	65	1	0	1	65	120	56	1.09e-28	1723
aERR2061613_V6cut7620	MoTER1	96.923	65	2	0	1	65	120	56	5.05e-27	5034
