aERR2061617_V6cut2224	MoTER1	100.000	87	0	0	1	87	3939	3853	1.01e-43	5034
aERR2061617_V6cut1904	MoTER1	100.000	44	0	0	1	44	3896	3853	3.55e-20	5034
aERR2061617_V6cut2388	MoTER2	100.000	30	0	0	1	30	84	55	1.30e-12	1723
aERR2061617_V6cut1988	MoTER1	100.000	32	0	0	4	35	2979	3010	1.21e-13	5034
aERR2061617_V6cut5984	MoTER2	100.000	37	0	0	1	37	91	55	2.18e-16	1723
aERR2061617_V6cut1320	MoTER2	100.000	36	0	0	1	36	90	55	7.53e-16	1723
aERR2061617_V6cut5252	MoTER1	100.000	34	0	0	1	34	1849	1816	8.96e-15	5034
aERR2061617_V6cut828	MoTER1	100.000	33	0	0	1	33	1277	1245	3.08e-14	5034
aERR2061617_V6cut828	MoTER1	100.000	33	0	0	1	33	1344	1312	3.08e-14	5034
aERR2061617_V6cut328	MoTER2	97.297	37	1	0	39	75	91	55	2.45e-14	1723
aERR2061617_V6cut3064	MoTER1	100.000	31	0	0	1	31	1245	1275	3.81e-13	5034
aERR2061617_V6cut3064	MoTER1	100.000	31	0	0	1	31	1312	1342	3.81e-13	5034
