ER2061620_V65704	cluster0	100.000	29	0	0	5	33	69	97	7.14e-13	54.7
ER2061620_V68936	cluster3	100.000	33	0	0	1	33	66	98	4.26e-15	62.1
ER2061620_V61648	cluster0	100.000	29	0	0	5	33	69	97	7.14e-13	54.7
ER2061620_V611520	cluster0	100.000	29	0	0	5	33	69	97	7.14e-13	54.7
ER2061620_V67580	cluster0	100.000	29	0	0	5	33	69	97	7.14e-13	54.7
ER2061620_V611500	cluster0	100.000	29	0	0	5	33	69	97	7.14e-13	54.7
ER2061620_V612140	cluster0	100.000	29	0	0	5	33	69	97	7.14e-13	54.7
ER2061620_V6772	cluster0	100.000	29	0	0	5	33	69	97	7.14e-13	54.7
ER2061620_V61476	cluster0	100.000	29	0	0	4	32	69	97	6.85e-13	54.7
ER2061620_V6484	cluster0	100.000	29	0	0	5	33	69	97	7.14e-13	54.7
ER2061620_V610444	cluster0	100.000	29	0	0	3	31	69	97	6.57e-13	54.7
ER2061620_V62624	cluster0	100.000	29	0	0	1	29	69	97	5.99e-13	54.7
ER2061620_V65636	cluster0	100.000	29	0	0	1	29	69	97	5.99e-13	54.7
ER2061620_V6476	cluster0	100.000	28	0	0	1	28	70	97	2.05e-12	52.8
ER2061620_V67684	cluster0	92.500	40	0	1	1	37	97	58	8.28e-13	54.7
ER2061620_V68948	cluster3	95.652	46	2	0	7	52	98	53	1.39e-18	75.0
ER2061620_V67620	cluster0	92.500	40	0	1	1	37	58	97	8.28e-13	54.7
ER2061620_V612116	cluster0	100.000	29	0	0	8	36	69	97	7.99e-13	54.7
ER2061620_V611332	cluster0	100.000	29	0	0	8	36	69	97	7.99e-13	54.7
ER2061620_V65648	cluster0	100.000	29	0	0	8	36	69	97	7.99e-13	54.7
ER2061620_V65796	cluster0	100.000	29	0	0	8	36	69	97	7.99e-13	54.7
ER2061620_V61616	cluster2	100.000	36	0	0	1	36	65	100	1.03e-16	67.6
ER2061620_V611428	cluster0	100.000	29	0	0	8	36	69	97	7.99e-13	54.7
ER2061620_V66772	cluster0	100.000	29	0	0	8	36	69	97	7.99e-13	54.7
ER2061620_V61656	cluster2	100.000	35	0	0	1	35	66	100	3.56e-16	65.8
ER2061620_V6640	cluster0	100.000	29	0	0	7	35	69	97	7.71e-13	54.7
ER2061620_V62664	cluster0	100.000	29	0	0	7	35	69	97	7.71e-13	54.7
ER2061620_V611316	cluster0	100.000	29	0	0	7	35	69	97	7.71e-13	54.7
ER2061620_V6880	cluster0	100.000	29	0	0	6	34	69	97	7.42e-13	54.7
ER2061620_V69296	cluster0	100.000	29	0	0	6	34	69	97	7.42e-13	54.7
ER2061620_V66972	cluster0	100.000	29	0	0	1	29	97	69	7.42e-13	54.7
ER2061620_V610580	cluster0	100.000	28	0	0	1	28	97	70	2.05e-12	52.8
ER2061620_V63040	cluster0	100.000	28	0	0	1	28	97	70	2.05e-12	52.8
ER2061620_V612460	cluster0	100.000	28	0	0	1	28	97	70	2.05e-12	52.8
ER2061620_V63068	cluster0	100.000	29	0	0	1	29	97	69	5.99e-13	54.7
ER2061620_V66976	cluster0	100.000	29	0	0	1	29	97	69	5.99e-13	54.7
ER2061620_V66816	cluster0	100.000	29	0	0	1	29	97	69	6.28e-13	54.7
ER2061620_V68920	cluster3	100.000	29	0	0	1	29	98	70	5.99e-13	54.7
ER2061620_V68880	cluster3	100.000	33	0	0	1	33	98	66	4.26e-15	62.1
ER2061620_V68856	cluster3	100.000	35	0	0	1	35	98	64	3.56e-16	65.8
ER2061620_V612504	cluster0	100.000	29	0	0	1	29	97	69	7.71e-13	54.7
ER2061620_V68932	cluster3	100.000	33	0	0	1	33	98	66	4.26e-15	62.1
ER2061620_V6708	cluster0	92.500	40	0	1	1	37	97	58	8.28e-13	54.7
ER2061620_V612556	cluster0	100.000	29	0	0	1	29	97	69	7.71e-13	54.7
ER2061620_V6876	cluster0	100.000	29	0	0	1	29	97	69	7.42e-13	54.7
ER2061620_V65904	cluster0	100.000	29	0	0	1	29	97	69	6.57e-13	54.7
ER2061620_V6588	cluster0	100.000	29	0	0	1	29	69	97	1.25e-12	54.7
ER2061620_V610744	cluster0	91.304	46	1	1	1	43	97	52	2.07e-14	60.2
ER2061620_V6776	cluster0	100.000	29	0	0	1	29	97	69	7.14e-13	54.7
ER2061620_V611504	cluster0	100.000	29	0	0	1	29	97	69	7.42e-13	54.7
ER2061620_V64056	cluster0	93.220	59	1	1	15	70	39	97	2.20e-21	84.2
