aERR2061622_V6cut7716	cluster0	100.000	29	0	0	8	36	53	81	6.31e-13	54.7
aERR2061622_V6cut6928	cluster0	100.000	29	0	0	7	35	53	81	6.08e-13	54.7
aERR2061622_V6cut4124	cluster0	100.000	29	0	0	6	34	53	81	5.86e-13	54.7
aERR2061622_V6cut1128	cluster4	100.000	33	0	0	1	33	67	99	3.37e-15	62.1
aERR2061622_V6cut6316	cluster0	100.000	29	0	0	3	31	53	81	5.18e-13	54.7
aERR2061622_V6cut1876	cluster0	100.000	29	0	0	2	30	53	81	4.96e-13	54.7
aERR2061622_V6cut2072	cluster0	100.000	29	0	0	1	29	81	53	4.96e-13	54.7
aERR2061622_V6cut2748	cluster0	100.000	29	0	0	1	29	81	53	5.41e-13	54.7
aERR2061622_V6cut2096	cluster0	92.500	40	0	1	1	37	81	42	6.53e-13	54.7
aERR2061622_V6cut2900	cluster0	92.500	40	0	1	1	37	81	42	6.53e-13	54.7
