ERR20616186592	cluster5	97.778	45	0	1	44	45	1	2.09e-19	44
ERR20616186672	cluster10	100.000	41	0	1	41	1	41	2.01e-19	41
ERR20616186672	cluster4	100.000	41	0	1	41	44	4	2.01e-19	41
ERR20616186672	cluster9	100.000	39	0	3	41	58	20	2.59e-18	41
ERR20616186672	cluster0	100.000	28	0	14	41	66	39	3.38e-12	41
ERR20616181344	cluster10	100.000	46	0	1	46	46	1	3.68e-22	46
ERR20616181344	cluster9	100.000	44	0	1	44	15	58	4.76e-21	46
ERR20616181344	cluster4	100.000	44	0	3	46	1	44	4.76e-21	46
ERR20616181344	cluster0	100.000	33	0	1	33	34	66	6.20e-15	46
ERR20616187152	cluster8	100.000	31	0	30	60	62	32	1.10e-13	60
ERR20616187152	cluster1	100.000	29	0	32	60	32	60	1.43e-12	60
ERR20616186720	cluster8	100.000	30	0	31	60	61	32	3.97e-13	60
ERR20616186720	cluster1	100.000	29	0	32	60	32	60	1.43e-12	60
ERR20616184432	cluster7	100.000	40	0	21	60	60	21	1.10e-18	60
ERR20616189360	cluster7	100.000	37	0	24	60	60	24	5.10e-17	60
ERR20616184448	cluster7	100.000	52	0	9	60	60	9	2.34e-25	60
ERR20616189232	cluster10	100.000	36	0	25	60	1	36	1.84e-16	60
ERR20616189232	cluster4	100.000	36	0	25	60	44	9	1.84e-16	60
ERR20616189232	cluster9	100.000	34	0	27	60	58	25	2.37e-15	60
ERR20616182992	cluster7	100.000	42	0	1	42	42	1	5.49e-20	42
ERR20616183120	cluster7	100.000	45	0	1	45	45	1	1.29e-21	45
ERR20616184352	cluster7	100.000	46	0	1	46	1	46	3.68e-22	46
ERR20616183016	cluster7	100.000	46	0	1	46	1	46	3.68e-22	46
ERR20616183096	cluster7	100.000	43	0	1	43	1	43	1.62e-20	44
ERR20616187496	cluster10	100.000	45	0	1	45	1	45	1.29e-21	45
ERR20616187496	cluster4	100.000	44	0	1	44	44	1	4.63e-21	45
ERR20616187496	cluster9	100.000	43	0	3	45	58	16	1.66e-20	45
ERR20616187496	cluster0	100.000	32	0	14	45	66	35	2.17e-14	45
ERR20616185064	cluster10	100.000	47	0	1	47	47	1	1.05e-22	47
ERR20616185064	cluster9	100.000	45	0	1	45	14	58	1.36e-21	47
ERR20616185064	cluster4	100.000	44	0	4	47	1	44	4.89e-21	47
ERR20616185064	cluster0	100.000	34	0	1	34	33	66	1.77e-15	47
ERR20616186016	cluster10	100.000	47	0	1	47	47	1	1.05e-22	47
ERR20616186016	cluster9	100.000	45	0	1	45	14	58	1.36e-21	47
ERR20616186016	cluster4	100.000	44	0	4	47	1	44	4.89e-21	47
ERR20616186016	cluster0	100.000	34	0	1	34	33	66	1.77e-15	47
ERR2061618504	cluster10	100.000	47	0	1	47	47	1	1.05e-22	47
ERR2061618504	cluster9	100.000	45	0	1	45	14	58	1.36e-21	47
ERR2061618504	cluster4	100.000	44	0	4	47	1	44	4.89e-21	47
ERR2061618504	cluster0	100.000	34	0	1	34	33	66	1.77e-15	47
ERR2061618104	cluster3	95.238	42	0	3	42	9	50	4.53e-16	44
ERR20616185160	cluster10	100.000	44	0	1	44	44	1	6.56e-21	60
ERR20616185160	cluster4	100.000	44	0	1	44	1	44	6.56e-21	60
ERR20616185160	cluster9	100.000	42	0	1	42	17	58	8.48e-20	60
ERR20616185160	cluster0	100.000	31	0	1	31	36	66	1.10e-13	60
ERR20616186280	cluster12	100.000	31	0	30	60	62	32	1.10e-13	60
ERR20616188760	cluster10	100.000	43	0	1	43	1	43	1.57e-20	43
ERR20616188760	cluster4	100.000	43	0	1	43	44	2	1.57e-20	43
ERR20616188760	cluster9	100.000	41	0	3	43	58	18	2.03e-19	43
ERR20616188760	cluster0	100.000	30	0	14	43	66	37	2.65e-13	43
