ERR20616174616	Chr8	97.619	42	1	1	42	929	970	9.05e-14	42
ERR20616174616	Chr8	97.619	42	1	1	42	6067	6108	9.05e-14	42
ERR20616174616	Chr8	97.619	42	1	1	42	11236	11277	9.05e-14	42
ERR20616174616	Chr8	97.619	42	1	1	42	16266	16307	9.05e-14	42
ERR20616174616	Chr8	97.619	42	1	1	42	1842901	1842860	9.05e-14	42
ERR20616174616	Chr8	97.619	42	1	1	42	1848039	1847998	9.05e-14	42
ERR20616174616	Chr8	97.619	42	1	1	42	1853105	1853064	9.05e-14	42
ERR20616174616	Chr8	97.619	42	1	1	42	1858128	1858087	9.05e-14	42
ERR20616174616	Chr8	97.619	42	1	1	42	1863271	1863230	9.05e-14	42
ERR20616174616	Chr8	97.619	42	1	1	42	1868412	1868371	9.05e-14	42
ERR20616174616	Chr8	97.619	42	1	1	42	1873544	1873503	9.05e-14	42
ERR20616174616	Chr8	97.619	42	1	1	42	1878664	1878623	9.05e-14	42
ERR20616174616	Chr8	97.619	42	1	1	42	1883800	1883759	9.05e-14	42
ERR20616174616	Chr8	97.619	42	1	1	42	1888796	1888755	9.05e-14	42
ERR20616174616	Chr8	97.619	42	1	1	42	1893891	1893850	9.05e-14	42
ERR20616174616	Chr8	97.619	42	1	1	42	1898892	1898851	9.05e-14	42
ERR20616174616	Chr7	97.619	42	1	1	42	4359	4400	9.05e-14	42
ERR20616174616	Chr7	97.619	42	1	1	42	9390	9431	9.05e-14	42
ERR20616174616	Chr7	97.619	42	1	1	42	11835	11876	9.05e-14	42
ERR20616174616	Chr7	97.619	42	1	1	42	4037206	4037165	9.05e-14	42
ERR20616174616	Chr7	97.619	42	1	1	42	4042232	4042191	9.05e-14	42
ERR20616174616	Chr7	97.619	42	1	1	42	4044666	4044625	9.05e-14	42
ERR20616174616	Chr7	97.619	42	1	1	42	4049694	4049653	9.05e-14	42
ERR20616174616	Chr7	97.619	42	1	1	42	4054856	4054815	9.05e-14	42
ERR20616174616	Chr7	97.619	42	1	1	42	4059885	4059844	9.05e-14	42
ERR20616174616	Chr7	97.619	42	1	1	42	4064921	4064880	9.05e-14	42
ERR20616174616	Chr7	97.619	42	1	1	42	4070032	4069991	9.05e-14	42
ERR20616174616	Chr7	97.619	42	1	1	42	4075029	4074988	9.05e-14	42
ERR20616174616	Chr6	97.619	42	1	1	42	4555	4596	9.05e-14	42
ERR20616174616	Chr6	97.619	42	1	1	42	9602	9643	9.05e-14	42
ERR20616174616	Chr6	97.619	42	1	1	42	14621	14662	9.05e-14	42
ERR20616174616	Chr6	97.619	42	1	1	42	19660	19701	9.05e-14	42
ERR20616174616	Chr6	97.619	42	1	1	42	24682	24723	9.05e-14	42
ERR20616174616	Chr6	97.619	42	1	1	42	6103579	6103538	9.05e-14	42
ERR20616174616	Chr6	97.619	42	1	1	42	6108694	6108653	9.05e-14	42
ERR20616174616	Chr6	97.619	42	1	1	42	6113738	6113697	9.05e-14	42
ERR20616174616	Chr6	97.619	42	1	1	42	6118781	6118740	9.05e-14	42
ERR20616174616	Chr6	97.619	42	1	1	42	6123943	6123902	9.05e-14	42
ERR20616174616	Chr6	97.619	42	1	1	42	6128983	6128942	9.05e-14	42
ERR20616174616	Chr5	97.619	42	1	1	42	4308	4349	9.05e-14	42
ERR20616174616	Chr5	97.619	42	1	1	42	4435587	4435546	9.05e-14	42
ERR20616174616	Chr5	97.619	42	1	1	42	4440614	4440573	9.05e-14	42
ERR20616174616	Chr5	97.619	42	1	1	42	4445656	4445615	9.05e-14	42
ERR20616174616	Chr5	97.619	42	1	1	42	4450709	4450668	9.05e-14	42
ERR20616174616	Chr5	97.619	42	1	1	42	4455753	4455712	9.05e-14	42
ERR20616174616	Chr4	97.619	42	1	1	42	4389	4430	9.05e-14	42
ERR20616174616	Chr4	97.619	42	1	1	42	9417	9458	9.05e-14	42
ERR20616174616	Chr4	97.619	42	1	1	42	14455	14496	9.05e-14	42
ERR20616174616	Chr4	97.619	42	1	1	42	5394523	5394482	9.05e-14	42
ERR20616174616	Chr4	97.619	42	1	1	42	5399570	5399529	9.05e-14	42
ERR20616174616	Chr4	97.619	42	1	1	42	5404607	5404566	9.05e-14	42
ERR20616174616	Chr4	97.619	42	1	1	42	5408821	5408780	9.05e-14	42
ERR20616174616	Chr3	97.619	42	1	1	42	3926	3967	9.05e-14	42
ERR20616174616	Chr3	97.619	42	1	1	42	8917	8958	9.05e-14	42
ERR20616174616	Chr3	97.619	42	1	1	42	13903	13944	9.05e-14	42
ERR20616174616	Chr3	97.619	42	1	1	42	8223326	8223285	9.05e-14	42
ERR20616174616	Chr3	97.619	42	1	1	42	8228340	8228299	9.05e-14	42
ERR20616174616	Chr3	97.619	42	1	1	42	8233375	8233334	9.05e-14	42
ERR20616174616	Chr2	97.619	42	1	1	42	4504	4545	9.05e-14	42
ERR20616174616	Chr2	97.619	42	1	1	42	9589	9630	9.05e-14	42
ERR20616174616	Chr2	97.619	42	1	1	42	14614	14655	9.05e-14	42
ERR20616174616	Chr2	97.619	42	1	1	42	7911066	7911025	9.05e-14	42
ERR20616174616	Chr1	97.619	42	1	1	42	6663827	6663786	9.05e-14	42
ERR20616176976	Chr8	100.000	60	0	1	60	1990	1931	3.56e-25	60
ERR20616176976	Chr8	100.000	60	0	1	60	12192	12133	3.56e-25	60
ERR20616176976	Chr8	100.000	60	0	1	60	1846984	1847043	3.56e-25	60
ERR20616176976	Chr8	100.000	60	0	1	60	1852116	1852175	3.56e-25	60
ERR20616176976	Chr8	100.000	60	0	1	60	1867343	1867402	3.56e-25	60
ERR20616176976	Chr8	98.361	61	0	1	60	7157	7097	1.66e-23	60
ERR20616176976	Chr8	96.721	61	0	1	60	1857185	1857244	7.71e-22	60
ERR20616176976	Chr8	96.721	61	0	1	60	1862202	1862261	7.71e-22	60
ERR20616176976	Chr8	96.667	60	0	1	60	1872479	1872536	2.77e-21	60
ERR20616176976	Chr8	96.667	60	0	1	60	1877602	1877659	2.77e-21	60
ERR20616176976	Chr8	96.667	60	0	1	60	1882735	1882792	2.77e-21	60
ERR20616176976	Chr8	96.667	60	0	1	60	1887857	1887914	2.77e-21	60
ERR20616176976	Chr8	98.246	57	0	1	57	1897927	1897982	2.77e-21	60
ERR20616176976	Chr8	98.214	56	0	2	57	1892830	1892884	9.97e-21	60
ERR20616176976	Chr8	96.491	57	0	1	57	1902951	1903005	1.29e-19	60
ERR20616176976	Chr7	100.000	60	0	1	60	5310	5251	3.56e-25	60
ERR20616176976	Chr7	100.000	60	0	1	60	4041278	4041337	3.56e-25	60
ERR20616176976	Chr7	100.000	60	0	1	60	4053776	4053835	3.56e-25	60
ERR20616176976	Chr7	98.361	61	0	1	60	287	227	1.66e-23	60
ERR20616176976	Chr7	98.361	61	0	1	60	4048740	4048800	1.66e-23	60
ERR20616176976	Chr7	98.361	61	0	1	60	4058931	4058991	1.66e-23	60
ERR20616176976	Chr7	98.333	60	0	2	60	4063962	4064021	5.96e-23	60
ERR20616176976	Chr7	98.333	60	0	1	60	4079069	4079127	5.96e-23	60
ERR20616176976	Chr7	98.305	59	0	2	60	4074078	4074135	2.14e-22	60
ERR20616176976	Chr7	96.610	59	0	2	60	4068973	4069029	9.97e-21	60
ERR20616176976	Chr6	100.000	60	0	1	60	5515	5456	3.56e-25	60
ERR20616176976	Chr6	100.000	60	0	1	60	10546	10487	3.56e-25	60
ERR20616176976	Chr6	100.000	60	0	1	60	15584	15525	3.56e-25	60
ERR20616176976	Chr6	100.000	60	0	1	60	6107658	6107717	3.56e-25	60
ERR20616176976	Chr6	100.000	60	0	1	60	6112771	6112830	3.56e-25	60
ERR20616176976	Chr6	100.000	60	0	1	60	6117816	6117875	3.56e-25	60
ERR20616176976	Chr6	100.000	59	0	2	60	6122861	6122919	1.28e-24	60
ERR20616176976	Chr6	98.361	61	0	1	60	20608	20548	1.66e-23	60
ERR20616176976	Chr6	98.361	61	0	1	60	6128022	6128082	1.66e-23	60
ERR20616176976	Chr6	98.333	60	0	2	60	478	419	5.96e-23	60
ERR20616176976	Chr6	98.333	60	0	2	60	6133061	6133120	5.96e-23	60
ERR20616176976	Chr5	100.000	60	0	1	60	314	255	3.56e-25	60
ERR20616176976	Chr5	100.000	60	0	1	60	4439664	4439723	3.56e-25	60
ERR20616176976	Chr5	98.361	61	0	1	60	4444702	4444762	1.66e-23	60
ERR20616176976	Chr5	98.361	61	0	1	60	4449742	4449802	1.66e-23	60
ERR20616176976	Chr5	98.361	61	0	1	60	4454786	4454846	1.66e-23	60
ERR20616176976	Chr5	98.361	61	0	1	60	4459834	4459894	1.66e-23	60
ERR20616176976	Chr4	100.000	60	0	1	60	10368	10309	3.56e-25	60
ERR20616176976	Chr4	100.000	60	0	1	60	5398600	5398659	3.56e-25	60
ERR20616176976	Chr4	98.361	61	0	1	60	316	256	1.66e-23	60
ERR20616176976	Chr4	98.361	61	0	1	60	5339	5279	1.66e-23	60
ERR20616176976	Chr4	98.361	61	0	1	60	5403651	5403711	1.66e-23	60
ERR20616176976	Chr4	98.361	61	0	1	60	5412902	5412962	1.66e-23	60
ERR20616176976	Chr3	100.000	60	0	1	60	4848	4789	3.56e-25	60
ERR20616176976	Chr3	100.000	60	0	1	60	9836	9777	3.56e-25	60
ERR20616176976	Chr3	100.000	60	0	1	60	8227410	8227469	3.56e-25	60
ERR20616176976	Chr3	100.000	60	0	1	60	8237456	8237515	3.56e-25	60
ERR20616176976	Chr3	98.361	61	0	1	60	8232419	8232479	1.66e-23	60
ERR20616176976	Chr2	100.000	60	0	1	60	5510	5451	3.56e-25	60
ERR20616176976	Chr2	98.361	61	0	1	60	10537	10477	1.66e-23	60
ERR20616176976	Chr2	98.361	61	0	1	60	7915145	7915205	1.66e-23	60
ERR20616176976	Chr2	96.610	59	0	2	60	468	412	9.97e-21	60
ERR20616176976	Chr1	100.000	60	0	1	60	6667903	6667962	3.56e-25	60
ERR20616171072	Chr8	100.000	60	0	1	60	1993	1934	3.56e-25	60
ERR20616171072	Chr8	100.000	60	0	1	60	12195	12136	3.56e-25	60
ERR20616171072	Chr8	100.000	60	0	1	60	1846981	1847040	3.56e-25	60
ERR20616171072	Chr8	100.000	60	0	1	60	1852113	1852172	3.56e-25	60
ERR20616171072	Chr8	100.000	60	0	1	60	1867340	1867399	3.56e-25	60
ERR20616171072	Chr8	98.361	61	0	1	60	7160	7100	1.66e-23	60
ERR20616171072	Chr8	98.333	60	0	1	60	1897924	1897982	5.96e-23	60
ERR20616171072	Chr8	96.721	61	0	1	60	1857182	1857241	7.71e-22	60
ERR20616171072	Chr8	96.721	61	0	1	60	1862199	1862258	7.71e-22	60
ERR20616171072	Chr8	96.667	60	0	1	60	1872476	1872533	2.77e-21	60
ERR20616171072	Chr8	96.667	60	0	1	60	1877599	1877656	2.77e-21	60
ERR20616171072	Chr8	96.667	60	0	1	60	1882732	1882789	2.77e-21	60
ERR20616171072	Chr8	96.667	60	0	1	60	1887854	1887911	2.77e-21	60
ERR20616171072	Chr8	96.667	60	0	1	60	1892827	1892884	2.77e-21	60
ERR20616171072	Chr8	96.667	60	0	1	60	1902948	1903005	2.77e-21	60
ERR20616171072	Chr7	100.000	60	0	1	60	5313	5254	3.56e-25	60
ERR20616171072	Chr7	100.000	60	0	1	60	4041275	4041334	3.56e-25	60
ERR20616171072	Chr7	100.000	60	0	1	60	4053773	4053832	3.56e-25	60
ERR20616171072	Chr7	98.361	61	0	1	60	290	230	1.66e-23	60
ERR20616171072	Chr7	98.361	61	0	1	60	4048737	4048797	1.66e-23	60
ERR20616171072	Chr7	98.361	61	0	1	60	4058928	4058988	1.66e-23	60
ERR20616171072	Chr7	98.333	60	0	1	60	4079066	4079124	5.96e-23	60
ERR20616171072	Chr7	96.721	61	0	1	60	4063959	4064018	7.71e-22	60
ERR20616171072	Chr7	96.667	60	0	1	60	4074075	4074132	2.77e-21	60
ERR20616171072	Chr7	95.000	60	0	1	60	4068970	4069026	4.64e-19	60
ERR20616171072	Chr6	100.000	60	0	1	60	5518	5459	3.56e-25	60
ERR20616171072	Chr6	100.000	60	0	1	60	10549	10490	3.56e-25	60
ERR20616171072	Chr6	100.000	60	0	1	60	15587	15528	3.56e-25	60
ERR20616171072	Chr6	100.000	60	0	1	60	6107655	6107714	3.56e-25	60
ERR20616171072	Chr6	100.000	60	0	1	60	6112768	6112827	3.56e-25	60
ERR20616171072	Chr6	100.000	60	0	1	60	6117813	6117872	3.56e-25	60
ERR20616171072	Chr6	98.361	61	0	1	60	20611	20551	1.66e-23	60
ERR20616171072	Chr6	98.361	61	0	1	60	6128019	6128079	1.66e-23	60
ERR20616171072	Chr6	98.333	60	0	1	60	6122858	6122916	5.96e-23	60
ERR20616171072	Chr6	96.721	61	0	1	60	481	422	7.71e-22	60
ERR20616171072	Chr6	96.721	61	0	1	60	6133058	6133117	7.71e-22	60
ERR20616171072	Chr5	100.000	60	0	1	60	317	258	3.56e-25	60
ERR20616171072	Chr5	100.000	60	0	1	60	4439661	4439720	3.56e-25	60
ERR20616171072	Chr5	98.361	61	0	1	60	4444699	4444759	1.66e-23	60
ERR20616171072	Chr5	98.361	61	0	1	60	4449739	4449799	1.66e-23	60
ERR20616171072	Chr5	98.361	61	0	1	60	4454783	4454843	1.66e-23	60
ERR20616171072	Chr5	98.361	61	0	1	60	4459831	4459891	1.66e-23	60
ERR20616171072	Chr4	100.000	60	0	1	60	10371	10312	3.56e-25	60
ERR20616171072	Chr4	100.000	60	0	1	60	5398597	5398656	3.56e-25	60
ERR20616171072	Chr4	98.361	61	0	1	60	319	259	1.66e-23	60
ERR20616171072	Chr4	98.361	61	0	1	60	5342	5282	1.66e-23	60
ERR20616171072	Chr4	98.361	61	0	1	60	5403648	5403708	1.66e-23	60
ERR20616171072	Chr4	98.361	61	0	1	60	5412899	5412959	1.66e-23	60
ERR20616171072	Chr3	100.000	60	0	1	60	4851	4792	3.56e-25	60
ERR20616171072	Chr3	100.000	60	0	1	60	9839	9780	3.56e-25	60
ERR20616171072	Chr3	100.000	60	0	1	60	8227407	8227466	3.56e-25	60
ERR20616171072	Chr3	100.000	60	0	1	60	8237453	8237512	3.56e-25	60
ERR20616171072	Chr3	98.361	61	0	1	60	8232416	8232476	1.66e-23	60
ERR20616171072	Chr2	100.000	60	0	1	60	5513	5454	3.56e-25	60
ERR20616171072	Chr2	98.361	61	0	1	60	10540	10480	1.66e-23	60
ERR20616171072	Chr2	98.361	61	0	1	60	7915142	7915202	1.66e-23	60
ERR20616171072	Chr2	95.000	60	0	1	60	471	415	4.64e-19	60
ERR20616171072	Chr1	100.000	60	0	1	60	6667900	6667959	3.56e-25	60
ERR20616175104	Chr8	100.000	60	0	1	60	1986	1927	3.56e-25	60
ERR20616175104	Chr8	100.000	60	0	1	60	12188	12129	3.56e-25	60
ERR20616175104	Chr8	100.000	60	0	1	60	1846988	1847047	3.56e-25	60
ERR20616175104	Chr8	100.000	60	0	1	60	1852120	1852179	3.56e-25	60
ERR20616175104	Chr8	100.000	60	0	1	60	1867347	1867406	3.56e-25	60
ERR20616175104	Chr8	98.361	61	0	1	60	7153	7093	1.66e-23	60
ERR20616175104	Chr8	96.721	61	0	1	60	1857189	1857248	7.71e-22	60
ERR20616175104	Chr8	96.721	61	0	1	60	1862206	1862265	7.71e-22	60
ERR20616175104	Chr8	96.667	60	0	1	60	1892833	1892890	2.77e-21	60
ERR20616175104	Chr8	96.667	60	0	1	60	1897931	1897988	2.77e-21	60
ERR20616175104	Chr8	95.000	60	0	1	60	1902955	1903011	4.64e-19	60
ERR20616175104	Chr7	100.000	60	0	1	60	5306	5247	3.56e-25	60
ERR20616175104	Chr7	100.000	60	0	1	60	4041282	4041341	3.56e-25	60
ERR20616175104	Chr7	100.000	60	0	1	60	4053780	4053839	3.56e-25	60
ERR20616175104	Chr7	98.361	61	0	1	60	283	223	1.66e-23	60
ERR20616175104	Chr7	98.361	61	0	1	60	4048744	4048804	1.66e-23	60
ERR20616175104	Chr7	98.361	61	0	1	60	4058935	4058995	1.66e-23	60
ERR20616175104	Chr7	98.361	61	0	1	60	4063965	4064025	1.66e-23	60
ERR20616175104	Chr7	98.333	60	0	1	60	4074081	4074139	5.96e-23	60
ERR20616175104	Chr7	98.333	60	0	1	60	4079073	4079131	5.96e-23	60
ERR20616175104	Chr7	96.667	60	0	1	60	4068976	4069033	2.77e-21	60
ERR20616175104	Chr6	100.000	60	0	1	60	5511	5452	3.56e-25	60
ERR20616175104	Chr6	100.000	60	0	1	60	10542	10483	3.56e-25	60
ERR20616175104	Chr6	100.000	60	0	1	60	15580	15521	3.56e-25	60
ERR20616175104	Chr6	100.000	60	0	1	60	6107662	6107721	3.56e-25	60
ERR20616175104	Chr6	100.000	60	0	1	60	6112775	6112834	3.56e-25	60
ERR20616175104	Chr6	100.000	60	0	1	60	6117820	6117879	3.56e-25	60
ERR20616175104	Chr6	100.000	60	0	1	60	6122864	6122923	3.56e-25	60
ERR20616175104	Chr6	98.361	61	0	1	60	475	415	1.66e-23	60
ERR20616175104	Chr6	98.361	61	0	1	60	20604	20544	1.66e-23	60
ERR20616175104	Chr6	98.361	61	0	1	60	6128026	6128086	1.66e-23	60
ERR20616175104	Chr6	98.361	61	0	1	60	6133064	6133124	1.66e-23	60
ERR20616175104	Chr5	100.000	60	0	1	60	310	251	3.56e-25	60
ERR20616175104	Chr5	100.000	60	0	1	60	4439668	4439727	3.56e-25	60
ERR20616175104	Chr5	98.361	61	0	1	60	4444706	4444766	1.66e-23	60
ERR20616175104	Chr5	98.361	61	0	1	60	4449746	4449806	1.66e-23	60
ERR20616175104	Chr5	98.361	61	0	1	60	4454790	4454850	1.66e-23	60
ERR20616175104	Chr5	98.361	61	0	1	60	4459838	4459898	1.66e-23	60
ERR20616175104	Chr4	100.000	60	0	1	60	10364	10305	3.56e-25	60
ERR20616175104	Chr4	100.000	60	0	1	60	5398604	5398663	3.56e-25	60
ERR20616175104	Chr4	98.361	61	0	1	60	312	252	1.66e-23	60
ERR20616175104	Chr4	98.361	61	0	1	60	5335	5275	1.66e-23	60
ERR20616175104	Chr4	98.361	61	0	1	60	5403655	5403715	1.66e-23	60
ERR20616175104	Chr4	98.361	61	0	1	60	5412906	5412966	1.66e-23	60
ERR20616175104	Chr3	100.000	60	0	1	60	4844	4785	3.56e-25	60
ERR20616175104	Chr3	100.000	60	0	1	60	9832	9773	3.56e-25	60
ERR20616175104	Chr3	100.000	60	0	1	60	8227414	8227473	3.56e-25	60
ERR20616175104	Chr3	100.000	60	0	1	60	8237460	8237519	3.56e-25	60
ERR20616175104	Chr3	98.361	61	0	1	60	8232423	8232483	1.66e-23	60
ERR20616175104	Chr2	100.000	60	0	1	60	5506	5447	3.56e-25	60
ERR20616175104	Chr2	98.361	61	0	1	60	10533	10473	1.66e-23	60
ERR20616175104	Chr2	98.361	61	0	1	60	7915149	7915209	1.66e-23	60
ERR20616175104	Chr2	96.667	60	0	1	60	465	408	2.77e-21	60
ERR20616175104	Chr1	100.000	60	0	1	60	6667907	6667966	3.56e-25	60
ERR20616174296	Chr8	100.000	60	0	1	60	1980	1921	3.56e-25	60
ERR20616174296	Chr8	100.000	60	0	1	60	12182	12123	3.56e-25	60
ERR20616174296	Chr8	100.000	60	0	1	60	1846994	1847053	3.56e-25	60
ERR20616174296	Chr8	100.000	60	0	1	60	1852126	1852185	3.56e-25	60
ERR20616174296	Chr8	100.000	60	0	1	60	1867353	1867412	3.56e-25	60
ERR20616174296	Chr8	98.361	61	0	1	60	7147	7087	1.66e-23	60
ERR20616174296	Chr8	96.667	60	0	1	60	1892839	1892896	2.77e-21	60
ERR20616174296	Chr8	96.667	60	0	1	60	1897937	1897994	2.77e-21	60
ERR20616174296	Chr8	95.000	60	0	1	60	1902961	1903017	4.64e-19	60
ERR20616174296	Chr7	100.000	60	0	1	60	5300	5241	3.56e-25	60
ERR20616174296	Chr7	100.000	60	0	1	60	4041288	4041347	3.56e-25	60
ERR20616174296	Chr7	100.000	60	0	1	60	4053786	4053845	3.56e-25	60
ERR20616174296	Chr7	98.361	61	0	1	60	277	217	1.66e-23	60
ERR20616174296	Chr7	98.361	61	0	1	60	4048750	4048810	1.66e-23	60
ERR20616174296	Chr7	98.361	61	0	1	60	4058941	4059001	1.66e-23	60
ERR20616174296	Chr7	98.361	61	0	1	60	4063971	4064031	1.66e-23	60
ERR20616174296	Chr7	98.333	60	0	1	60	4074087	4074145	5.96e-23	60
ERR20616174296	Chr7	98.333	60	0	1	60	4079079	4079137	5.96e-23	60
ERR20616174296	Chr7	96.667	60	0	1	60	4068982	4069039	2.77e-21	60
ERR20616174296	Chr6	100.000	60	0	1	60	5505	5446	3.56e-25	60
ERR20616174296	Chr6	100.000	60	0	1	60	10536	10477	3.56e-25	60
ERR20616174296	Chr6	100.000	60	0	1	60	15574	15515	3.56e-25	60
ERR20616174296	Chr6	100.000	60	0	1	60	6107668	6107727	3.56e-25	60
ERR20616174296	Chr6	100.000	60	0	1	60	6112781	6112840	3.56e-25	60
ERR20616174296	Chr6	100.000	60	0	1	60	6117826	6117885	3.56e-25	60
ERR20616174296	Chr6	100.000	60	0	1	60	6122870	6122929	3.56e-25	60
ERR20616174296	Chr6	98.361	61	0	1	60	469	409	1.66e-23	60
ERR20616174296	Chr6	98.361	61	0	1	60	20598	20538	1.66e-23	60
ERR20616174296	Chr6	98.361	61	0	1	60	6128032	6128092	1.66e-23	60
ERR20616174296	Chr6	98.361	61	0	1	60	6133070	6133130	1.66e-23	60
ERR20616174296	Chr5	100.000	60	0	1	60	304	245	3.56e-25	60
ERR20616174296	Chr5	100.000	60	0	1	60	4439674	4439733	3.56e-25	60
ERR20616174296	Chr5	98.361	61	0	1	60	4444712	4444772	1.66e-23	60
ERR20616174296	Chr5	98.361	61	0	1	60	4449752	4449812	1.66e-23	60
ERR20616174296	Chr5	98.361	61	0	1	60	4454796	4454856	1.66e-23	60
ERR20616174296	Chr5	98.361	61	0	1	60	4459844	4459904	1.66e-23	60
ERR20616174296	Chr4	100.000	60	0	1	60	10358	10299	3.56e-25	60
ERR20616174296	Chr4	100.000	60	0	1	60	5398610	5398669	3.56e-25	60
ERR20616174296	Chr4	98.361	61	0	1	60	306	246	1.66e-23	60
ERR20616174296	Chr4	98.361	61	0	1	60	5329	5269	1.66e-23	60
ERR20616174296	Chr4	98.361	61	0	1	60	5403661	5403721	1.66e-23	60
ERR20616174296	Chr4	98.361	61	0	1	60	5412912	5412972	1.66e-23	60
ERR20616174296	Chr3	100.000	60	0	1	60	4838	4779	3.56e-25	60
ERR20616174296	Chr3	100.000	60	0	1	60	9826	9767	3.56e-25	60
ERR20616174296	Chr3	100.000	60	0	1	60	8227420	8227479	3.56e-25	60
ERR20616174296	Chr3	100.000	60	0	1	60	8237466	8237525	3.56e-25	60
ERR20616174296	Chr3	98.361	61	0	1	60	8232429	8232489	1.66e-23	60
ERR20616174296	Chr2	100.000	60	0	1	60	5500	5441	3.56e-25	60
ERR20616174296	Chr2	98.361	61	0	1	60	10527	10467	1.66e-23	60
ERR20616174296	Chr2	98.361	61	0	1	60	7915155	7915215	1.66e-23	60
ERR20616174296	Chr2	96.667	60	0	1	60	459	402	2.77e-21	60
ERR20616174296	Chr1	100.000	60	0	1	60	6667913	6667972	3.56e-25	60
ERR20616172144	Chr8	100.000	47	0	1	47	793	839	4.00e-18	47
ERR20616172144	Chr8	100.000	47	0	1	47	5931	5977	4.00e-18	47
ERR20616172144	Chr8	100.000	47	0	1	47	11100	11146	4.00e-18	47
ERR20616172144	Chr8	100.000	47	0	1	47	16130	16176	4.00e-18	47
ERR20616172144	Chr8	100.000	47	0	1	47	1843037	1842991	4.00e-18	47
ERR20616172144	Chr8	100.000	47	0	1	47	1848175	1848129	4.00e-18	47
ERR20616172144	Chr8	100.000	47	0	1	47	1853241	1853195	4.00e-18	47
ERR20616172144	Chr8	100.000	47	0	1	47	1858264	1858218	4.00e-18	47
ERR20616172144	Chr8	100.000	47	0	1	47	1863407	1863361	4.00e-18	47
ERR20616172144	Chr8	100.000	47	0	1	47	1868548	1868502	4.00e-18	47
ERR20616172144	Chr8	100.000	47	0	1	47	1873680	1873634	4.00e-18	47
ERR20616172144	Chr8	100.000	47	0	1	47	1878800	1878754	4.00e-18	47
ERR20616172144	Chr8	100.000	47	0	1	47	1883936	1883890	4.00e-18	47
ERR20616172144	Chr8	100.000	47	0	1	47	1888932	1888886	4.00e-18	47
ERR20616172144	Chr8	100.000	47	0	1	47	1894027	1893981	4.00e-18	47
ERR20616172144	Chr8	100.000	47	0	1	47	1899028	1898982	4.00e-18	47
ERR20616172144	Chr7	100.000	47	0	1	47	4223	4269	4.00e-18	47
ERR20616172144	Chr7	100.000	47	0	1	47	9254	9300	4.00e-18	47
ERR20616172144	Chr7	100.000	47	0	1	47	11699	11745	4.00e-18	47
ERR20616172144	Chr7	100.000	47	0	1	47	4037342	4037296	4.00e-18	47
ERR20616172144	Chr7	100.000	47	0	1	47	4042368	4042322	4.00e-18	47
ERR20616172144	Chr7	100.000	47	0	1	47	4044802	4044756	4.00e-18	47
ERR20616172144	Chr7	100.000	47	0	1	47	4049830	4049784	4.00e-18	47
ERR20616172144	Chr7	100.000	47	0	1	47	4054992	4054946	4.00e-18	47
ERR20616172144	Chr7	100.000	47	0	1	47	4060021	4059975	4.00e-18	47
ERR20616172144	Chr7	100.000	47	0	1	47	4065056	4065010	4.00e-18	47
ERR20616172144	Chr7	100.000	47	0	1	47	4070167	4070121	4.00e-18	47
ERR20616172144	Chr7	100.000	47	0	1	47	4075158	4075112	4.00e-18	47
ERR20616172144	Chr6	100.000	47	0	1	47	4419	4465	4.00e-18	47
ERR20616172144	Chr6	100.000	47	0	1	47	9466	9512	4.00e-18	47
ERR20616172144	Chr6	100.000	47	0	1	47	14485	14531	4.00e-18	47
ERR20616172144	Chr6	100.000	47	0	1	47	19524	19570	4.00e-18	47
ERR20616172144	Chr6	100.000	47	0	1	47	24546	24592	4.00e-18	47
ERR20616172144	Chr6	100.000	47	0	1	47	6103715	6103669	4.00e-18	47
ERR20616172144	Chr6	100.000	47	0	1	47	6108830	6108784	4.00e-18	47
ERR20616172144	Chr6	100.000	47	0	1	47	6113874	6113828	4.00e-18	47
ERR20616172144	Chr6	100.000	47	0	1	47	6118917	6118871	4.00e-18	47
ERR20616172144	Chr6	100.000	47	0	1	47	6124079	6124033	4.00e-18	47
ERR20616172144	Chr6	100.000	47	0	1	47	6129119	6129073	4.00e-18	47
ERR20616172144	Chr5	100.000	47	0	1	47	4172	4218	4.00e-18	47
ERR20616172144	Chr5	100.000	47	0	1	47	4435723	4435677	4.00e-18	47
ERR20616172144	Chr5	100.000	47	0	1	47	4440750	4440704	4.00e-18	47
ERR20616172144	Chr5	100.000	47	0	1	47	4445792	4445746	4.00e-18	47
ERR20616172144	Chr5	100.000	47	0	1	47	4450845	4450799	4.00e-18	47
ERR20616172144	Chr5	100.000	47	0	1	47	4455889	4455843	4.00e-18	47
ERR20616172144	Chr4	100.000	47	0	1	47	4253	4299	4.00e-18	47
ERR20616172144	Chr4	100.000	47	0	1	47	9281	9327	4.00e-18	47
ERR20616172144	Chr4	100.000	47	0	1	47	14319	14365	4.00e-18	47
ERR20616172144	Chr4	100.000	47	0	1	47	5394659	5394613	4.00e-18	47
ERR20616172144	Chr4	100.000	47	0	1	47	5399706	5399660	4.00e-18	47
ERR20616172144	Chr4	100.000	47	0	1	47	5404743	5404697	4.00e-18	47
ERR20616172144	Chr4	100.000	47	0	1	47	5408957	5408911	4.00e-18	47
ERR20616172144	Chr3	100.000	47	0	1	47	3790	3836	4.00e-18	47
ERR20616172144	Chr3	100.000	47	0	1	47	8781	8827	4.00e-18	47
ERR20616172144	Chr3	100.000	47	0	1	47	13767	13813	4.00e-18	47
ERR20616172144	Chr3	100.000	47	0	1	47	8223462	8223416	4.00e-18	47
ERR20616172144	Chr3	100.000	47	0	1	47	8228476	8228430	4.00e-18	47
ERR20616172144	Chr3	100.000	47	0	1	47	8233511	8233465	4.00e-18	47
ERR20616172144	Chr2	100.000	47	0	1	47	4368	4414	4.00e-18	47
ERR20616172144	Chr2	100.000	47	0	1	47	9453	9499	4.00e-18	47
ERR20616172144	Chr2	100.000	47	0	1	47	14478	14524	4.00e-18	47
ERR20616172144	Chr2	100.000	47	0	1	47	7911202	7911156	4.00e-18	47
ERR20616172144	Chr1	100.000	47	0	1	47	6663963	6663917	4.00e-18	47
ERR20616176624	Chr7	100.000	50	0	3	52	1113878	1113927	1.03e-19	52
ERR20616175464	Chr8	100.000	60	0	1	60	838	897	3.56e-25	60
ERR20616175464	Chr8	100.000	60	0	1	60	5976	6035	3.56e-25	60
ERR20616175464	Chr8	100.000	60	0	1	60	11145	11204	3.56e-25	60
ERR20616175464	Chr8	100.000	60	0	1	60	16175	16234	3.56e-25	60
ERR20616175464	Chr8	100.000	60	0	1	60	1842992	1842933	3.56e-25	60
ERR20616175464	Chr8	100.000	60	0	1	60	1848130	1848071	3.56e-25	60
ERR20616175464	Chr8	100.000	60	0	1	60	1853196	1853137	3.56e-25	60
ERR20616175464	Chr8	100.000	60	0	1	60	1858219	1858160	3.56e-25	60
ERR20616175464	Chr8	100.000	60	0	1	60	1863362	1863303	3.56e-25	60
ERR20616175464	Chr8	100.000	60	0	1	60	1868503	1868444	3.56e-25	60
ERR20616175464	Chr8	100.000	60	0	1	60	1873635	1873576	3.56e-25	60
ERR20616175464	Chr8	100.000	60	0	1	60	1878755	1878696	3.56e-25	60
ERR20616175464	Chr8	100.000	60	0	1	60	1883891	1883832	3.56e-25	60
ERR20616175464	Chr8	100.000	60	0	1	60	1888887	1888828	3.56e-25	60
ERR20616175464	Chr8	100.000	60	0	1	60	1893982	1893923	3.56e-25	60
ERR20616175464	Chr8	100.000	60	0	1	60	1898983	1898924	3.56e-25	60
ERR20616175464	Chr7	100.000	60	0	1	60	4268	4327	3.56e-25	60
ERR20616175464	Chr7	100.000	60	0	1	60	9299	9358	3.56e-25	60
ERR20616175464	Chr7	100.000	60	0	1	60	11744	11803	3.56e-25	60
ERR20616175464	Chr7	100.000	60	0	1	60	4037297	4037238	3.56e-25	60
ERR20616175464	Chr7	100.000	60	0	1	60	4042323	4042264	3.56e-25	60
ERR20616175464	Chr7	100.000	60	0	1	60	4044757	4044698	3.56e-25	60
ERR20616175464	Chr7	100.000	60	0	1	60	4049785	4049726	3.56e-25	60
ERR20616175464	Chr7	100.000	60	0	1	60	4054947	4054888	3.56e-25	60
ERR20616175464	Chr7	100.000	60	0	1	60	4059976	4059917	3.56e-25	60
ERR20616175464	Chr7	100.000	60	0	1	60	4065011	4064952	3.56e-25	60
ERR20616175464	Chr7	100.000	60	0	1	60	4070122	4070063	3.56e-25	60
ERR20616175464	Chr7	100.000	60	0	1	60	4075113	4075054	3.56e-25	60
ERR20616175464	Chr6	100.000	60	0	1	60	4464	4523	3.56e-25	60
ERR20616175464	Chr6	100.000	60	0	1	60	9511	9570	3.56e-25	60
ERR20616175464	Chr6	100.000	60	0	1	60	14530	14589	3.56e-25	60
ERR20616175464	Chr6	100.000	60	0	1	60	19569	19628	3.56e-25	60
ERR20616175464	Chr6	100.000	60	0	1	60	24591	24650	3.56e-25	60
ERR20616175464	Chr6	100.000	60	0	1	60	6103670	6103611	3.56e-25	60
ERR20616175464	Chr6	100.000	60	0	1	60	6108785	6108726	3.56e-25	60
ERR20616175464	Chr6	100.000	60	0	1	60	6113829	6113770	3.56e-25	60
ERR20616175464	Chr6	100.000	60	0	1	60	6118872	6118813	3.56e-25	60
ERR20616175464	Chr6	100.000	60	0	1	60	6124034	6123975	3.56e-25	60
ERR20616175464	Chr6	100.000	60	0	1	60	6129074	6129015	3.56e-25	60
ERR20616175464	Chr5	100.000	60	0	1	60	4217	4276	3.56e-25	60
ERR20616175464	Chr5	100.000	60	0	1	60	4435678	4435619	3.56e-25	60
ERR20616175464	Chr5	100.000	60	0	1	60	4440705	4440646	3.56e-25	60
ERR20616175464	Chr5	100.000	60	0	1	60	4445747	4445688	3.56e-25	60
ERR20616175464	Chr5	100.000	60	0	1	60	4450800	4450741	3.56e-25	60
ERR20616175464	Chr5	100.000	60	0	1	60	4455844	4455785	3.56e-25	60
ERR20616175464	Chr4	100.000	60	0	1	60	4298	4357	3.56e-25	60
ERR20616175464	Chr4	100.000	60	0	1	60	9326	9385	3.56e-25	60
ERR20616175464	Chr4	100.000	60	0	1	60	14364	14423	3.56e-25	60
ERR20616175464	Chr4	100.000	60	0	1	60	5394614	5394555	3.56e-25	60
ERR20616175464	Chr4	100.000	60	0	1	60	5399661	5399602	3.56e-25	60
ERR20616175464	Chr4	100.000	60	0	1	60	5404698	5404639	3.56e-25	60
ERR20616175464	Chr4	100.000	60	0	1	60	5408912	5408853	3.56e-25	60
ERR20616175464	Chr3	100.000	60	0	1	60	3835	3894	3.56e-25	60
ERR20616175464	Chr3	100.000	60	0	1	60	8826	8885	3.56e-25	60
ERR20616175464	Chr3	100.000	60	0	1	60	13812	13871	3.56e-25	60
ERR20616175464	Chr3	100.000	60	0	1	60	8223417	8223358	3.56e-25	60
ERR20616175464	Chr3	100.000	60	0	1	60	8228431	8228372	3.56e-25	60
ERR20616175464	Chr3	100.000	60	0	1	60	8233466	8233407	3.56e-25	60
ERR20616175464	Chr2	100.000	60	0	1	60	4413	4472	3.56e-25	60
ERR20616175464	Chr2	100.000	60	0	1	60	9498	9557	3.56e-25	60
ERR20616175464	Chr2	100.000	60	0	1	60	14523	14582	3.56e-25	60
ERR20616175464	Chr2	100.000	60	0	1	60	7911157	7911098	3.56e-25	60
ERR20616175464	Chr1	100.000	60	0	1	60	6663918	6663859	3.56e-25	60
ERR20616173216	Chr8	100.000	60	0	1	60	889	830	3.56e-25	60
ERR20616173216	Chr8	100.000	60	0	1	60	6027	5968	3.56e-25	60
ERR20616173216	Chr8	100.000	60	0	1	60	11196	11137	3.56e-25	60
ERR20616173216	Chr8	100.000	60	0	1	60	16226	16167	3.56e-25	60
ERR20616173216	Chr8	100.000	60	0	1	60	1842941	1843000	3.56e-25	60
ERR20616173216	Chr8	100.000	60	0	1	60	1848079	1848138	3.56e-25	60
ERR20616173216	Chr8	100.000	60	0	1	60	1853145	1853204	3.56e-25	60
ERR20616173216	Chr8	100.000	60	0	1	60	1858168	1858227	3.56e-25	60
ERR20616173216	Chr8	100.000	60	0	1	60	1863311	1863370	3.56e-25	60
ERR20616173216	Chr8	100.000	60	0	1	60	1868452	1868511	3.56e-25	60
ERR20616173216	Chr8	100.000	60	0	1	60	1873584	1873643	3.56e-25	60
ERR20616173216	Chr8	100.000	60	0	1	60	1878704	1878763	3.56e-25	60
ERR20616173216	Chr8	100.000	60	0	1	60	1883840	1883899	3.56e-25	60
ERR20616173216	Chr8	100.000	60	0	1	60	1888836	1888895	3.56e-25	60
ERR20616173216	Chr8	100.000	60	0	1	60	1893931	1893990	3.56e-25	60
ERR20616173216	Chr8	100.000	60	0	1	60	1898932	1898991	3.56e-25	60
ERR20616173216	Chr7	100.000	60	0	1	60	4319	4260	3.56e-25	60
ERR20616173216	Chr7	100.000	60	0	1	60	9350	9291	3.56e-25	60
ERR20616173216	Chr7	100.000	60	0	1	60	11795	11736	3.56e-25	60
ERR20616173216	Chr7	100.000	60	0	1	60	4037246	4037305	3.56e-25	60
ERR20616173216	Chr7	100.000	60	0	1	60	4042272	4042331	3.56e-25	60
ERR20616173216	Chr7	100.000	60	0	1	60	4044706	4044765	3.56e-25	60
ERR20616173216	Chr7	100.000	60	0	1	60	4049734	4049793	3.56e-25	60
ERR20616173216	Chr7	100.000	60	0	1	60	4054896	4054955	3.56e-25	60
ERR20616173216	Chr7	100.000	60	0	1	60	4059925	4059984	3.56e-25	60
ERR20616173216	Chr7	100.000	60	0	1	60	4064960	4065019	3.56e-25	60
ERR20616173216	Chr7	100.000	60	0	1	60	4070071	4070130	3.56e-25	60
ERR20616173216	Chr7	100.000	60	0	1	60	4075062	4075121	3.56e-25	60
ERR20616173216	Chr6	100.000	60	0	1	60	4515	4456	3.56e-25	60
ERR20616173216	Chr6	100.000	60	0	1	60	9562	9503	3.56e-25	60
ERR20616173216	Chr6	100.000	60	0	1	60	14581	14522	3.56e-25	60
ERR20616173216	Chr6	100.000	60	0	1	60	19620	19561	3.56e-25	60
ERR20616173216	Chr6	100.000	60	0	1	60	24642	24583	3.56e-25	60
ERR20616173216	Chr6	100.000	60	0	1	60	6103619	6103678	3.56e-25	60
ERR20616173216	Chr6	100.000	60	0	1	60	6108734	6108793	3.56e-25	60
ERR20616173216	Chr6	100.000	60	0	1	60	6113778	6113837	3.56e-25	60
ERR20616173216	Chr6	100.000	60	0	1	60	6118821	6118880	3.56e-25	60
ERR20616173216	Chr6	100.000	60	0	1	60	6123983	6124042	3.56e-25	60
ERR20616173216	Chr6	100.000	60	0	1	60	6129023	6129082	3.56e-25	60
ERR20616173216	Chr5	100.000	60	0	1	60	4268	4209	3.56e-25	60
ERR20616173216	Chr5	100.000	60	0	1	60	4435627	4435686	3.56e-25	60
ERR20616173216	Chr5	100.000	60	0	1	60	4440654	4440713	3.56e-25	60
ERR20616173216	Chr5	100.000	60	0	1	60	4445696	4445755	3.56e-25	60
ERR20616173216	Chr5	100.000	60	0	1	60	4450749	4450808	3.56e-25	60
ERR20616173216	Chr5	100.000	60	0	1	60	4455793	4455852	3.56e-25	60
ERR20616173216	Chr4	100.000	60	0	1	60	4349	4290	3.56e-25	60
ERR20616173216	Chr4	100.000	60	0	1	60	9377	9318	3.56e-25	60
ERR20616173216	Chr4	100.000	60	0	1	60	14415	14356	3.56e-25	60
ERR20616173216	Chr4	100.000	60	0	1	60	5394563	5394622	3.56e-25	60
ERR20616173216	Chr4	100.000	60	0	1	60	5399610	5399669	3.56e-25	60
ERR20616173216	Chr4	100.000	60	0	1	60	5404647	5404706	3.56e-25	60
ERR20616173216	Chr4	100.000	60	0	1	60	5408861	5408920	3.56e-25	60
ERR20616173216	Chr3	100.000	60	0	1	60	3886	3827	3.56e-25	60
ERR20616173216	Chr3	100.000	60	0	1	60	8877	8818	3.56e-25	60
ERR20616173216	Chr3	100.000	60	0	1	60	13863	13804	3.56e-25	60
ERR20616173216	Chr3	100.000	60	0	1	60	8223366	8223425	3.56e-25	60
ERR20616173216	Chr3	100.000	60	0	1	60	8228380	8228439	3.56e-25	60
ERR20616173216	Chr3	100.000	60	0	1	60	8233415	8233474	3.56e-25	60
ERR20616173216	Chr2	100.000	60	0	1	60	4464	4405	3.56e-25	60
ERR20616173216	Chr2	100.000	60	0	1	60	9549	9490	3.56e-25	60
ERR20616173216	Chr2	100.000	60	0	1	60	14574	14515	3.56e-25	60
ERR20616173216	Chr2	100.000	60	0	1	60	7911106	7911165	3.56e-25	60
ERR20616173216	Chr1	100.000	60	0	1	60	6663867	6663926	3.56e-25	60
ERR20616176184	Chr7	100.000	55	0	6	60	3723184	3723130	2.14e-22	60
ERR20616171472	Chr8	98.333	60	1	1	60	3747	3688	1.66e-23	60
ERR20616171472	Chr8	98.333	60	1	1	60	8916	8857	1.66e-23	60
ERR20616171472	Chr8	98.333	60	1	1	60	13946	13887	1.66e-23	60
ERR20616171472	Chr8	98.333	60	1	1	60	1845222	1845281	1.66e-23	60
ERR20616171472	Chr8	98.333	60	1	1	60	1850359	1850418	1.66e-23	60
ERR20616171472	Chr8	98.333	60	1	1	60	1855425	1855484	1.66e-23	60
ERR20616171472	Chr8	98.333	60	1	1	60	1860447	1860506	1.66e-23	60
ERR20616171472	Chr8	98.333	60	1	1	60	1865588	1865647	1.66e-23	60
ERR20616171472	Chr8	98.333	60	1	1	60	1870729	1870788	1.66e-23	60
ERR20616171472	Chr8	98.333	60	1	1	60	1875856	1875915	1.66e-23	60
ERR20616171472	Chr8	98.333	60	1	1	60	1880978	1881037	1.66e-23	60
ERR20616171472	Chr8	98.333	60	1	1	60	1886108	1886167	1.66e-23	60
ERR20616171472	Chr8	98.333	60	1	1	60	1891103	1891162	1.66e-23	60
ERR20616171472	Chr8	98.333	60	1	1	60	1896194	1896253	1.66e-23	60
ERR20616171472	Chr8	98.333	60	1	1	60	1901203	1901262	1.66e-23	60
ERR20616171472	Chr7	98.333	60	1	1	60	2038	1979	1.66e-23	60
ERR20616171472	Chr7	98.333	60	1	1	60	7069	7010	1.66e-23	60
ERR20616171472	Chr7	98.333	60	1	1	60	4039525	4039584	1.66e-23	60
ERR20616171472	Chr7	98.333	60	1	1	60	4046986	4047045	1.66e-23	60
ERR20616171472	Chr7	98.333	60	1	1	60	4052015	4052074	1.66e-23	60
ERR20616171472	Chr7	98.333	60	1	1	60	4057173	4057232	1.66e-23	60
ERR20616171472	Chr7	98.333	60	1	1	60	4062204	4062263	1.66e-23	60
ERR20616171472	Chr7	98.333	60	1	1	60	4067231	4067290	1.66e-23	60
ERR20616171472	Chr7	98.333	60	1	1	60	4072337	4072396	1.66e-23	60
ERR20616171472	Chr7	98.333	60	1	1	60	4077330	4077389	1.66e-23	60
ERR20616171472	Chr6	98.333	60	1	1	60	2235	2176	1.66e-23	60
ERR20616171472	Chr6	98.333	60	1	1	60	7282	7223	1.66e-23	60
ERR20616171472	Chr6	98.333	60	1	1	60	12303	12244	1.66e-23	60
ERR20616171472	Chr6	98.333	60	1	1	60	17339	17280	1.66e-23	60
ERR20616171472	Chr6	98.333	60	1	1	60	22362	22303	1.66e-23	60
ERR20616171472	Chr6	98.333	60	1	1	60	6105899	6105958	1.66e-23	60
ERR20616171472	Chr6	98.333	60	1	1	60	6111014	6111073	1.66e-23	60
ERR20616171472	Chr6	98.333	60	1	1	60	6116059	6116118	1.66e-23	60
ERR20616171472	Chr6	98.333	60	1	1	60	6121100	6121159	1.66e-23	60
ERR20616171472	Chr6	98.333	60	1	1	60	6126261	6126320	1.66e-23	60
ERR20616171472	Chr6	98.333	60	1	1	60	6131302	6131361	1.66e-23	60
ERR20616171472	Chr5	98.333	60	1	1	60	1988	1929	1.66e-23	60
ERR20616171472	Chr5	98.333	60	1	1	60	4437908	4437967	1.66e-23	60
ERR20616171472	Chr5	98.333	60	1	1	60	4442935	4442994	1.66e-23	60
ERR20616171472	Chr5	98.333	60	1	1	60	4447977	4448036	1.66e-23	60
ERR20616171472	Chr5	98.333	60	1	1	60	4453030	4453089	1.66e-23	60
ERR20616171472	Chr5	98.333	60	1	1	60	4458073	4458132	1.66e-23	60
ERR20616171472	Chr4	98.333	60	1	1	60	2070	2011	1.66e-23	60
ERR20616171472	Chr4	98.333	60	1	1	60	7096	7037	1.66e-23	60
ERR20616171472	Chr4	98.333	60	1	1	60	12133	12074	1.66e-23	60
ERR20616171472	Chr4	98.333	60	1	1	60	5396844	5396903	1.66e-23	60
ERR20616171472	Chr4	98.333	60	1	1	60	5401889	5401948	1.66e-23	60
ERR20616171472	Chr4	98.333	60	1	1	60	5406927	5406986	1.66e-23	60
ERR20616171472	Chr4	98.333	60	1	1	60	5411142	5411201	1.66e-23	60
ERR20616171472	Chr3	98.333	60	1	1	60	1605	1546	1.66e-23	60
ERR20616171472	Chr3	98.333	60	1	1	60	6598	6539	1.66e-23	60
ERR20616171472	Chr3	98.333	60	1	1	60	11586	11527	1.66e-23	60
ERR20616171472	Chr3	98.333	60	1	1	60	8225646	8225705	1.66e-23	60
ERR20616171472	Chr3	98.333	60	1	1	60	8230660	8230719	1.66e-23	60
ERR20616171472	Chr3	98.333	60	1	1	60	8235694	8235753	1.66e-23	60
ERR20616171472	Chr2	98.333	60	1	1	60	2192	2133	1.66e-23	60
ERR20616171472	Chr2	98.333	60	1	1	60	7268	7209	1.66e-23	60
ERR20616171472	Chr2	98.333	60	1	1	60	12294	12235	1.66e-23	60
ERR20616171472	Chr2	98.333	60	1	1	60	7913387	7913446	1.66e-23	60
ERR20616171472	Chr1	98.333	60	1	1	60	6666146	6666205	1.66e-23	60
ERR20616175024	Chr6	100.000	60	0	1	60	5377487	5377546	3.56e-25	60
ERR2061617352	Chr4	100.000	42	0	1	42	1028391	1028432	3.61e-15	60
ERR20616172000	Chr8	98.333	60	1	1	60	3114	3055	1.66e-23	60
ERR20616172000	Chr8	98.333	60	1	1	60	8284	8225	1.66e-23	60
ERR20616172000	Chr8	98.333	60	1	1	60	13314	13255	1.66e-23	60
ERR20616172000	Chr8	100.000	57	0	1	57	1845855	1845911	1.66e-23	60
ERR20616172000	Chr8	100.000	57	0	1	57	1850992	1851048	1.66e-23	60
ERR20616172000	Chr8	100.000	57	0	1	57	1856058	1856114	1.66e-23	60
ERR20616172000	Chr8	100.000	57	0	1	57	1901833	1901889	1.66e-23	60
ERR20616172000	Chr8	98.246	57	0	1	57	1861078	1861133	2.77e-21	60
ERR20616172000	Chr8	98.246	57	0	1	57	1866221	1866276	2.77e-21	60
ERR20616172000	Chr8	98.246	57	0	1	57	1871362	1871417	2.77e-21	60
ERR20616172000	Chr8	98.246	57	0	1	57	1876485	1876540	2.77e-21	60
ERR20616172000	Chr8	98.246	57	0	1	57	1881610	1881665	2.77e-21	60
ERR20616172000	Chr8	98.246	57	0	1	57	1886740	1886795	2.77e-21	60
ERR20616172000	Chr8	98.246	57	0	1	57	1891731	1891786	2.77e-21	60
ERR20616172000	Chr8	98.246	57	0	1	57	1896821	1896876	2.77e-21	60
ERR20616172000	Chr7	98.333	60	1	1	60	1406	1347	1.66e-23	60
ERR20616172000	Chr7	98.333	60	1	1	60	6436	6377	1.66e-23	60
ERR20616172000	Chr7	100.000	57	0	1	57	4040157	4040213	1.66e-23	60
ERR20616172000	Chr7	100.000	57	0	1	57	4047618	4047674	1.66e-23	60
ERR20616172000	Chr7	100.000	57	0	1	57	4052647	4052703	1.66e-23	60
ERR20616172000	Chr7	100.000	57	0	1	57	4057805	4057861	1.66e-23	60
ERR20616172000	Chr7	100.000	57	0	1	57	4062836	4062892	1.66e-23	60
ERR20616172000	Chr7	100.000	57	0	1	57	4067861	4067917	1.66e-23	60
ERR20616172000	Chr7	100.000	57	0	1	57	4072966	4073022	1.66e-23	60
ERR20616172000	Chr7	100.000	57	0	1	57	4077961	4078017	1.66e-23	60
ERR20616172000	Chr6	98.333	60	1	1	60	1603	1544	1.66e-23	60
ERR20616172000	Chr6	98.333	60	1	1	60	6650	6591	1.66e-23	60
ERR20616172000	Chr6	98.333	60	1	1	60	11670	11611	1.66e-23	60
ERR20616172000	Chr6	98.333	60	1	1	60	16707	16648	1.66e-23	60
ERR20616172000	Chr6	98.333	60	1	1	60	21729	21670	1.66e-23	60
ERR20616172000	Chr6	100.000	57	0	1	57	6106532	6106588	1.66e-23	60
ERR20616172000	Chr6	100.000	57	0	1	57	6111647	6111703	1.66e-23	60
ERR20616172000	Chr6	100.000	57	0	1	57	6116692	6116748	1.66e-23	60
ERR20616172000	Chr6	100.000	57	0	1	57	6121732	6121788	1.66e-23	60
ERR20616172000	Chr6	100.000	57	0	1	57	6126893	6126949	1.66e-23	60
ERR20616172000	Chr6	100.000	57	0	1	57	6131934	6131990	1.66e-23	60
ERR20616172000	Chr5	98.333	60	1	1	60	1356	1297	1.66e-23	60
ERR20616172000	Chr5	100.000	57	0	1	57	4438540	4438596	1.66e-23	60
ERR20616172000	Chr5	100.000	57	0	1	57	4443568	4443624	1.66e-23	60
ERR20616172000	Chr5	100.000	57	0	1	57	4448609	4448665	1.66e-23	60
ERR20616172000	Chr5	100.000	57	0	1	57	4453663	4453719	1.66e-23	60
ERR20616172000	Chr5	100.000	57	0	1	57	4458706	4458762	1.66e-23	60
ERR20616172000	Chr4	98.333	60	1	1	60	1437	1378	1.66e-23	60
ERR20616172000	Chr4	98.333	60	1	1	60	6463	6404	1.66e-23	60
ERR20616172000	Chr4	98.333	60	1	1	60	11501	11442	1.66e-23	60
ERR20616172000	Chr4	100.000	57	0	1	57	5397477	5397533	1.66e-23	60
ERR20616172000	Chr4	100.000	57	0	1	57	5402522	5402578	1.66e-23	60
ERR20616172000	Chr4	100.000	57	0	1	57	5407560	5407616	1.66e-23	60
ERR20616172000	Chr4	100.000	57	0	1	57	5411775	5411831	1.66e-23	60
ERR20616172000	Chr3	98.333	60	1	1	60	974	915	1.66e-23	60
ERR20616172000	Chr3	98.333	60	1	1	60	5965	5906	1.66e-23	60
ERR20616172000	Chr3	98.333	60	1	1	60	10954	10895	1.66e-23	60
ERR20616172000	Chr3	100.000	57	0	1	57	8226278	8226334	1.66e-23	60
ERR20616172000	Chr3	100.000	57	0	1	57	8231292	8231348	1.66e-23	60
ERR20616172000	Chr3	100.000	57	0	1	57	8236326	8236382	1.66e-23	60
ERR20616172000	Chr2	98.333	60	1	1	60	1561	1502	1.66e-23	60
ERR20616172000	Chr2	98.333	60	1	1	60	6636	6577	1.66e-23	60
ERR20616172000	Chr2	98.333	60	1	1	60	11662	11603	1.66e-23	60
ERR20616172000	Chr2	100.000	57	0	1	57	7914019	7914075	1.66e-23	60
ERR20616172000	Chr1	100.000	57	0	1	57	6666778	6666834	1.66e-23	60
ERR20616174912	Chr8	100.000	60	0	1	60	3117	3058	3.56e-25	60
ERR20616174912	Chr8	100.000	60	0	1	60	8287	8228	3.56e-25	60
ERR20616174912	Chr8	100.000	60	0	1	60	13317	13258	3.56e-25	60
ERR20616174912	Chr8	100.000	60	0	1	60	1845852	1845911	3.56e-25	60
ERR20616174912	Chr8	100.000	60	0	1	60	1850989	1851048	3.56e-25	60
ERR20616174912	Chr8	100.000	60	0	1	60	1856055	1856114	3.56e-25	60
ERR20616174912	Chr8	100.000	60	0	1	60	1901830	1901889	3.56e-25	60
ERR20616174912	Chr8	98.333	60	0	1	60	1861075	1861133	5.96e-23	60
ERR20616174912	Chr8	98.333	60	0	1	60	1866218	1866276	5.96e-23	60
ERR20616174912	Chr8	98.333	60	0	1	60	1881607	1881665	5.96e-23	60
ERR20616174912	Chr8	98.333	60	0	1	60	1886737	1886795	5.96e-23	60
ERR20616174912	Chr8	98.333	60	0	1	60	1891728	1891786	5.96e-23	60
ERR20616174912	Chr8	98.333	60	0	1	60	1896818	1896876	5.96e-23	60
ERR20616174912	Chr8	98.305	59	0	2	60	1871360	1871417	2.14e-22	60
ERR20616174912	Chr8	98.305	59	0	2	60	1876483	1876540	2.14e-22	60
ERR20616174912	Chr7	100.000	60	0	1	60	1409	1350	3.56e-25	60
ERR20616174912	Chr7	100.000	60	0	1	60	6439	6380	3.56e-25	60
ERR20616174912	Chr7	100.000	60	0	1	60	4040154	4040213	3.56e-25	60
ERR20616174912	Chr7	100.000	60	0	1	60	4047615	4047674	3.56e-25	60
ERR20616174912	Chr7	100.000	60	0	1	60	4052644	4052703	3.56e-25	60
ERR20616174912	Chr7	100.000	60	0	1	60	4057802	4057861	3.56e-25	60
ERR20616174912	Chr7	100.000	60	0	1	60	4062833	4062892	3.56e-25	60
ERR20616174912	Chr7	100.000	60	0	1	60	4067858	4067917	3.56e-25	60
ERR20616174912	Chr7	100.000	60	0	1	60	4072963	4073022	3.56e-25	60
ERR20616174912	Chr7	100.000	60	0	1	60	4077958	4078017	3.56e-25	60
ERR20616174912	Chr6	100.000	60	0	1	60	1606	1547	3.56e-25	60
ERR20616174912	Chr6	100.000	60	0	1	60	6653	6594	3.56e-25	60
ERR20616174912	Chr6	100.000	60	0	1	60	11673	11614	3.56e-25	60
ERR20616174912	Chr6	100.000	60	0	1	60	16710	16651	3.56e-25	60
ERR20616174912	Chr6	100.000	60	0	1	60	21732	21673	3.56e-25	60
ERR20616174912	Chr6	100.000	60	0	1	60	6106529	6106588	3.56e-25	60
ERR20616174912	Chr6	100.000	60	0	1	60	6111644	6111703	3.56e-25	60
ERR20616174912	Chr6	100.000	60	0	1	60	6116689	6116748	3.56e-25	60
ERR20616174912	Chr6	100.000	60	0	1	60	6121729	6121788	3.56e-25	60
ERR20616174912	Chr6	100.000	60	0	1	60	6126890	6126949	3.56e-25	60
ERR20616174912	Chr6	100.000	60	0	1	60	6131931	6131990	3.56e-25	60
ERR20616174912	Chr5	100.000	60	0	1	60	1359	1300	3.56e-25	60
ERR20616174912	Chr5	100.000	60	0	1	60	4438537	4438596	3.56e-25	60
ERR20616174912	Chr5	100.000	60	0	1	60	4443565	4443624	3.56e-25	60
ERR20616174912	Chr5	100.000	60	0	1	60	4448606	4448665	3.56e-25	60
ERR20616174912	Chr5	100.000	60	0	1	60	4453660	4453719	3.56e-25	60
ERR20616174912	Chr5	100.000	60	0	1	60	4458703	4458762	3.56e-25	60
ERR20616174912	Chr4	100.000	60	0	1	60	1440	1381	3.56e-25	60
ERR20616174912	Chr4	100.000	60	0	1	60	6466	6407	3.56e-25	60
ERR20616174912	Chr4	100.000	60	0	1	60	11504	11445	3.56e-25	60
ERR20616174912	Chr4	100.000	60	0	1	60	5397474	5397533	3.56e-25	60
ERR20616174912	Chr4	100.000	60	0	1	60	5402519	5402578	3.56e-25	60
ERR20616174912	Chr4	100.000	60	0	1	60	5407557	5407616	3.56e-25	60
ERR20616174912	Chr4	100.000	60	0	1	60	5411772	5411831	3.56e-25	60
ERR20616174912	Chr3	100.000	60	0	1	60	977	918	3.56e-25	60
ERR20616174912	Chr3	100.000	60	0	1	60	5968	5909	3.56e-25	60
ERR20616174912	Chr3	100.000	60	0	1	60	10957	10898	3.56e-25	60
ERR20616174912	Chr3	100.000	60	0	1	60	8226275	8226334	3.56e-25	60
ERR20616174912	Chr3	100.000	60	0	1	60	8231289	8231348	3.56e-25	60
ERR20616174912	Chr3	100.000	60	0	1	60	8236323	8236382	3.56e-25	60
ERR20616174912	Chr2	100.000	60	0	1	60	1564	1505	3.56e-25	60
ERR20616174912	Chr2	100.000	60	0	1	60	6639	6580	3.56e-25	60
ERR20616174912	Chr2	100.000	60	0	1	60	11665	11606	3.56e-25	60
ERR20616174912	Chr2	100.000	60	0	1	60	7914016	7914075	3.56e-25	60
ERR20616174912	Chr1	100.000	60	0	1	60	6666775	6666834	3.56e-25	60
ERR2061617376	Chr8	98.333	60	1	1	60	3107	3048	1.66e-23	60
ERR2061617376	Chr8	98.333	60	1	1	60	8277	8218	1.66e-23	60
ERR2061617376	Chr8	98.333	60	1	1	60	13307	13248	1.66e-23	60
ERR2061617376	Chr8	98.333	60	1	1	60	1845862	1845921	1.66e-23	60
ERR2061617376	Chr8	98.333	60	1	1	60	1850999	1851058	1.66e-23	60
ERR2061617376	Chr8	98.333	60	1	1	60	1856065	1856124	1.66e-23	60
ERR2061617376	Chr8	98.333	60	1	1	60	1901840	1901899	1.66e-23	60
ERR2061617376	Chr8	96.667	60	1	1	60	1861085	1861143	2.77e-21	60
ERR2061617376	Chr8	96.667	60	1	1	60	1866228	1866286	2.77e-21	60
ERR2061617376	Chr8	96.667	60	1	1	60	1871369	1871427	2.77e-21	60
ERR2061617376	Chr8	96.667	60	1	1	60	1876492	1876550	2.77e-21	60
ERR2061617376	Chr8	96.667	60	1	1	60	1886747	1886805	2.77e-21	60
ERR2061617376	Chr8	96.667	60	1	1	60	1891738	1891796	2.77e-21	60
ERR2061617376	Chr8	96.667	60	1	1	60	1896828	1896886	2.77e-21	60
ERR2061617376	Chr8	95.000	60	2	1	60	3173	3115	1.29e-19	60
ERR2061617376	Chr8	95.000	60	2	1	60	8343	8285	1.29e-19	60
ERR2061617376	Chr8	95.000	60	2	1	60	13373	13315	1.29e-19	60
ERR2061617376	Chr8	95.000	60	2	1	60	1845796	1845854	1.29e-19	60
ERR2061617376	Chr8	95.000	60	2	1	60	1850933	1850991	1.29e-19	60
ERR2061617376	Chr8	95.000	60	2	1	60	1855999	1856057	1.29e-19	60
ERR2061617376	Chr8	95.000	60	2	1	60	1861019	1861077	1.29e-19	60
ERR2061617376	Chr8	95.000	60	2	1	60	1866162	1866220	1.29e-19	60
ERR2061617376	Chr8	95.000	60	2	1	60	1881551	1881609	1.29e-19	60
ERR2061617376	Chr8	96.491	57	1	1	57	1881617	1881672	1.29e-19	60
ERR2061617376	Chr8	95.000	60	2	1	60	1891672	1891730	1.29e-19	60
ERR2061617376	Chr8	95.000	60	2	1	60	1896762	1896820	1.29e-19	60
ERR2061617376	Chr8	95.000	60	2	1	60	1901774	1901832	1.29e-19	60
ERR2061617376	Chr8	94.915	59	1	2	60	3237	3181	4.64e-19	60
ERR2061617376	Chr8	94.915	59	1	2	60	8407	8351	4.64e-19	60
ERR2061617376	Chr8	94.915	59	1	2	60	13437	13381	4.64e-19	60
ERR2061617376	Chr8	94.915	59	1	2	60	1845732	1845788	4.64e-19	60
ERR2061617376	Chr8	94.915	59	1	2	60	1850869	1850925	4.64e-19	60
ERR2061617376	Chr8	94.915	59	1	2	60	1855935	1855991	4.64e-19	60
ERR2061617376	Chr8	94.915	59	1	2	60	1860955	1861011	4.64e-19	60
ERR2061617376	Chr8	94.915	59	1	2	60	1876361	1876417	4.64e-19	60
ERR2061617376	Chr8	94.915	59	1	2	60	1891608	1891664	4.64e-19	60
ERR2061617376	Chr8	94.828	58	2	1	58	1871302	1871358	1.67e-18	60
ERR2061617376	Chr8	94.737	57	1	2	58	1866097	1866151	6.00e-18	60
ERR2061617376	Chr8	94.737	57	1	2	58	1871237	1871291	6.00e-18	60
ERR2061617376	Chr8	91.803	61	3	1	60	1886680	1886739	7.77e-17	60
ERR2061617376	Chr7	98.333	60	1	1	60	1399	1340	1.66e-23	60
ERR2061617376	Chr7	98.333	60	1	1	60	6429	6370	1.66e-23	60
ERR2061617376	Chr7	98.333	60	1	1	60	4040164	4040223	1.66e-23	60
ERR2061617376	Chr7	98.333	60	1	1	60	4047625	4047684	1.66e-23	60
ERR2061617376	Chr7	98.333	60	1	1	60	4052654	4052713	1.66e-23	60
ERR2061617376	Chr7	98.333	60	1	1	60	4057812	4057871	1.66e-23	60
ERR2061617376	Chr7	98.333	60	1	1	60	4062843	4062902	1.66e-23	60
ERR2061617376	Chr7	98.333	60	1	1	60	4067868	4067927	1.66e-23	60
ERR2061617376	Chr7	98.333	60	1	1	60	4072973	4073032	1.66e-23	60
ERR2061617376	Chr7	98.333	60	1	1	60	4077968	4078027	1.66e-23	60
ERR2061617376	Chr7	95.082	61	1	1	60	4067801	4067860	3.59e-20	60
ERR2061617376	Chr7	95.000	60	2	1	60	1465	1407	1.29e-19	60
ERR2061617376	Chr7	95.000	60	2	1	60	6495	6437	1.29e-19	60
ERR2061617376	Chr7	95.000	60	2	1	60	4040098	4040156	1.29e-19	60
ERR2061617376	Chr7	95.000	60	2	1	60	4047559	4047617	1.29e-19	60
ERR2061617376	Chr7	95.000	60	2	1	60	4052588	4052646	1.29e-19	60
ERR2061617376	Chr7	95.000	60	2	1	60	4057746	4057804	1.29e-19	60
ERR2061617376	Chr7	95.000	60	2	1	60	4062777	4062835	1.29e-19	60
ERR2061617376	Chr7	95.000	60	2	1	60	4072907	4072965	1.29e-19	60
ERR2061617376	Chr7	95.000	60	2	1	60	4077902	4077960	1.29e-19	60
ERR2061617376	Chr7	94.915	59	1	2	60	1529	1473	4.64e-19	60
ERR2061617376	Chr7	94.915	59	1	2	60	6559	6503	4.64e-19	60
ERR2061617376	Chr7	94.915	59	1	2	60	4040034	4040090	4.64e-19	60
ERR2061617376	Chr7	94.915	59	1	2	60	4047495	4047551	4.64e-19	60
ERR2061617376	Chr7	94.915	59	1	2	60	4052524	4052580	4.64e-19	60
ERR2061617376	Chr7	94.915	59	1	2	60	4057682	4057738	4.64e-19	60
ERR2061617376	Chr7	94.915	59	1	2	60	4062713	4062769	4.64e-19	60
ERR2061617376	Chr7	94.915	59	1	2	60	4067737	4067793	4.64e-19	60
ERR2061617376	Chr7	94.915	59	1	2	60	4072843	4072899	4.64e-19	60
ERR2061617376	Chr7	94.915	59	1	2	60	4077838	4077894	4.64e-19	60
ERR2061617376	Chr6	98.333	60	1	1	60	1596	1537	1.66e-23	60
ERR2061617376	Chr6	98.333	60	1	1	60	6643	6584	1.66e-23	60
ERR2061617376	Chr6	98.333	60	1	1	60	11663	11604	1.66e-23	60
ERR2061617376	Chr6	98.333	60	1	1	60	16700	16641	1.66e-23	60
ERR2061617376	Chr6	98.333	60	1	1	60	21722	21663	1.66e-23	60
ERR2061617376	Chr6	98.333	60	1	1	60	6106539	6106598	1.66e-23	60
ERR2061617376	Chr6	98.333	60	1	1	60	6111654	6111713	1.66e-23	60
ERR2061617376	Chr6	98.333	60	1	1	60	6116699	6116758	1.66e-23	60
ERR2061617376	Chr6	98.333	60	1	1	60	6121739	6121798	1.66e-23	60
ERR2061617376	Chr6	98.333	60	1	1	60	6126900	6126959	1.66e-23	60
ERR2061617376	Chr6	98.333	60	1	1	60	6131941	6132000	1.66e-23	60
ERR2061617376	Chr6	95.000	60	2	1	60	1662	1604	1.29e-19	60
ERR2061617376	Chr6	95.000	60	2	1	60	6709	6651	1.29e-19	60
ERR2061617376	Chr6	95.000	60	2	1	60	11729	11671	1.29e-19	60
ERR2061617376	Chr6	95.000	60	2	1	60	16766	16708	1.29e-19	60
ERR2061617376	Chr6	95.000	60	2	1	60	21788	21730	1.29e-19	60
ERR2061617376	Chr6	95.000	60	2	1	60	6106473	6106531	1.29e-19	60
ERR2061617376	Chr6	95.000	60	2	1	60	6111588	6111646	1.29e-19	60
ERR2061617376	Chr6	95.000	60	2	1	60	6116633	6116691	1.29e-19	60
ERR2061617376	Chr6	95.000	60	2	1	60	6121673	6121731	1.29e-19	60
ERR2061617376	Chr6	95.000	60	2	1	60	6126834	6126892	1.29e-19	60
ERR2061617376	Chr6	95.000	60	2	1	60	6131875	6131933	1.29e-19	60
ERR2061617376	Chr6	94.915	59	1	2	60	1726	1670	4.64e-19	60
ERR2061617376	Chr6	94.915	59	1	2	60	6773	6717	4.64e-19	60
ERR2061617376	Chr6	94.915	59	1	2	60	11793	11737	4.64e-19	60
ERR2061617376	Chr6	94.915	59	1	2	60	16830	16774	4.64e-19	60
ERR2061617376	Chr6	94.915	59	1	2	60	21852	21796	4.64e-19	60
ERR2061617376	Chr6	94.915	59	1	2	60	6106409	6106465	4.64e-19	60
ERR2061617376	Chr6	94.915	59	1	2	60	6111524	6111580	4.64e-19	60
ERR2061617376	Chr6	94.915	59	1	2	60	6116569	6116625	4.64e-19	60
ERR2061617376	Chr6	94.915	59	1	2	60	6121609	6121665	4.64e-19	60
ERR2061617376	Chr6	94.915	59	1	2	60	6126770	6126826	4.64e-19	60
ERR2061617376	Chr6	94.915	59	1	2	60	6131811	6131867	4.64e-19	60
ERR2061617376	Chr5	98.333	60	1	1	60	1349	1290	1.66e-23	60
ERR2061617376	Chr5	98.333	60	1	1	60	4438547	4438606	1.66e-23	60
ERR2061617376	Chr5	98.333	60	1	1	60	4443575	4443634	1.66e-23	60
ERR2061617376	Chr5	98.333	60	1	1	60	4448616	4448675	1.66e-23	60
ERR2061617376	Chr5	98.333	60	1	1	60	4453670	4453729	1.66e-23	60
ERR2061617376	Chr5	98.333	60	1	1	60	4458713	4458772	1.66e-23	60
ERR2061617376	Chr5	95.000	60	2	1	60	1415	1357	1.29e-19	60
ERR2061617376	Chr5	95.000	60	2	1	60	4438481	4438539	1.29e-19	60
ERR2061617376	Chr5	95.000	60	2	1	60	4443509	4443567	1.29e-19	60
ERR2061617376	Chr5	95.000	60	2	1	60	4448550	4448608	1.29e-19	60
ERR2061617376	Chr5	95.000	60	2	1	60	4453604	4453662	1.29e-19	60
ERR2061617376	Chr5	95.000	60	2	1	60	4458647	4458705	1.29e-19	60
ERR2061617376	Chr5	94.915	59	1	2	60	1479	1423	4.64e-19	60
ERR2061617376	Chr5	94.915	59	1	2	60	4438417	4438473	4.64e-19	60
ERR2061617376	Chr5	94.915	59	1	2	60	4443445	4443501	4.64e-19	60
ERR2061617376	Chr5	94.915	59	1	2	60	4448486	4448542	4.64e-19	60
ERR2061617376	Chr5	94.915	59	1	2	60	4453540	4453596	4.64e-19	60
ERR2061617376	Chr5	94.915	59	1	2	60	4458583	4458639	4.64e-19	60
ERR2061617376	Chr4	98.333	60	1	1	60	1430	1371	1.66e-23	60
ERR2061617376	Chr4	98.333	60	1	1	60	6456	6397	1.66e-23	60
ERR2061617376	Chr4	98.333	60	1	1	60	11494	11435	1.66e-23	60
ERR2061617376	Chr4	98.333	60	1	1	60	5397484	5397543	1.66e-23	60
ERR2061617376	Chr4	98.333	60	1	1	60	5402529	5402588	1.66e-23	60
ERR2061617376	Chr4	98.333	60	1	1	60	5407567	5407626	1.66e-23	60
ERR2061617376	Chr4	98.333	60	1	1	60	5411782	5411841	1.66e-23	60
ERR2061617376	Chr4	95.000	60	2	1	60	1496	1438	1.29e-19	60
ERR2061617376	Chr4	95.000	60	2	1	60	6522	6464	1.29e-19	60
ERR2061617376	Chr4	95.000	60	2	1	60	11560	11502	1.29e-19	60
ERR2061617376	Chr4	95.000	60	2	1	60	5397418	5397476	1.29e-19	60
ERR2061617376	Chr4	95.000	60	2	1	60	5402463	5402521	1.29e-19	60
ERR2061617376	Chr4	95.000	60	2	1	60	5407501	5407559	1.29e-19	60
ERR2061617376	Chr4	95.000	60	2	1	60	5411716	5411774	1.29e-19	60
ERR2061617376	Chr4	94.915	59	1	2	60	1560	1504	4.64e-19	60
ERR2061617376	Chr4	94.915	59	1	2	60	6586	6530	4.64e-19	60
ERR2061617376	Chr4	94.915	59	1	2	60	11624	11568	4.64e-19	60
ERR2061617376	Chr4	94.915	59	1	2	60	5397354	5397410	4.64e-19	60
ERR2061617376	Chr4	94.915	59	1	2	60	5402399	5402455	4.64e-19	60
ERR2061617376	Chr4	94.915	59	1	2	60	5407437	5407493	4.64e-19	60
ERR2061617376	Chr4	94.915	59	1	2	60	5411652	5411708	4.64e-19	60
ERR2061617376	Chr3	98.333	60	1	1	60	967	908	1.66e-23	60
ERR2061617376	Chr3	98.333	60	1	1	60	5958	5899	1.66e-23	60
ERR2061617376	Chr3	98.333	60	1	1	60	10947	10888	1.66e-23	60
ERR2061617376	Chr3	98.333	60	1	1	60	8226285	8226344	1.66e-23	60
ERR2061617376	Chr3	98.333	60	1	1	60	8231299	8231358	1.66e-23	60
ERR2061617376	Chr3	98.333	60	1	1	60	8236333	8236392	1.66e-23	60
ERR2061617376	Chr3	95.000	60	2	1	60	1033	975	1.29e-19	60
ERR2061617376	Chr3	95.000	60	2	1	60	6024	5966	1.29e-19	60
ERR2061617376	Chr3	95.000	60	2	1	60	11013	10955	1.29e-19	60
ERR2061617376	Chr3	95.000	60	2	1	60	8226219	8226277	1.29e-19	60
ERR2061617376	Chr3	95.000	60	2	1	60	8231233	8231291	1.29e-19	60
ERR2061617376	Chr3	95.000	60	2	1	60	8236267	8236325	1.29e-19	60
ERR2061617376	Chr3	94.915	59	1	2	60	1097	1041	4.64e-19	60
ERR2061617376	Chr3	94.915	59	1	2	60	6088	6032	4.64e-19	60
ERR2061617376	Chr3	94.915	59	1	2	60	11077	11021	4.64e-19	60
ERR2061617376	Chr3	94.915	59	1	2	60	8226155	8226211	4.64e-19	60
ERR2061617376	Chr3	94.915	59	1	2	60	8231169	8231225	4.64e-19	60
ERR2061617376	Chr3	94.915	59	1	2	60	8236203	8236259	4.64e-19	60
ERR2061617376	Chr2	98.333	60	1	1	60	1554	1495	1.66e-23	60
ERR2061617376	Chr2	98.333	60	1	1	60	6629	6570	1.66e-23	60
ERR2061617376	Chr2	98.333	60	1	1	60	11655	11596	1.66e-23	60
ERR2061617376	Chr2	98.333	60	1	1	60	7914026	7914085	1.66e-23	60
ERR2061617376	Chr2	95.000	60	2	1	60	1620	1562	1.29e-19	60
ERR2061617376	Chr2	95.000	60	2	1	60	6695	6637	1.29e-19	60
ERR2061617376	Chr2	95.000	60	2	1	60	11721	11663	1.29e-19	60
ERR2061617376	Chr2	95.000	60	2	1	60	7913960	7914018	1.29e-19	60
ERR2061617376	Chr2	94.915	59	1	2	60	1684	1628	4.64e-19	60
ERR2061617376	Chr2	94.915	59	1	2	60	6759	6703	4.64e-19	60
ERR2061617376	Chr2	94.915	59	1	2	60	11785	11729	4.64e-19	60
ERR2061617376	Chr2	94.915	59	1	2	60	7913896	7913952	4.64e-19	60
ERR2061617376	Chr1	98.333	60	1	1	60	6666785	6666844	1.66e-23	60
ERR2061617376	Chr1	95.000	60	2	1	60	6666719	6666777	1.29e-19	60
ERR2061617376	Chr1	94.915	59	1	2	60	6666655	6666711	4.64e-19	60
ERR20616176072	Chr8	98.333	60	1	1	60	3103	3044	1.66e-23	60
ERR20616176072	Chr8	98.333	60	1	1	60	8273	8214	1.66e-23	60
ERR20616176072	Chr8	98.333	60	1	1	60	13303	13244	1.66e-23	60
ERR20616176072	Chr8	98.333	60	1	1	60	1845866	1845925	1.66e-23	60
ERR20616176072	Chr8	98.333	60	1	1	60	1851003	1851062	1.66e-23	60
ERR20616176072	Chr8	98.333	60	1	1	60	1856069	1856128	1.66e-23	60
ERR20616176072	Chr8	98.333	60	1	1	60	1901844	1901903	1.66e-23	60
ERR20616176072	Chr8	96.667	60	1	1	60	1861089	1861147	2.77e-21	60
ERR20616176072	Chr8	96.667	60	1	1	60	1866232	1866290	2.77e-21	60
ERR20616176072	Chr8	96.667	60	1	1	60	1871373	1871431	2.77e-21	60
ERR20616176072	Chr8	96.667	60	1	1	60	1876496	1876554	2.77e-21	60
ERR20616176072	Chr8	96.667	60	1	1	60	1886751	1886809	2.77e-21	60
ERR20616176072	Chr8	96.667	60	1	1	60	1891742	1891800	2.77e-21	60
ERR20616176072	Chr8	96.667	60	1	1	60	1896832	1896890	2.77e-21	60
ERR20616176072	Chr8	96.610	59	1	2	60	3168	3111	9.97e-21	60
ERR20616176072	Chr8	96.610	59	0	2	60	3233	3177	9.97e-21	60
ERR20616176072	Chr8	96.610	59	1	2	60	8338	8281	9.97e-21	60
ERR20616176072	Chr8	96.610	59	0	2	60	8403	8347	9.97e-21	60
ERR20616176072	Chr8	96.610	59	1	2	60	13368	13311	9.97e-21	60
ERR20616176072	Chr8	96.610	59	0	2	60	13433	13377	9.97e-21	60
ERR20616176072	Chr8	96.610	59	0	2	60	1845736	1845792	9.97e-21	60
ERR20616176072	Chr8	96.610	59	1	2	60	1845801	1845858	9.97e-21	60
ERR20616176072	Chr8	96.610	59	0	2	60	1850873	1850929	9.97e-21	60
ERR20616176072	Chr8	96.610	59	1	2	60	1850938	1850995	9.97e-21	60
ERR20616176072	Chr8	96.610	59	0	2	60	1855939	1855995	9.97e-21	60
ERR20616176072	Chr8	96.610	59	1	2	60	1856004	1856061	9.97e-21	60
ERR20616176072	Chr8	96.610	59	0	2	60	1860959	1861015	9.97e-21	60
ERR20616176072	Chr8	96.610	59	1	2	60	1861024	1861081	9.97e-21	60
ERR20616176072	Chr8	96.610	59	1	2	60	1866167	1866224	9.97e-21	60
ERR20616176072	Chr8	96.610	59	0	2	60	1876365	1876421	9.97e-21	60
ERR20616176072	Chr8	96.610	59	1	2	60	1881556	1881613	9.97e-21	60
ERR20616176072	Chr8	96.610	59	0	2	60	1891612	1891668	9.97e-21	60
ERR20616176072	Chr8	96.610	59	1	2	60	1891677	1891734	9.97e-21	60
ERR20616176072	Chr8	96.610	59	1	2	60	1896767	1896824	9.97e-21	60
ERR20616176072	Chr8	96.610	59	1	2	60	1901779	1901836	9.97e-21	60
ERR20616176072	Chr8	95.000	60	1	2	60	1871307	1871365	1.29e-19	60
ERR20616176072	Chr8	95.000	60	0	2	60	1866101	1866158	4.64e-19	60
ERR20616176072	Chr8	95.000	60	0	2	60	1871241	1871298	4.64e-19	60
ERR20616176072	Chr8	93.548	62	1	1	60	1881621	1881681	1.67e-18	60
ERR20616176072	Chr8	94.828	58	2	3	60	1886687	1886743	1.67e-18	60
ERR20616176072	Chr7	98.333	60	1	1	60	1395	1336	1.66e-23	60
ERR20616176072	Chr7	98.333	60	1	1	60	6425	6366	1.66e-23	60
ERR20616176072	Chr7	98.333	60	1	1	60	4040168	4040227	1.66e-23	60
ERR20616176072	Chr7	98.333	60	1	1	60	4047629	4047688	1.66e-23	60
ERR20616176072	Chr7	98.333	60	1	1	60	4052658	4052717	1.66e-23	60
ERR20616176072	Chr7	98.333	60	1	1	60	4057816	4057875	1.66e-23	60
ERR20616176072	Chr7	98.333	60	1	1	60	4062847	4062906	1.66e-23	60
ERR20616176072	Chr7	98.333	60	1	1	60	4067872	4067931	1.66e-23	60
ERR20616176072	Chr7	98.333	60	1	1	60	4072977	4073036	1.66e-23	60
ERR20616176072	Chr7	98.333	60	1	1	60	4077972	4078031	1.66e-23	60
ERR20616176072	Chr7	96.610	59	1	2	60	1460	1403	9.97e-21	60
ERR20616176072	Chr7	96.610	59	0	2	60	1525	1469	9.97e-21	60
ERR20616176072	Chr7	96.610	59	1	2	60	6490	6433	9.97e-21	60
ERR20616176072	Chr7	96.610	59	0	2	60	6555	6499	9.97e-21	60
ERR20616176072	Chr7	96.610	59	0	2	60	4040038	4040094	9.97e-21	60
ERR20616176072	Chr7	96.610	59	1	2	60	4040103	4040160	9.97e-21	60
ERR20616176072	Chr7	96.610	59	0	2	60	4047499	4047555	9.97e-21	60
ERR20616176072	Chr7	96.610	59	1	2	60	4047564	4047621	9.97e-21	60
ERR20616176072	Chr7	96.610	59	0	2	60	4052528	4052584	9.97e-21	60
ERR20616176072	Chr7	96.610	59	1	2	60	4052593	4052650	9.97e-21	60
ERR20616176072	Chr7	96.610	59	0	2	60	4057686	4057742	9.97e-21	60
ERR20616176072	Chr7	96.610	59	1	2	60	4057751	4057808	9.97e-21	60
ERR20616176072	Chr7	96.610	59	0	2	60	4062717	4062773	9.97e-21	60
ERR20616176072	Chr7	96.610	59	1	2	60	4062782	4062839	9.97e-21	60
ERR20616176072	Chr7	96.610	59	0	2	60	4067741	4067797	9.97e-21	60
ERR20616176072	Chr7	96.610	59	1	2	60	4067807	4067864	9.97e-21	60
ERR20616176072	Chr7	96.610	59	0	2	60	4072847	4072903	9.97e-21	60
ERR20616176072	Chr7	96.610	59	1	2	60	4072912	4072969	9.97e-21	60
ERR20616176072	Chr7	96.610	59	0	2	60	4077842	4077898	9.97e-21	60
ERR20616176072	Chr7	96.610	59	1	2	60	4077907	4077964	9.97e-21	60
ERR20616176072	Chr6	98.333	60	1	1	60	1592	1533	1.66e-23	60
ERR20616176072	Chr6	98.333	60	1	1	60	6639	6580	1.66e-23	60
ERR20616176072	Chr6	98.333	60	1	1	60	11659	11600	1.66e-23	60
ERR20616176072	Chr6	98.333	60	1	1	60	16696	16637	1.66e-23	60
ERR20616176072	Chr6	98.333	60	1	1	60	21718	21659	1.66e-23	60
ERR20616176072	Chr6	98.333	60	1	1	60	6106543	6106602	1.66e-23	60
ERR20616176072	Chr6	98.333	60	1	1	60	6111658	6111717	1.66e-23	60
ERR20616176072	Chr6	98.333	60	1	1	60	6116703	6116762	1.66e-23	60
ERR20616176072	Chr6	98.333	60	1	1	60	6121743	6121802	1.66e-23	60
ERR20616176072	Chr6	98.333	60	1	1	60	6126904	6126963	1.66e-23	60
ERR20616176072	Chr6	98.333	60	1	1	60	6131945	6132004	1.66e-23	60
ERR20616176072	Chr6	96.610	59	1	2	60	1657	1600	9.97e-21	60
ERR20616176072	Chr6	96.610	59	0	2	60	1722	1666	9.97e-21	60
ERR20616176072	Chr6	96.610	59	1	2	60	6704	6647	9.97e-21	60
ERR20616176072	Chr6	96.610	59	0	2	60	6769	6713	9.97e-21	60
ERR20616176072	Chr6	96.610	59	1	2	60	11724	11667	9.97e-21	60
ERR20616176072	Chr6	96.610	59	0	2	60	11789	11733	9.97e-21	60
ERR20616176072	Chr6	96.610	59	1	2	60	16761	16704	9.97e-21	60
ERR20616176072	Chr6	96.610	59	0	2	60	16826	16770	9.97e-21	60
ERR20616176072	Chr6	96.610	59	1	2	60	21783	21726	9.97e-21	60
ERR20616176072	Chr6	96.610	59	0	2	60	21848	21792	9.97e-21	60
ERR20616176072	Chr6	96.610	59	0	2	60	6106413	6106469	9.97e-21	60
ERR20616176072	Chr6	96.610	59	1	2	60	6106478	6106535	9.97e-21	60
ERR20616176072	Chr6	96.610	59	0	2	60	6111528	6111584	9.97e-21	60
ERR20616176072	Chr6	96.610	59	1	2	60	6111593	6111650	9.97e-21	60
ERR20616176072	Chr6	96.610	59	0	2	60	6116573	6116629	9.97e-21	60
ERR20616176072	Chr6	96.610	59	1	2	60	6116638	6116695	9.97e-21	60
ERR20616176072	Chr6	96.610	59	0	2	60	6121613	6121669	9.97e-21	60
ERR20616176072	Chr6	96.610	59	1	2	60	6121678	6121735	9.97e-21	60
ERR20616176072	Chr6	96.610	59	0	2	60	6126774	6126830	9.97e-21	60
ERR20616176072	Chr6	96.610	59	1	2	60	6126839	6126896	9.97e-21	60
ERR20616176072	Chr6	96.610	59	0	2	60	6131815	6131871	9.97e-21	60
ERR20616176072	Chr6	96.610	59	1	2	60	6131880	6131937	9.97e-21	60
ERR20616176072	Chr5	98.333	60	1	1	60	1345	1286	1.66e-23	60
ERR20616176072	Chr5	98.333	60	1	1	60	4438551	4438610	1.66e-23	60
ERR20616176072	Chr5	98.333	60	1	1	60	4443579	4443638	1.66e-23	60
ERR20616176072	Chr5	98.333	60	1	1	60	4448620	4448679	1.66e-23	60
ERR20616176072	Chr5	98.333	60	1	1	60	4453674	4453733	1.66e-23	60
ERR20616176072	Chr5	98.333	60	1	1	60	4458717	4458776	1.66e-23	60
ERR20616176072	Chr5	96.610	59	1	2	60	1410	1353	9.97e-21	60
ERR20616176072	Chr5	96.610	59	0	2	60	1475	1419	9.97e-21	60
ERR20616176072	Chr5	96.610	59	0	2	60	4438421	4438477	9.97e-21	60
ERR20616176072	Chr5	96.610	59	1	2	60	4438486	4438543	9.97e-21	60
ERR20616176072	Chr5	96.610	59	0	2	60	4443449	4443505	9.97e-21	60
ERR20616176072	Chr5	96.610	59	1	2	60	4443514	4443571	9.97e-21	60
ERR20616176072	Chr5	96.610	59	0	2	60	4448490	4448546	9.97e-21	60
ERR20616176072	Chr5	96.610	59	1	2	60	4448555	4448612	9.97e-21	60
ERR20616176072	Chr5	96.610	59	0	2	60	4453544	4453600	9.97e-21	60
ERR20616176072	Chr5	96.610	59	1	2	60	4453609	4453666	9.97e-21	60
ERR20616176072	Chr5	96.610	59	0	2	60	4458587	4458643	9.97e-21	60
ERR20616176072	Chr5	96.610	59	1	2	60	4458652	4458709	9.97e-21	60
ERR20616176072	Chr4	98.333	60	1	1	60	1426	1367	1.66e-23	60
ERR20616176072	Chr4	98.333	60	1	1	60	6452	6393	1.66e-23	60
ERR20616176072	Chr4	98.333	60	1	1	60	11490	11431	1.66e-23	60
ERR20616176072	Chr4	98.333	60	1	1	60	5397488	5397547	1.66e-23	60
ERR20616176072	Chr4	98.333	60	1	1	60	5402533	5402592	1.66e-23	60
ERR20616176072	Chr4	98.333	60	1	1	60	5407571	5407630	1.66e-23	60
ERR20616176072	Chr4	98.333	60	1	1	60	5411786	5411845	1.66e-23	60
ERR20616176072	Chr4	96.610	59	1	2	60	1491	1434	9.97e-21	60
ERR20616176072	Chr4	96.610	59	0	2	60	1556	1500	9.97e-21	60
ERR20616176072	Chr4	96.610	59	1	2	60	6517	6460	9.97e-21	60
ERR20616176072	Chr4	96.610	59	0	2	60	6582	6526	9.97e-21	60
ERR20616176072	Chr4	96.610	59	1	2	60	11555	11498	9.97e-21	60
ERR20616176072	Chr4	96.610	59	0	2	60	11620	11564	9.97e-21	60
ERR20616176072	Chr4	96.610	59	0	2	60	5397358	5397414	9.97e-21	60
ERR20616176072	Chr4	96.610	59	1	2	60	5397423	5397480	9.97e-21	60
ERR20616176072	Chr4	96.610	59	0	2	60	5402403	5402459	9.97e-21	60
ERR20616176072	Chr4	96.610	59	1	2	60	5402468	5402525	9.97e-21	60
ERR20616176072	Chr4	96.610	59	0	2	60	5407441	5407497	9.97e-21	60
ERR20616176072	Chr4	96.610	59	1	2	60	5407506	5407563	9.97e-21	60
ERR20616176072	Chr4	96.610	59	0	2	60	5411656	5411712	9.97e-21	60
ERR20616176072	Chr4	96.610	59	1	2	60	5411721	5411778	9.97e-21	60
ERR20616176072	Chr3	98.333	60	1	1	60	963	904	1.66e-23	60
ERR20616176072	Chr3	98.333	60	1	1	60	5954	5895	1.66e-23	60
ERR20616176072	Chr3	98.333	60	1	1	60	10943	10884	1.66e-23	60
ERR20616176072	Chr3	98.333	60	1	1	60	8226289	8226348	1.66e-23	60
ERR20616176072	Chr3	98.333	60	1	1	60	8231303	8231362	1.66e-23	60
ERR20616176072	Chr3	98.333	60	1	1	60	8236337	8236396	1.66e-23	60
ERR20616176072	Chr3	96.610	59	1	2	60	1028	971	9.97e-21	60
ERR20616176072	Chr3	96.610	59	0	2	60	1093	1037	9.97e-21	60
ERR20616176072	Chr3	96.610	59	1	2	60	6019	5962	9.97e-21	60
ERR20616176072	Chr3	96.610	59	0	2	60	6084	6028	9.97e-21	60
ERR20616176072	Chr3	96.610	59	1	2	60	11008	10951	9.97e-21	60
ERR20616176072	Chr3	96.610	59	0	2	60	11073	11017	9.97e-21	60
ERR20616176072	Chr3	96.610	59	0	2	60	8226159	8226215	9.97e-21	60
ERR20616176072	Chr3	96.610	59	1	2	60	8226224	8226281	9.97e-21	60
ERR20616176072	Chr3	96.610	59	0	2	60	8231173	8231229	9.97e-21	60
ERR20616176072	Chr3	96.610	59	1	2	60	8231238	8231295	9.97e-21	60
ERR20616176072	Chr3	96.610	59	0	2	60	8236207	8236263	9.97e-21	60
ERR20616176072	Chr3	96.610	59	1	2	60	8236272	8236329	9.97e-21	60
ERR20616176072	Chr2	98.333	60	1	1	60	1550	1491	1.66e-23	60
ERR20616176072	Chr2	98.333	60	1	1	60	6625	6566	1.66e-23	60
ERR20616176072	Chr2	98.333	60	1	1	60	11651	11592	1.66e-23	60
ERR20616176072	Chr2	98.333	60	1	1	60	7914030	7914089	1.66e-23	60
ERR20616176072	Chr2	96.610	59	1	2	60	1615	1558	9.97e-21	60
ERR20616176072	Chr2	96.610	59	0	2	60	1680	1624	9.97e-21	60
ERR20616176072	Chr2	96.610	59	1	2	60	6690	6633	9.97e-21	60
ERR20616176072	Chr2	96.610	59	0	2	60	6755	6699	9.97e-21	60
ERR20616176072	Chr2	96.610	59	1	2	60	11716	11659	9.97e-21	60
ERR20616176072	Chr2	96.610	59	0	2	60	11781	11725	9.97e-21	60
ERR20616176072	Chr2	96.610	59	0	2	60	7913900	7913956	9.97e-21	60
ERR20616176072	Chr2	96.610	59	1	2	60	7913965	7914022	9.97e-21	60
ERR20616176072	Chr1	98.333	60	1	1	60	6666789	6666848	1.66e-23	60
ERR20616176072	Chr1	96.610	59	0	2	60	6666659	6666715	9.97e-21	60
ERR20616176072	Chr1	96.610	59	1	2	60	6666724	6666781	9.97e-21	60
ERR20616174120	Chr6	100.000	60	0	1	60	226159	226100	3.56e-25	60
ERR20616175968	Chr6	100.000	60	0	1	60	1369358	1369299	3.56e-25	60
ERR20616171312	Chr8	97.561	41	1	1	41	3025	3065	3.10e-13	41
ERR20616171312	Chr8	97.561	41	1	1	41	3092	3132	3.10e-13	41
ERR20616171312	Chr8	97.561	41	1	1	41	8195	8235	3.10e-13	41
ERR20616171312	Chr8	97.561	41	1	1	41	8262	8302	3.10e-13	41
ERR20616171312	Chr8	97.561	41	1	1	41	13225	13265	3.10e-13	41
ERR20616171312	Chr8	97.561	41	1	1	41	13292	13332	3.10e-13	41
ERR20616171312	Chr8	97.561	41	1	1	41	1845877	1845837	3.10e-13	41
ERR20616171312	Chr8	97.561	41	1	1	41	1845944	1845904	3.10e-13	41
ERR20616171312	Chr8	97.561	41	1	1	41	1851014	1850974	3.10e-13	41
ERR20616171312	Chr8	97.561	41	1	1	41	1851081	1851041	3.10e-13	41
ERR20616171312	Chr8	97.561	41	1	1	41	1856080	1856040	3.10e-13	41
ERR20616171312	Chr8	97.561	41	1	1	41	1856147	1856107	3.10e-13	41
ERR20616171312	Chr8	97.561	41	1	1	41	1861100	1861060	3.10e-13	41
ERR20616171312	Chr8	97.561	41	1	1	41	1861166	1861126	3.10e-13	41
ERR20616171312	Chr8	97.561	41	1	1	41	1866243	1866203	3.10e-13	41
ERR20616171312	Chr8	97.561	41	1	1	41	1866309	1866269	3.10e-13	41
ERR20616171312	Chr8	97.561	41	1	1	41	1871450	1871410	3.10e-13	41
ERR20616171312	Chr8	97.561	41	1	1	41	1876573	1876533	3.10e-13	41
ERR20616171312	Chr8	97.561	41	1	1	41	1881632	1881592	3.10e-13	41
ERR20616171312	Chr8	97.561	41	1	1	41	1886762	1886722	3.10e-13	41
ERR20616171312	Chr8	97.561	41	1	1	41	1886828	1886788	3.10e-13	41
ERR20616171312	Chr8	97.561	41	1	1	41	1891753	1891713	3.10e-13	41
ERR20616171312	Chr8	97.561	41	1	1	41	1891819	1891779	3.10e-13	41
ERR20616171312	Chr8	97.561	41	1	1	41	1896843	1896803	3.10e-13	41
ERR20616171312	Chr8	97.561	41	1	1	41	1896909	1896869	3.10e-13	41
ERR20616171312	Chr8	97.561	41	1	1	41	1901855	1901815	3.10e-13	41
ERR20616171312	Chr8	97.561	41	1	1	41	1901922	1901882	3.10e-13	41
ERR20616171312	Chr7	97.561	41	1	1	41	1317	1357	3.10e-13	41
ERR20616171312	Chr7	97.561	41	1	1	41	1384	1424	3.10e-13	41
ERR20616171312	Chr7	97.561	41	1	1	41	6347	6387	3.10e-13	41
ERR20616171312	Chr7	97.561	41	1	1	41	6414	6454	3.10e-13	41
ERR20616171312	Chr7	97.561	41	1	1	41	4040179	4040139	3.10e-13	41
ERR20616171312	Chr7	97.561	41	1	1	41	4040246	4040206	3.10e-13	41
ERR20616171312	Chr7	97.561	41	1	1	41	4047640	4047600	3.10e-13	41
ERR20616171312	Chr7	97.561	41	1	1	41	4047707	4047667	3.10e-13	41
ERR20616171312	Chr7	97.561	41	1	1	41	4052669	4052629	3.10e-13	41
ERR20616171312	Chr7	97.561	41	1	1	41	4052736	4052696	3.10e-13	41
ERR20616171312	Chr7	97.561	41	1	1	41	4057827	4057787	3.10e-13	41
ERR20616171312	Chr7	97.561	41	1	1	41	4057894	4057854	3.10e-13	41
ERR20616171312	Chr7	97.561	41	1	1	41	4062858	4062818	3.10e-13	41
ERR20616171312	Chr7	97.561	41	1	1	41	4062925	4062885	3.10e-13	41
ERR20616171312	Chr7	97.561	41	1	1	41	4067883	4067843	3.10e-13	41
ERR20616171312	Chr7	97.561	41	1	1	41	4072988	4072948	3.10e-13	41
ERR20616171312	Chr7	97.561	41	1	1	41	4077983	4077943	3.10e-13	41
ERR20616171312	Chr6	97.561	41	1	1	41	1514	1554	3.10e-13	41
ERR20616171312	Chr6	97.561	41	1	1	41	1581	1621	3.10e-13	41
ERR20616171312	Chr6	97.561	41	1	1	41	6561	6601	3.10e-13	41
ERR20616171312	Chr6	97.561	41	1	1	41	6628	6668	3.10e-13	41
ERR20616171312	Chr6	97.561	41	1	1	41	11581	11621	3.10e-13	41
ERR20616171312	Chr6	97.561	41	1	1	41	11648	11688	3.10e-13	41
ERR20616171312	Chr6	97.561	41	1	1	41	16618	16658	3.10e-13	41
ERR20616171312	Chr6	97.561	41	1	1	41	16685	16725	3.10e-13	41
ERR20616171312	Chr6	97.561	41	1	1	41	21707	21747	3.10e-13	41
ERR20616171312	Chr6	97.561	41	1	1	41	6106554	6106514	3.10e-13	41
ERR20616171312	Chr6	97.561	41	1	1	41	6106621	6106581	3.10e-13	41
ERR20616171312	Chr6	97.561	41	1	1	41	6111669	6111629	3.10e-13	41
ERR20616171312	Chr6	97.561	41	1	1	41	6111736	6111696	3.10e-13	41
ERR20616171312	Chr6	97.561	41	1	1	41	6116714	6116674	3.10e-13	41
ERR20616171312	Chr6	97.561	41	1	1	41	6116781	6116741	3.10e-13	41
ERR20616171312	Chr6	97.561	41	1	1	41	6121754	6121714	3.10e-13	41
ERR20616171312	Chr6	97.561	41	1	1	41	6121821	6121781	3.10e-13	41
ERR20616171312	Chr6	97.561	41	1	1	41	6126915	6126875	3.10e-13	41
ERR20616171312	Chr6	97.561	41	1	1	41	6126982	6126942	3.10e-13	41
ERR20616171312	Chr6	97.561	41	1	1	41	6131956	6131916	3.10e-13	41
ERR20616171312	Chr6	97.561	41	1	1	41	6132023	6131983	3.10e-13	41
ERR20616171312	Chr6	95.238	42	1	1	41	21639	21680	1.44e-11	41
ERR20616171312	Chr5	97.561	41	1	1	41	1267	1307	3.10e-13	41
ERR20616171312	Chr5	97.561	41	1	1	41	1334	1374	3.10e-13	41
ERR20616171312	Chr5	97.561	41	1	1	41	4438562	4438522	3.10e-13	41
ERR20616171312	Chr5	97.561	41	1	1	41	4438629	4438589	3.10e-13	41
ERR20616171312	Chr5	97.561	41	1	1	41	4443590	4443550	3.10e-13	41
ERR20616171312	Chr5	97.561	41	1	1	41	4443657	4443617	3.10e-13	41
ERR20616171312	Chr5	97.561	41	1	1	41	4448631	4448591	3.10e-13	41
ERR20616171312	Chr5	97.561	41	1	1	41	4448698	4448658	3.10e-13	41
ERR20616171312	Chr5	97.561	41	1	1	41	4453685	4453645	3.10e-13	41
ERR20616171312	Chr5	97.561	41	1	1	41	4453752	4453712	3.10e-13	41
ERR20616171312	Chr5	97.561	41	1	1	41	4458728	4458688	3.10e-13	41
ERR20616171312	Chr5	97.561	41	1	1	41	4458795	4458755	3.10e-13	41
ERR20616171312	Chr4	97.561	41	1	1	41	1348	1388	3.10e-13	41
ERR20616171312	Chr4	97.561	41	1	1	41	1415	1455	3.10e-13	41
ERR20616171312	Chr4	97.561	41	1	1	41	6374	6414	3.10e-13	41
ERR20616171312	Chr4	97.561	41	1	1	41	6441	6481	3.10e-13	41
ERR20616171312	Chr4	97.561	41	1	1	41	11412	11452	3.10e-13	41
ERR20616171312	Chr4	97.561	41	1	1	41	11479	11519	3.10e-13	41
ERR20616171312	Chr4	97.561	41	1	1	41	5397499	5397459	3.10e-13	41
ERR20616171312	Chr4	97.561	41	1	1	41	5397566	5397526	3.10e-13	41
ERR20616171312	Chr4	97.561	41	1	1	41	5402544	5402504	3.10e-13	41
ERR20616171312	Chr4	97.561	41	1	1	41	5402611	5402571	3.10e-13	41
ERR20616171312	Chr4	97.561	41	1	1	41	5407582	5407542	3.10e-13	41
ERR20616171312	Chr4	97.561	41	1	1	41	5407649	5407609	3.10e-13	41
ERR20616171312	Chr4	97.561	41	1	1	41	5411797	5411757	3.10e-13	41
ERR20616171312	Chr4	97.561	41	1	1	41	5411864	5411824	3.10e-13	41
ERR20616171312	Chr3	97.561	41	1	1	41	885	925	3.10e-13	41
ERR20616171312	Chr3	97.561	41	1	1	41	952	992	3.10e-13	41
ERR20616171312	Chr3	97.561	41	1	1	41	5876	5916	3.10e-13	41
ERR20616171312	Chr3	97.561	41	1	1	41	5943	5983	3.10e-13	41
ERR20616171312	Chr3	97.561	41	1	1	41	10865	10905	3.10e-13	41
ERR20616171312	Chr3	97.561	41	1	1	41	10932	10972	3.10e-13	41
ERR20616171312	Chr3	97.561	41	1	1	41	8226300	8226260	3.10e-13	41
ERR20616171312	Chr3	97.561	41	1	1	41	8226367	8226327	3.10e-13	41
ERR20616171312	Chr3	97.561	41	1	1	41	8231314	8231274	3.10e-13	41
ERR20616171312	Chr3	97.561	41	1	1	41	8236348	8236308	3.10e-13	41
ERR20616171312	Chr3	97.561	41	1	1	41	8236415	8236375	3.10e-13	41
ERR20616171312	Chr3	95.238	42	1	1	41	8231382	8231341	1.44e-11	41
ERR20616171312	Chr2	97.561	41	1	1	41	1539	1579	3.10e-13	41
ERR20616171312	Chr2	97.561	41	1	1	41	6547	6587	3.10e-13	41
ERR20616171312	Chr2	97.561	41	1	1	41	6614	6654	3.10e-13	41
ERR20616171312	Chr2	97.561	41	1	1	41	11573	11613	3.10e-13	41
ERR20616171312	Chr2	97.561	41	1	1	41	11640	11680	3.10e-13	41
ERR20616171312	Chr2	97.561	41	1	1	41	7914041	7914001	3.10e-13	41
ERR20616171312	Chr2	97.561	41	1	1	41	7914108	7914068	3.10e-13	41
ERR20616171312	Chr1	97.561	41	1	1	41	6666800	6666760	3.10e-13	41
ERR20616171312	Chr1	97.561	41	1	1	41	6666867	6666827	3.10e-13	41
ERR2061617496	Chr8	97.561	41	1	1	41	3025	3065	3.10e-13	41
ERR2061617496	Chr8	97.561	41	1	1	41	3092	3132	3.10e-13	41
ERR2061617496	Chr8	97.561	41	1	1	41	8195	8235	3.10e-13	41
ERR2061617496	Chr8	97.561	41	1	1	41	8262	8302	3.10e-13	41
ERR2061617496	Chr8	97.561	41	1	1	41	13225	13265	3.10e-13	41
ERR2061617496	Chr8	97.561	41	1	1	41	13292	13332	3.10e-13	41
ERR2061617496	Chr8	97.561	41	1	1	41	1845877	1845837	3.10e-13	41
ERR2061617496	Chr8	97.561	41	1	1	41	1845944	1845904	3.10e-13	41
ERR2061617496	Chr8	97.561	41	1	1	41	1851014	1850974	3.10e-13	41
ERR2061617496	Chr8	97.561	41	1	1	41	1851081	1851041	3.10e-13	41
ERR2061617496	Chr8	97.561	41	1	1	41	1856080	1856040	3.10e-13	41
ERR2061617496	Chr8	97.561	41	1	1	41	1856147	1856107	3.10e-13	41
ERR2061617496	Chr8	97.561	41	1	1	41	1861100	1861060	3.10e-13	41
ERR2061617496	Chr8	97.561	41	1	1	41	1861166	1861126	3.10e-13	41
ERR2061617496	Chr8	97.561	41	1	1	41	1866243	1866203	3.10e-13	41
ERR2061617496	Chr8	97.561	41	1	1	41	1866309	1866269	3.10e-13	41
ERR2061617496	Chr8	97.561	41	1	1	41	1871450	1871410	3.10e-13	41
ERR2061617496	Chr8	97.561	41	1	1	41	1876573	1876533	3.10e-13	41
ERR2061617496	Chr8	97.561	41	1	1	41	1881632	1881592	3.10e-13	41
ERR2061617496	Chr8	97.561	41	1	1	41	1886762	1886722	3.10e-13	41
ERR2061617496	Chr8	97.561	41	1	1	41	1886828	1886788	3.10e-13	41
ERR2061617496	Chr8	97.561	41	1	1	41	1891753	1891713	3.10e-13	41
ERR2061617496	Chr8	97.561	41	1	1	41	1891819	1891779	3.10e-13	41
ERR2061617496	Chr8	97.561	41	1	1	41	1896843	1896803	3.10e-13	41
ERR2061617496	Chr8	97.561	41	1	1	41	1896909	1896869	3.10e-13	41
ERR2061617496	Chr8	97.561	41	1	1	41	1901855	1901815	3.10e-13	41
ERR2061617496	Chr8	97.561	41	1	1	41	1901922	1901882	3.10e-13	41
ERR2061617496	Chr7	97.561	41	1	1	41	1317	1357	3.10e-13	41
ERR2061617496	Chr7	97.561	41	1	1	41	1384	1424	3.10e-13	41
ERR2061617496	Chr7	97.561	41	1	1	41	6347	6387	3.10e-13	41
ERR2061617496	Chr7	97.561	41	1	1	41	6414	6454	3.10e-13	41
ERR2061617496	Chr7	97.561	41	1	1	41	4040179	4040139	3.10e-13	41
ERR2061617496	Chr7	97.561	41	1	1	41	4040246	4040206	3.10e-13	41
ERR2061617496	Chr7	97.561	41	1	1	41	4047640	4047600	3.10e-13	41
ERR2061617496	Chr7	97.561	41	1	1	41	4047707	4047667	3.10e-13	41
ERR2061617496	Chr7	97.561	41	1	1	41	4052669	4052629	3.10e-13	41
ERR2061617496	Chr7	97.561	41	1	1	41	4052736	4052696	3.10e-13	41
ERR2061617496	Chr7	97.561	41	1	1	41	4057827	4057787	3.10e-13	41
ERR2061617496	Chr7	97.561	41	1	1	41	4057894	4057854	3.10e-13	41
ERR2061617496	Chr7	97.561	41	1	1	41	4062858	4062818	3.10e-13	41
ERR2061617496	Chr7	97.561	41	1	1	41	4062925	4062885	3.10e-13	41
ERR2061617496	Chr7	97.561	41	1	1	41	4067883	4067843	3.10e-13	41
ERR2061617496	Chr7	97.561	41	1	1	41	4072988	4072948	3.10e-13	41
ERR2061617496	Chr7	97.561	41	1	1	41	4077983	4077943	3.10e-13	41
ERR2061617496	Chr6	97.561	41	1	1	41	1514	1554	3.10e-13	41
ERR2061617496	Chr6	97.561	41	1	1	41	1581	1621	3.10e-13	41
ERR2061617496	Chr6	97.561	41	1	1	41	6561	6601	3.10e-13	41
ERR2061617496	Chr6	97.561	41	1	1	41	6628	6668	3.10e-13	41
ERR2061617496	Chr6	97.561	41	1	1	41	11581	11621	3.10e-13	41
ERR2061617496	Chr6	97.561	41	1	1	41	11648	11688	3.10e-13	41
ERR2061617496	Chr6	97.561	41	1	1	41	16618	16658	3.10e-13	41
ERR2061617496	Chr6	97.561	41	1	1	41	16685	16725	3.10e-13	41
ERR2061617496	Chr6	97.561	41	1	1	41	21707	21747	3.10e-13	41
ERR2061617496	Chr6	97.561	41	1	1	41	6106554	6106514	3.10e-13	41
ERR2061617496	Chr6	97.561	41	1	1	41	6106621	6106581	3.10e-13	41
ERR2061617496	Chr6	97.561	41	1	1	41	6111669	6111629	3.10e-13	41
ERR2061617496	Chr6	97.561	41	1	1	41	6111736	6111696	3.10e-13	41
ERR2061617496	Chr6	97.561	41	1	1	41	6116714	6116674	3.10e-13	41
ERR2061617496	Chr6	97.561	41	1	1	41	6116781	6116741	3.10e-13	41
ERR2061617496	Chr6	97.561	41	1	1	41	6121754	6121714	3.10e-13	41
ERR2061617496	Chr6	97.561	41	1	1	41	6121821	6121781	3.10e-13	41
ERR2061617496	Chr6	97.561	41	1	1	41	6126915	6126875	3.10e-13	41
ERR2061617496	Chr6	97.561	41	1	1	41	6126982	6126942	3.10e-13	41
ERR2061617496	Chr6	97.561	41	1	1	41	6131956	6131916	3.10e-13	41
ERR2061617496	Chr6	97.561	41	1	1	41	6132023	6131983	3.10e-13	41
ERR2061617496	Chr6	95.238	42	1	1	41	21639	21680	1.44e-11	41
ERR2061617496	Chr5	97.561	41	1	1	41	1267	1307	3.10e-13	41
ERR2061617496	Chr5	97.561	41	1	1	41	1334	1374	3.10e-13	41
ERR2061617496	Chr5	97.561	41	1	1	41	4438562	4438522	3.10e-13	41
ERR2061617496	Chr5	97.561	41	1	1	41	4438629	4438589	3.10e-13	41
ERR2061617496	Chr5	97.561	41	1	1	41	4443590	4443550	3.10e-13	41
ERR2061617496	Chr5	97.561	41	1	1	41	4443657	4443617	3.10e-13	41
ERR2061617496	Chr5	97.561	41	1	1	41	4448631	4448591	3.10e-13	41
ERR2061617496	Chr5	97.561	41	1	1	41	4448698	4448658	3.10e-13	41
ERR2061617496	Chr5	97.561	41	1	1	41	4453685	4453645	3.10e-13	41
ERR2061617496	Chr5	97.561	41	1	1	41	4453752	4453712	3.10e-13	41
ERR2061617496	Chr5	97.561	41	1	1	41	4458728	4458688	3.10e-13	41
ERR2061617496	Chr5	97.561	41	1	1	41	4458795	4458755	3.10e-13	41
ERR2061617496	Chr4	97.561	41	1	1	41	1348	1388	3.10e-13	41
ERR2061617496	Chr4	97.561	41	1	1	41	1415	1455	3.10e-13	41
ERR2061617496	Chr4	97.561	41	1	1	41	6374	6414	3.10e-13	41
ERR2061617496	Chr4	97.561	41	1	1	41	6441	6481	3.10e-13	41
ERR2061617496	Chr4	97.561	41	1	1	41	11412	11452	3.10e-13	41
ERR2061617496	Chr4	97.561	41	1	1	41	11479	11519	3.10e-13	41
ERR2061617496	Chr4	97.561	41	1	1	41	5397499	5397459	3.10e-13	41
ERR2061617496	Chr4	97.561	41	1	1	41	5397566	5397526	3.10e-13	41
ERR2061617496	Chr4	97.561	41	1	1	41	5402544	5402504	3.10e-13	41
ERR2061617496	Chr4	97.561	41	1	1	41	5402611	5402571	3.10e-13	41
ERR2061617496	Chr4	97.561	41	1	1	41	5407582	5407542	3.10e-13	41
ERR2061617496	Chr4	97.561	41	1	1	41	5407649	5407609	3.10e-13	41
ERR2061617496	Chr4	97.561	41	1	1	41	5411797	5411757	3.10e-13	41
ERR2061617496	Chr4	97.561	41	1	1	41	5411864	5411824	3.10e-13	41
ERR2061617496	Chr3	97.561	41	1	1	41	885	925	3.10e-13	41
ERR2061617496	Chr3	97.561	41	1	1	41	952	992	3.10e-13	41
ERR2061617496	Chr3	97.561	41	1	1	41	5876	5916	3.10e-13	41
ERR2061617496	Chr3	97.561	41	1	1	41	5943	5983	3.10e-13	41
ERR2061617496	Chr3	97.561	41	1	1	41	10865	10905	3.10e-13	41
ERR2061617496	Chr3	97.561	41	1	1	41	10932	10972	3.10e-13	41
ERR2061617496	Chr3	97.561	41	1	1	41	8226300	8226260	3.10e-13	41
ERR2061617496	Chr3	97.561	41	1	1	41	8226367	8226327	3.10e-13	41
ERR2061617496	Chr3	97.561	41	1	1	41	8231314	8231274	3.10e-13	41
ERR2061617496	Chr3	97.561	41	1	1	41	8236348	8236308	3.10e-13	41
ERR2061617496	Chr3	97.561	41	1	1	41	8236415	8236375	3.10e-13	41
ERR2061617496	Chr3	95.238	42	1	1	41	8231382	8231341	1.44e-11	41
ERR2061617496	Chr2	97.561	41	1	1	41	1539	1579	3.10e-13	41
ERR2061617496	Chr2	97.561	41	1	1	41	6547	6587	3.10e-13	41
ERR2061617496	Chr2	97.561	41	1	1	41	6614	6654	3.10e-13	41
ERR2061617496	Chr2	97.561	41	1	1	41	11573	11613	3.10e-13	41
ERR2061617496	Chr2	97.561	41	1	1	41	11640	11680	3.10e-13	41
ERR2061617496	Chr2	97.561	41	1	1	41	7914041	7914001	3.10e-13	41
ERR2061617496	Chr2	97.561	41	1	1	41	7914108	7914068	3.10e-13	41
ERR2061617496	Chr1	97.561	41	1	1	41	6666800	6666760	3.10e-13	41
ERR2061617496	Chr1	97.561	41	1	1	41	6666867	6666827	3.10e-13	41
ERR20616175280	Chr8	97.826	46	1	1	46	3025	3070	6.44e-16	46
ERR20616175280	Chr8	97.826	46	1	1	46	3092	3137	6.44e-16	46
ERR20616175280	Chr8	97.826	46	1	1	46	8195	8240	6.44e-16	46
ERR20616175280	Chr8	97.826	46	1	1	46	8262	8307	6.44e-16	46
ERR20616175280	Chr8	97.826	46	1	1	46	13225	13270	6.44e-16	46
ERR20616175280	Chr8	97.826	46	1	1	46	13292	13337	6.44e-16	46
ERR20616175280	Chr8	97.826	46	1	1	46	1845877	1845832	6.44e-16	46
ERR20616175280	Chr8	97.826	46	1	1	46	1845944	1845899	6.44e-16	46
ERR20616175280	Chr8	97.826	46	1	1	46	1851014	1850969	6.44e-16	46
ERR20616175280	Chr8	97.826	46	1	1	46	1851081	1851036	6.44e-16	46
ERR20616175280	Chr8	97.826	46	1	1	46	1856080	1856035	6.44e-16	46
ERR20616175280	Chr8	97.826	46	1	1	46	1856147	1856102	6.44e-16	46
ERR20616175280	Chr8	97.826	46	1	1	46	1861100	1861055	6.44e-16	46
ERR20616175280	Chr8	97.826	46	1	1	46	1861166	1861121	6.44e-16	46
ERR20616175280	Chr8	97.826	46	1	1	46	1866243	1866198	6.44e-16	46
ERR20616175280	Chr8	97.826	46	1	1	46	1866309	1866264	6.44e-16	46
ERR20616175280	Chr8	97.826	46	1	1	46	1871450	1871405	6.44e-16	46
ERR20616175280	Chr8	97.826	46	1	1	46	1876573	1876528	6.44e-16	46
ERR20616175280	Chr8	97.826	46	1	1	46	1881632	1881587	6.44e-16	46
ERR20616175280	Chr8	97.826	46	1	1	46	1886762	1886717	6.44e-16	46
ERR20616175280	Chr8	97.826	46	1	1	46	1886828	1886783	6.44e-16	46
ERR20616175280	Chr8	97.826	46	1	1	46	1891753	1891708	6.44e-16	46
ERR20616175280	Chr8	97.826	46	1	1	46	1891819	1891774	6.44e-16	46
ERR20616175280	Chr8	97.826	46	1	1	46	1896843	1896798	6.44e-16	46
ERR20616175280	Chr8	97.826	46	1	1	46	1896909	1896864	6.44e-16	46
ERR20616175280	Chr8	97.826	46	1	1	46	1901855	1901810	6.44e-16	46
ERR20616175280	Chr8	97.826	46	1	1	46	1901922	1901877	6.44e-16	46
ERR20616175280	Chr7	97.826	46	1	1	46	1317	1362	6.44e-16	46
ERR20616175280	Chr7	97.826	46	1	1	46	1384	1429	6.44e-16	46
ERR20616175280	Chr7	97.826	46	1	1	46	6347	6392	6.44e-16	46
ERR20616175280	Chr7	97.826	46	1	1	46	6414	6459	6.44e-16	46
ERR20616175280	Chr7	97.826	46	1	1	46	4040179	4040134	6.44e-16	46
ERR20616175280	Chr7	97.826	46	1	1	46	4040246	4040201	6.44e-16	46
ERR20616175280	Chr7	97.826	46	1	1	46	4047640	4047595	6.44e-16	46
ERR20616175280	Chr7	97.826	46	1	1	46	4047707	4047662	6.44e-16	46
ERR20616175280	Chr7	97.826	46	1	1	46	4052669	4052624	6.44e-16	46
ERR20616175280	Chr7	97.826	46	1	1	46	4052736	4052691	6.44e-16	46
ERR20616175280	Chr7	97.826	46	1	1	46	4057827	4057782	6.44e-16	46
ERR20616175280	Chr7	97.826	46	1	1	46	4057894	4057849	6.44e-16	46
ERR20616175280	Chr7	97.826	46	1	1	46	4062858	4062813	6.44e-16	46
ERR20616175280	Chr7	97.826	46	1	1	46	4062925	4062880	6.44e-16	46
ERR20616175280	Chr7	97.826	46	1	1	46	4067883	4067838	6.44e-16	46
ERR20616175280	Chr7	97.826	46	1	1	46	4072988	4072943	6.44e-16	46
ERR20616175280	Chr7	97.826	46	1	1	46	4077983	4077938	6.44e-16	46
ERR20616175280	Chr6	97.826	46	1	1	46	1514	1559	6.44e-16	46
ERR20616175280	Chr6	97.826	46	1	1	46	1581	1626	6.44e-16	46
ERR20616175280	Chr6	97.826	46	1	1	46	6561	6606	6.44e-16	46
ERR20616175280	Chr6	97.826	46	1	1	46	6628	6673	6.44e-16	46
ERR20616175280	Chr6	97.826	46	1	1	46	11581	11626	6.44e-16	46
ERR20616175280	Chr6	97.826	46	1	1	46	11648	11693	6.44e-16	46
ERR20616175280	Chr6	97.826	46	1	1	46	16618	16663	6.44e-16	46
ERR20616175280	Chr6	97.826	46	1	1	46	16685	16730	6.44e-16	46
ERR20616175280	Chr6	97.826	46	1	1	46	21707	21752	6.44e-16	46
ERR20616175280	Chr6	97.826	46	1	1	46	6106554	6106509	6.44e-16	46
ERR20616175280	Chr6	97.826	46	1	1	46	6106621	6106576	6.44e-16	46
ERR20616175280	Chr6	97.826	46	1	1	46	6111669	6111624	6.44e-16	46
ERR20616175280	Chr6	97.826	46	1	1	46	6111736	6111691	6.44e-16	46
ERR20616175280	Chr6	97.826	46	1	1	46	6116714	6116669	6.44e-16	46
ERR20616175280	Chr6	97.826	46	1	1	46	6116781	6116736	6.44e-16	46
ERR20616175280	Chr6	97.826	46	1	1	46	6121754	6121709	6.44e-16	46
ERR20616175280	Chr6	97.826	46	1	1	46	6121821	6121776	6.44e-16	46
ERR20616175280	Chr6	97.826	46	1	1	46	6126915	6126870	6.44e-16	46
ERR20616175280	Chr6	97.826	46	1	1	46	6126982	6126937	6.44e-16	46
ERR20616175280	Chr6	97.826	46	1	1	46	6131956	6131911	6.44e-16	46
ERR20616175280	Chr6	97.826	46	1	1	46	6132023	6131978	6.44e-16	46
ERR20616175280	Chr6	95.745	47	1	1	46	21639	21685	3.00e-14	46
ERR20616175280	Chr5	97.826	46	1	1	46	1267	1312	6.44e-16	46
ERR20616175280	Chr5	97.826	46	1	1	46	1334	1379	6.44e-16	46
ERR20616175280	Chr5	97.826	46	1	1	46	4438562	4438517	6.44e-16	46
ERR20616175280	Chr5	97.826	46	1	1	46	4438629	4438584	6.44e-16	46
ERR20616175280	Chr5	97.826	46	1	1	46	4443590	4443545	6.44e-16	46
ERR20616175280	Chr5	97.826	46	1	1	46	4443657	4443612	6.44e-16	46
ERR20616175280	Chr5	97.826	46	1	1	46	4448631	4448586	6.44e-16	46
ERR20616175280	Chr5	97.826	46	1	1	46	4448698	4448653	6.44e-16	46
ERR20616175280	Chr5	97.826	46	1	1	46	4453685	4453640	6.44e-16	46
ERR20616175280	Chr5	97.826	46	1	1	46	4453752	4453707	6.44e-16	46
ERR20616175280	Chr5	97.826	46	1	1	46	4458728	4458683	6.44e-16	46
ERR20616175280	Chr5	97.826	46	1	1	46	4458795	4458750	6.44e-16	46
ERR20616175280	Chr4	97.826	46	1	1	46	1348	1393	6.44e-16	46
ERR20616175280	Chr4	97.826	46	1	1	46	1415	1460	6.44e-16	46
ERR20616175280	Chr4	97.826	46	1	1	46	6374	6419	6.44e-16	46
ERR20616175280	Chr4	97.826	46	1	1	46	6441	6486	6.44e-16	46
ERR20616175280	Chr4	97.826	46	1	1	46	11412	11457	6.44e-16	46
ERR20616175280	Chr4	97.826	46	1	1	46	11479	11524	6.44e-16	46
ERR20616175280	Chr4	97.826	46	1	1	46	5397499	5397454	6.44e-16	46
ERR20616175280	Chr4	97.826	46	1	1	46	5397566	5397521	6.44e-16	46
ERR20616175280	Chr4	97.826	46	1	1	46	5402544	5402499	6.44e-16	46
ERR20616175280	Chr4	97.826	46	1	1	46	5402611	5402566	6.44e-16	46
ERR20616175280	Chr4	97.826	46	1	1	46	5407582	5407537	6.44e-16	46
ERR20616175280	Chr4	97.826	46	1	1	46	5407649	5407604	6.44e-16	46
ERR20616175280	Chr4	97.826	46	1	1	46	5411797	5411752	6.44e-16	46
ERR20616175280	Chr4	97.826	46	1	1	46	5411864	5411819	6.44e-16	46
ERR20616175280	Chr3	97.826	46	1	1	46	885	930	6.44e-16	46
ERR20616175280	Chr3	97.826	46	1	1	46	952	997	6.44e-16	46
ERR20616175280	Chr3	97.826	46	1	1	46	5876	5921	6.44e-16	46
ERR20616175280	Chr3	97.826	46	1	1	46	5943	5988	6.44e-16	46
ERR20616175280	Chr3	97.826	46	1	1	46	10865	10910	6.44e-16	46
ERR20616175280	Chr3	97.826	46	1	1	46	10932	10977	6.44e-16	46
ERR20616175280	Chr3	97.826	46	1	1	46	8226300	8226255	6.44e-16	46
ERR20616175280	Chr3	97.826	46	1	1	46	8226367	8226322	6.44e-16	46
ERR20616175280	Chr3	97.826	46	1	1	46	8231314	8231269	6.44e-16	46
ERR20616175280	Chr3	97.826	46	1	1	46	8236348	8236303	6.44e-16	46
ERR20616175280	Chr3	97.826	46	1	1	46	8236415	8236370	6.44e-16	46
ERR20616175280	Chr3	95.745	47	1	1	46	8231382	8231336	3.00e-14	46
ERR20616175280	Chr2	97.826	46	1	1	46	1539	1584	6.44e-16	46
ERR20616175280	Chr2	97.826	46	1	1	46	6547	6592	6.44e-16	46
ERR20616175280	Chr2	97.826	46	1	1	46	6614	6659	6.44e-16	46
ERR20616175280	Chr2	97.826	46	1	1	46	11573	11618	6.44e-16	46
ERR20616175280	Chr2	97.826	46	1	1	46	11640	11685	6.44e-16	46
ERR20616175280	Chr2	97.826	46	1	1	46	7914041	7913996	6.44e-16	46
ERR20616175280	Chr2	97.826	46	1	1	46	7914108	7914063	6.44e-16	46
ERR20616175280	Chr1	97.826	46	1	1	46	6666800	6666755	6.44e-16	46
ERR20616175280	Chr1	97.826	46	1	1	46	6666867	6666822	6.44e-16	46
ERR20616174392	Chr8	100.000	55	0	4	58	1289	1343	2.03e-22	58
ERR20616174392	Chr8	100.000	55	0	4	58	6427	6481	2.03e-22	58
ERR20616174392	Chr8	100.000	55	0	4	58	11596	11650	2.03e-22	58
ERR20616174392	Chr8	100.000	55	0	4	58	16627	16681	2.03e-22	58
ERR20616174392	Chr8	100.000	55	0	4	58	1842540	1842486	2.03e-22	58
ERR20616174392	Chr8	100.000	55	0	4	58	1847678	1847624	2.03e-22	58
ERR20616174392	Chr8	100.000	55	0	4	58	1852744	1852690	2.03e-22	58
ERR20616174392	Chr8	100.000	55	0	4	58	1857766	1857712	2.03e-22	58
ERR20616174392	Chr8	100.000	55	0	4	58	1862910	1862856	2.03e-22	58
ERR20616174392	Chr8	100.000	55	0	4	58	1868051	1867997	2.03e-22	58
ERR20616174392	Chr8	100.000	55	0	4	58	1873184	1873130	2.03e-22	58
ERR20616174392	Chr8	100.000	55	0	4	58	1878302	1878248	2.03e-22	58
ERR20616174392	Chr8	100.000	55	0	4	58	1883439	1883385	2.03e-22	58
ERR20616174392	Chr8	100.000	55	0	4	58	1888434	1888380	2.03e-22	58
ERR20616174392	Chr8	100.000	55	0	4	58	1893531	1893477	2.03e-22	58
ERR20616174392	Chr8	100.000	55	0	4	58	1898533	1898479	2.03e-22	58
ERR20616174392	Chr8	100.000	52	0	7	58	1411201	1411150	9.46e-21	58
ERR20616174392	Chr7	100.000	55	0	4	58	4720	4774	2.03e-22	58
ERR20616174392	Chr7	100.000	55	0	4	58	9751	9805	2.03e-22	58
ERR20616174392	Chr7	100.000	55	0	4	58	12196	12250	2.03e-22	58
ERR20616174392	Chr7	100.000	55	0	4	58	4036845	4036791	2.03e-22	58
ERR20616174392	Chr7	100.000	55	0	4	58	4041871	4041817	2.03e-22	58
ERR20616174392	Chr7	100.000	55	0	4	58	4044305	4044251	2.03e-22	58
ERR20616174392	Chr7	100.000	55	0	4	58	4049333	4049279	2.03e-22	58
ERR20616174392	Chr7	100.000	55	0	4	58	4054495	4054441	2.03e-22	58
ERR20616174392	Chr7	100.000	55	0	4	58	4059524	4059470	2.03e-22	58
ERR20616174392	Chr7	100.000	55	0	4	58	4064561	4064507	2.03e-22	58
ERR20616174392	Chr7	100.000	55	0	4	58	4069672	4069618	2.03e-22	58
ERR20616174392	Chr7	100.000	55	0	4	58	4074669	4074615	2.03e-22	58
ERR20616174392	Chr6	100.000	55	0	4	58	4916	4970	2.03e-22	58
ERR20616174392	Chr6	100.000	55	0	4	58	9962	10016	2.03e-22	58
ERR20616174392	Chr6	100.000	55	0	4	58	14982	15036	2.03e-22	58
ERR20616174392	Chr6	100.000	55	0	4	58	20021	20075	2.03e-22	58
ERR20616174392	Chr6	100.000	55	0	4	58	25044	25098	2.03e-22	58
ERR20616174392	Chr6	100.000	55	0	4	58	6103218	6103164	2.03e-22	58
ERR20616174392	Chr6	100.000	55	0	4	58	6108333	6108279	2.03e-22	58
ERR20616174392	Chr6	100.000	55	0	4	58	6113377	6113323	2.03e-22	58
ERR20616174392	Chr6	100.000	55	0	4	58	6118420	6118366	2.03e-22	58
ERR20616174392	Chr6	100.000	55	0	4	58	6123582	6123528	2.03e-22	58
ERR20616174392	Chr6	100.000	55	0	4	58	6128622	6128568	2.03e-22	58
ERR20616174392	Chr5	100.000	55	0	4	58	4669	4723	2.03e-22	58
ERR20616174392	Chr5	100.000	55	0	4	58	4435226	4435172	2.03e-22	58
ERR20616174392	Chr5	100.000	55	0	4	58	4440253	4440199	2.03e-22	58
ERR20616174392	Chr5	100.000	55	0	4	58	4445295	4445241	2.03e-22	58
ERR20616174392	Chr5	100.000	55	0	4	58	4450347	4450293	2.03e-22	58
ERR20616174392	Chr5	100.000	55	0	4	58	4455391	4455337	2.03e-22	58
ERR20616174392	Chr4	100.000	55	0	4	58	4749	4803	2.03e-22	58
ERR20616174392	Chr4	100.000	55	0	4	58	9778	9832	2.03e-22	58
ERR20616174392	Chr4	100.000	55	0	4	58	14816	14870	2.03e-22	58
ERR20616174392	Chr4	100.000	55	0	4	58	5394162	5394108	2.03e-22	58
ERR20616174392	Chr4	100.000	55	0	4	58	5399208	5399154	2.03e-22	58
ERR20616174392	Chr4	100.000	55	0	4	58	5404246	5404192	2.03e-22	58
ERR20616174392	Chr4	100.000	55	0	4	58	5408460	5408406	2.03e-22	58
ERR20616174392	Chr3	100.000	55	0	4	58	4287	4341	2.03e-22	58
ERR20616174392	Chr3	100.000	55	0	4	58	9277	9331	2.03e-22	58
ERR20616174392	Chr3	100.000	55	0	4	58	14263	14317	2.03e-22	58
ERR20616174392	Chr3	100.000	55	0	4	58	8222965	8222911	2.03e-22	58
ERR20616174392	Chr3	100.000	55	0	4	58	8227979	8227925	2.03e-22	58
ERR20616174392	Chr3	100.000	55	0	4	58	8233014	8232960	2.03e-22	58
ERR20616174392	Chr2	100.000	55	0	4	58	4865	4919	2.03e-22	58
ERR20616174392	Chr2	100.000	55	0	4	58	9950	10004	2.03e-22	58
ERR20616174392	Chr2	100.000	55	0	4	58	14975	15029	2.03e-22	58
ERR20616174392	Chr2	100.000	55	0	4	58	7910705	7910651	2.03e-22	58
ERR20616174392	Chr1	100.000	55	0	4	58	6663466	6663412	2.03e-22	58
ERR20616174504	Chr5	100.000	42	0	1	42	1788032	1787991	3.61e-15	60
ERR20616174184	Chr8	100.000	40	0	1	40	3373	3412	2.28e-14	40
ERR20616174184	Chr8	100.000	40	0	1	40	8543	8582	2.28e-14	40
ERR20616174184	Chr8	100.000	40	0	1	40	13573	13612	2.28e-14	40
ERR20616174184	Chr8	100.000	40	0	1	40	1845596	1845557	2.28e-14	40
ERR20616174184	Chr8	100.000	40	0	1	40	1850733	1850694	2.28e-14	40
ERR20616174184	Chr8	100.000	40	0	1	40	1855799	1855760	2.28e-14	40
ERR20616174184	Chr8	100.000	40	0	1	40	1860820	1860781	2.28e-14	40
ERR20616174184	Chr8	100.000	40	0	1	40	1865961	1865922	2.28e-14	40
ERR20616174184	Chr8	100.000	40	0	1	40	1871102	1871063	2.28e-14	40
ERR20616174184	Chr8	100.000	40	0	1	40	1876226	1876187	2.28e-14	40
ERR20616174184	Chr8	100.000	40	0	1	40	1881351	1881312	2.28e-14	40
ERR20616174184	Chr8	100.000	40	0	1	40	1886478	1886439	2.28e-14	40
ERR20616174184	Chr8	100.000	40	0	1	40	1891473	1891434	2.28e-14	40
ERR20616174184	Chr8	100.000	40	0	1	40	1896563	1896524	2.28e-14	40
ERR20616174184	Chr8	100.000	40	0	1	40	1901574	1901535	2.28e-14	40
ERR20616174184	Chr7	100.000	40	0	1	40	1665	1704	2.28e-14	40
ERR20616174184	Chr7	100.000	40	0	1	40	6695	6734	2.28e-14	40
ERR20616174184	Chr7	100.000	40	0	1	40	4039898	4039859	2.28e-14	40
ERR20616174184	Chr7	100.000	40	0	1	40	4047359	4047320	2.28e-14	40
ERR20616174184	Chr7	100.000	40	0	1	40	4052388	4052349	2.28e-14	40
ERR20616174184	Chr7	100.000	40	0	1	40	4057546	4057507	2.28e-14	40
ERR20616174184	Chr7	100.000	40	0	1	40	4062577	4062538	2.28e-14	40
ERR20616174184	Chr7	100.000	40	0	1	40	4067602	4067563	2.28e-14	40
ERR20616174184	Chr7	100.000	40	0	1	40	4072707	4072668	2.28e-14	40
ERR20616174184	Chr7	100.000	40	0	1	40	4077702	4077663	2.28e-14	40
ERR20616174184	Chr6	100.000	40	0	1	40	1862	1901	2.28e-14	40
ERR20616174184	Chr6	100.000	40	0	1	40	6909	6948	2.28e-14	40
ERR20616174184	Chr6	100.000	40	0	1	40	11929	11968	2.28e-14	40
ERR20616174184	Chr6	100.000	40	0	1	40	16966	17005	2.28e-14	40
ERR20616174184	Chr6	100.000	40	0	1	40	21988	22027	2.28e-14	40
ERR20616174184	Chr6	100.000	40	0	1	40	6106273	6106234	2.28e-14	40
ERR20616174184	Chr6	100.000	40	0	1	40	6111388	6111349	2.28e-14	40
ERR20616174184	Chr6	100.000	40	0	1	40	6116433	6116394	2.28e-14	40
ERR20616174184	Chr6	100.000	40	0	1	40	6121473	6121434	2.28e-14	40
ERR20616174184	Chr6	100.000	40	0	1	40	6126634	6126595	2.28e-14	40
ERR20616174184	Chr6	100.000	40	0	1	40	6131675	6131636	2.28e-14	40
ERR20616174184	Chr5	100.000	40	0	1	40	1615	1654	2.28e-14	40
ERR20616174184	Chr5	100.000	40	0	1	40	4438281	4438242	2.28e-14	40
ERR20616174184	Chr5	100.000	40	0	1	40	4443309	4443270	2.28e-14	40
ERR20616174184	Chr5	100.000	40	0	1	40	4448350	4448311	2.28e-14	40
ERR20616174184	Chr5	100.000	40	0	1	40	4453404	4453365	2.28e-14	40
ERR20616174184	Chr5	100.000	40	0	1	40	4458447	4458408	2.28e-14	40
ERR20616174184	Chr4	100.000	40	0	1	40	1696	1735	2.28e-14	40
ERR20616174184	Chr4	100.000	40	0	1	40	6722	6761	2.28e-14	40
ERR20616174184	Chr4	100.000	40	0	1	40	11760	11799	2.28e-14	40
ERR20616174184	Chr4	100.000	40	0	1	40	5397218	5397179	2.28e-14	40
ERR20616174184	Chr4	100.000	40	0	1	40	5402263	5402224	2.28e-14	40
ERR20616174184	Chr4	100.000	40	0	1	40	5407301	5407262	2.28e-14	40
ERR20616174184	Chr4	100.000	40	0	1	40	5411516	5411477	2.28e-14	40
ERR20616174184	Chr3	100.000	40	0	1	40	1233	1272	2.28e-14	40
ERR20616174184	Chr3	100.000	40	0	1	40	6224	6263	2.28e-14	40
ERR20616174184	Chr3	100.000	40	0	1	40	11213	11252	2.28e-14	40
ERR20616174184	Chr3	100.000	40	0	1	40	8226019	8225980	2.28e-14	40
ERR20616174184	Chr3	100.000	40	0	1	40	8231033	8230994	2.28e-14	40
ERR20616174184	Chr3	100.000	40	0	1	40	8236067	8236028	2.28e-14	40
ERR20616174184	Chr2	100.000	40	0	1	40	1820	1859	2.28e-14	40
ERR20616174184	Chr2	100.000	40	0	1	40	6895	6934	2.28e-14	40
ERR20616174184	Chr2	100.000	40	0	1	40	11921	11960	2.28e-14	40
ERR20616174184	Chr2	100.000	40	0	1	40	7913760	7913721	2.28e-14	40
ERR20616174184	Chr1	100.000	40	0	1	40	6666519	6666480	2.28e-14	40
ERR20616176168	Chr8	100.000	60	0	1	60	617	558	3.56e-25	60
ERR20616176168	Chr8	100.000	60	0	1	60	5755	5696	3.56e-25	60
ERR20616176168	Chr8	100.000	60	0	1	60	10924	10865	3.56e-25	60
ERR20616176168	Chr8	100.000	60	0	1	60	15954	15895	3.56e-25	60
ERR20616176168	Chr8	100.000	60	0	1	60	1843213	1843272	3.56e-25	60
ERR20616176168	Chr8	100.000	60	0	1	60	1848351	1848410	3.56e-25	60
ERR20616176168	Chr8	100.000	60	0	1	60	1853417	1853476	3.56e-25	60
ERR20616176168	Chr8	100.000	60	0	1	60	1858440	1858499	3.56e-25	60
ERR20616176168	Chr8	100.000	60	0	1	60	1863583	1863642	3.56e-25	60
ERR20616176168	Chr8	100.000	60	0	1	60	1868724	1868783	3.56e-25	60
ERR20616176168	Chr8	100.000	60	0	1	60	1873856	1873915	3.56e-25	60
ERR20616176168	Chr8	100.000	60	0	1	60	1878976	1879035	3.56e-25	60
ERR20616176168	Chr8	100.000	60	0	1	60	1884112	1884171	3.56e-25	60
ERR20616176168	Chr8	100.000	60	0	1	60	1889108	1889167	3.56e-25	60
ERR20616176168	Chr8	100.000	60	0	1	60	1894202	1894261	3.56e-25	60
ERR20616176168	Chr8	100.000	60	0	1	60	1899204	1899263	3.56e-25	60
ERR20616176168	Chr7	100.000	60	0	1	60	4047	3988	3.56e-25	60
ERR20616176168	Chr7	100.000	60	0	1	60	9078	9019	3.56e-25	60
ERR20616176168	Chr7	100.000	60	0	1	60	11523	11464	3.56e-25	60
ERR20616176168	Chr7	100.000	60	0	1	60	4037518	4037577	3.56e-25	60
ERR20616176168	Chr7	100.000	60	0	1	60	4042544	4042603	3.56e-25	60
ERR20616176168	Chr7	100.000	60	0	1	60	4044978	4045037	3.56e-25	60
ERR20616176168	Chr7	100.000	60	0	1	60	4050006	4050065	3.56e-25	60
ERR20616176168	Chr7	100.000	60	0	1	60	4055167	4055226	3.56e-25	60
ERR20616176168	Chr7	100.000	60	0	1	60	4060197	4060256	3.56e-25	60
ERR20616176168	Chr7	100.000	60	0	1	60	4065232	4065291	3.56e-25	60
ERR20616176168	Chr7	100.000	60	0	1	60	4070343	4070402	3.56e-25	60
ERR20616176168	Chr7	100.000	60	0	1	60	4075334	4075393	3.56e-25	60
ERR20616176168	Chr6	100.000	60	0	1	60	4243	4184	3.56e-25	60
ERR20616176168	Chr6	100.000	60	0	1	60	9290	9231	3.56e-25	60
ERR20616176168	Chr6	100.000	60	0	1	60	14309	14250	3.56e-25	60
ERR20616176168	Chr6	100.000	60	0	1	60	19348	19289	3.56e-25	60
ERR20616176168	Chr6	100.000	60	0	1	60	24370	24311	3.56e-25	60
ERR20616176168	Chr6	100.000	60	0	1	60	6103891	6103950	3.56e-25	60
ERR20616176168	Chr6	100.000	60	0	1	60	6109006	6109065	3.56e-25	60
ERR20616176168	Chr6	100.000	60	0	1	60	6114050	6114109	3.56e-25	60
ERR20616176168	Chr6	100.000	60	0	1	60	6119093	6119152	3.56e-25	60
ERR20616176168	Chr6	100.000	60	0	1	60	6124255	6124314	3.56e-25	60
ERR20616176168	Chr6	100.000	60	0	1	60	6129295	6129354	3.56e-25	60
ERR20616176168	Chr5	100.000	60	0	1	60	3996	3937	3.56e-25	60
ERR20616176168	Chr5	100.000	60	0	1	60	4435899	4435958	3.56e-25	60
ERR20616176168	Chr5	100.000	60	0	1	60	4440926	4440985	3.56e-25	60
ERR20616176168	Chr5	100.000	60	0	1	60	4445968	4446027	3.56e-25	60
ERR20616176168	Chr5	100.000	60	0	1	60	4451021	4451080	3.56e-25	60
ERR20616176168	Chr5	100.000	60	0	1	60	4456065	4456124	3.56e-25	60
ERR20616176168	Chr4	100.000	60	0	1	60	4078	4019	3.56e-25	60
ERR20616176168	Chr4	100.000	60	0	1	60	9105	9046	3.56e-25	60
ERR20616176168	Chr4	100.000	60	0	1	60	14143	14084	3.56e-25	60
ERR20616176168	Chr4	100.000	60	0	1	60	5394835	5394894	3.56e-25	60
ERR20616176168	Chr4	100.000	60	0	1	60	5399882	5399941	3.56e-25	60
ERR20616176168	Chr4	100.000	60	0	1	60	5404919	5404978	3.56e-25	60
ERR20616176168	Chr4	100.000	60	0	1	60	5409133	5409192	3.56e-25	60
ERR20616176168	Chr3	100.000	60	0	1	60	3614	3555	3.56e-25	60
ERR20616176168	Chr3	100.000	60	0	1	60	8606	8547	3.56e-25	60
ERR20616176168	Chr3	100.000	60	0	1	60	13591	13532	3.56e-25	60
ERR20616176168	Chr3	100.000	60	0	1	60	8223637	8223696	3.56e-25	60
ERR20616176168	Chr3	100.000	60	0	1	60	8228652	8228711	3.56e-25	60
ERR20616176168	Chr3	100.000	60	0	1	60	8233686	8233745	3.56e-25	60
ERR20616176168	Chr2	100.000	60	0	1	60	4192	4133	3.56e-25	60
ERR20616176168	Chr2	100.000	60	0	1	60	9277	9218	3.56e-25	60
ERR20616176168	Chr2	100.000	60	0	1	60	14302	14243	3.56e-25	60
ERR20616176168	Chr2	100.000	60	0	1	60	7911378	7911437	3.56e-25	60
ERR20616176168	Chr1	100.000	60	0	1	60	6664139	6664198	3.56e-25	60
