ER2061615_V6752	cluster2	100.000	34	0	0	1	34	74	107	1.39e-15	34
ER2061615_V62832	cluster0	100.000	29	0	0	7	35	54	82	8.67e-13	35
ER2061615_V62320	cluster2	100.000	35	0	0	1	35	73	107	4.00e-16	35
ER2061615_V65860	cluster0	100.000	29	0	0	8	36	54	82	8.99e-13	36
ER2061615_V6724	cluster0	100.000	29	0	0	8	36	54	82	8.99e-13	36
ER2061615_V61252	cluster0	92.500	40	0	1	1	37	43	82	9.31e-13	37
ER2061615_V63708	cluster7	100.000	34	0	0	1	34	68	101	1.64e-15	40
ER2061615_V64432	cluster5	100.000	28	0	0	1	28	80	107	2.31e-12	28
ER2061615_V61272	cluster0	100.000	29	0	0	1	29	54	82	6.74e-13	29
ER2061615_V6732	cluster2	100.000	30	0	0	1	30	78	107	1.96e-13	30
ER2061615_V62880	cluster2	100.000	31	0	0	1	31	77	107	5.71e-14	31
ER2061615_V62260	cluster0	100.000	29	0	0	3	31	54	82	7.38e-13	31
ER2061615_V67960	cluster2	100.000	31	0	0	1	31	77	107	5.71e-14	31
ER2061615_V67856	cluster0	100.000	29	0	0	3	31	54	82	7.38e-13	31
ER2061615_V65864	cluster0	100.000	29	0	0	1	29	82	54	6.74e-13	29
ER2061615_V69028	cluster0	100.000	29	0	0	1	29	82	54	7.70e-13	32
ER2061615_V65468	cluster0	100.000	29	0	0	1	29	82	54	7.70e-13	32
ER2061615_V64616	cluster0	100.000	29	0	0	1	29	82	54	6.74e-13	29
