ERR206161410168	Chr8	100.000	60	0	1	60	2768	2709	3.56e-25	60	TelYs	2661	revT
ERR206161410168	Chr8	100.000	60	0	1	60	7938	7879	3.56e-25	60	TelYs	7831	revT
ERR206161410168	Chr8	100.000	60	0	1	60	12969	12910	3.56e-25	60	TelYs	12862	revT
ERR206161410168	Chr8	100.000	60	0	1	60	1846201	1846260	3.56e-25	60	TelYs	1846212	revF
ERR206161410168	Chr8	100.000	60	0	1	60	1851338	1851397	3.56e-25	60	TelYs	1851349	revF
ERR206161410168	Chr8	100.000	60	0	1	60	1856404	1856463	3.56e-25	60	TelYs	1856415	revF
ERR206161410168	Chr8	100.000	60	0	1	60	1861422	1861481	3.56e-25	60	TelYs	1861433	revF
ERR206161410168	Chr8	100.000	60	0	1	60	1866567	1866626	3.56e-25	60	TelYs	1866578	revF
ERR206161410168	Chr8	100.000	60	0	1	60	1871705	1871764	3.56e-25	60	TelYs	1871716	revF
ERR206161410168	Chr8	100.000	60	0	1	60	1876828	1876887	3.56e-25	60	TelYs	1876839	revF
ERR206161410168	Chr8	100.000	60	0	1	60	1881955	1882014	3.56e-25	60	TelYs	1881966	revF
ERR206161410168	Chr8	100.000	60	0	1	60	1887084	1887143	3.56e-25	60	TelYs	1887095	revF
ERR206161410168	Chr8	100.000	60	0	1	60	1892071	1892130	3.56e-25	60	TelYs	1892082	revF
ERR206161410168	Chr8	100.000	60	0	1	60	1897163	1897222	3.56e-25	60	TelYs	1897174	revF
ERR206161410168	Chr8	100.000	60	0	1	60	1902175	1902234	3.56e-25	60	TelYs	1902186	revF
ERR206161410168	Chr7	100.000	60	0	1	60	1061	1002	3.56e-25	60	TelYs	954	revT
ERR206161410168	Chr7	100.000	60	0	1	60	6091	6032	3.56e-25	60	TelYs	5984	revT
ERR206161410168	Chr7	100.000	60	0	1	60	4040502	4040561	3.56e-25	60	TelYs	4040513	revF
ERR206161410168	Chr7	100.000	60	0	1	60	4047963	4048022	3.56e-25	60	TelYs	4047974	revF
ERR206161410168	Chr7	100.000	60	0	1	60	4052994	4053053	3.56e-25	60	TelYs	4053005	revF
ERR206161410168	Chr7	100.000	60	0	1	60	4058152	4058211	3.56e-25	60	TelYs	4058163	revF
ERR206161410168	Chr7	100.000	60	0	1	60	4063183	4063242	3.56e-25	60	TelYs	4063194	revF
ERR206161410168	Chr7	100.000	60	0	1	60	4068204	4068263	3.56e-25	60	TelYs	4068215	revF
ERR206161410168	Chr7	100.000	60	0	1	60	4073308	4073367	3.56e-25	60	TelYs	4073319	revF
ERR206161410168	Chr7	100.000	60	0	1	60	4078305	4078364	3.56e-25	60	TelYs	4078316	revF
ERR206161410168	Chr6	100.000	60	0	1	60	1257	1198	3.56e-25	60	TelYs	1150	revT
ERR206161410168	Chr6	100.000	60	0	1	60	6303	6244	3.56e-25	60	TelYs	6196	revT
ERR206161410168	Chr6	100.000	60	0	1	60	11324	11265	3.56e-25	60	TelYs	11217	revT
ERR206161410168	Chr6	100.000	60	0	1	60	16361	16302	3.56e-25	60	TelYs	16254	revT
ERR206161410168	Chr6	100.000	60	0	1	60	21382	21323	3.56e-25	60	TelYs	21275	revT
ERR206161410168	Chr6	100.000	60	0	1	60	6106879	6106938	3.56e-25	60	TelYs	6106890	revF
ERR206161410168	Chr6	100.000	60	0	1	60	6111993	6112052	3.56e-25	60	TelYs	6112004	revF
ERR206161410168	Chr6	100.000	60	0	1	60	6117038	6117097	3.56e-25	60	TelYs	6117049	revF
ERR206161410168	Chr6	100.000	60	0	1	60	6122079	6122138	3.56e-25	60	TelYs	6122090	revF
ERR206161410168	Chr6	100.000	60	0	1	60	6127240	6127299	3.56e-25	60	TelYs	6127251	revF
ERR206161410168	Chr6	100.000	60	0	1	60	6132280	6132339	3.56e-25	60	TelYs	6132291	revF
ERR206161410168	Chr5	100.000	60	0	1	60	1010	951	3.56e-25	60	TelYs	903	revT
ERR206161410168	Chr5	100.000	60	0	1	60	4438886	4438945	3.56e-25	60	TelYs	4438897	revF
ERR206161410168	Chr5	100.000	60	0	1	60	4443914	4443973	3.56e-25	60	TelYs	4443925	revF
ERR206161410168	Chr5	100.000	60	0	1	60	4448955	4449014	3.56e-25	60	TelYs	4448966	revF
ERR206161410168	Chr5	100.000	60	0	1	60	4454008	4454067	3.56e-25	60	TelYs	4454019	revF
ERR206161410168	Chr5	100.000	60	0	1	60	4459052	4459111	3.56e-25	60	TelYs	4459063	revF
ERR206161410168	Chr4	100.000	60	0	1	60	1091	1032	3.56e-25	60	TelYs	984	revT
ERR206161410168	Chr4	100.000	60	0	1	60	6117	6058	3.56e-25	60	TelYs	6010	revT
ERR206161410168	Chr4	100.000	60	0	1	60	11154	11095	3.56e-25	60	TelYs	11047	revT
ERR206161410168	Chr4	100.000	60	0	1	60	5397823	5397882	3.56e-25	60	TelYs	5397834	revF
ERR206161410168	Chr4	100.000	60	0	1	60	5402869	5402928	3.56e-25	60	TelYs	5402880	revF
ERR206161410168	Chr4	100.000	60	0	1	60	5407906	5407965	3.56e-25	60	TelYs	5407917	revF
ERR206161410168	Chr4	100.000	60	0	1	60	5412121	5412180	3.56e-25	60	TelYs	5412132	revF
ERR206161410168	Chr3	100.000	60	0	1	60	629	570	3.56e-25	60	TelYs	522	revT
ERR206161410168	Chr3	100.000	60	0	1	60	5620	5561	3.56e-25	60	TelYs	5513	revT
ERR206161410168	Chr3	100.000	60	0	1	60	10609	10550	3.56e-25	60	TelYs	10502	revT
ERR206161410168	Chr3	100.000	60	0	1	60	8226624	8226683	3.56e-25	60	TelYs	8226635	revF
ERR206161410168	Chr3	100.000	60	0	1	60	8231639	8231698	3.56e-25	60	TelYs	8231650	revF
ERR206161410168	Chr3	98.361	61	0	1	60	8236673	8236733	1.66e-23	60	TelYs	8236685	revF
ERR206161410168	Chr2	100.000	60	0	1	60	1217	1158	3.56e-25	60	TelYs	1110	revT
ERR206161410168	Chr2	100.000	60	0	1	60	6290	6231	3.56e-25	60	TelYs	6183	revT
ERR206161410168	Chr2	100.000	60	0	1	60	11316	11257	3.56e-25	60	TelYs	11209	revT
ERR206161410168	Chr2	100.000	60	0	1	60	7914365	7914424	3.56e-25	60	TelYs	7914376	revF
ERR206161410168	Chr1	100.000	60	0	1	60	6667124	6667183	3.56e-25	60	TelYs	6667135	revF
ERR20616143128	Chr8	100.000	60	0	1	60	1954	1895	3.56e-25	60	TelYs	1847	revT
ERR20616143128	Chr8	100.000	60	0	1	60	12156	12097	3.56e-25	60	TelYs	12049	revT
ERR20616143128	Chr8	100.000	60	0	1	60	1847020	1847079	3.56e-25	60	TelYs	1847031	revF
ERR20616143128	Chr8	100.000	60	0	1	60	1852152	1852211	3.56e-25	60	TelYs	1852163	revF
ERR20616143128	Chr8	100.000	60	0	1	60	1867379	1867438	3.56e-25	60	TelYs	1867390	revF
ERR20616143128	Chr8	98.361	61	0	1	60	7120	7060	1.66e-23	60	TelYs	7012	revT
ERR20616143128	Chr8	98.333	60	0	1	60	1857222	1857280	5.96e-23	60	TelYs	1857232	revF
ERR20616143128	Chr8	98.333	60	0	1	60	1862239	1862297	5.96e-23	60	TelYs	1862249	revF
ERR20616143128	Chr8	98.333	60	0	1	60	1872514	1872572	5.96e-23	60	TelYs	1872524	revF
ERR20616143128	Chr8	98.333	60	0	1	60	1877637	1877695	5.96e-23	60	TelYs	1877647	revF
ERR20616143128	Chr8	98.333	60	0	1	60	1882770	1882828	5.96e-23	60	TelYs	1882780	revF
ERR20616143128	Chr8	98.333	60	0	1	60	1887892	1887950	5.96e-23	60	TelYs	1887902	revF
ERR20616143128	Chr8	98.333	60	0	1	60	1892864	1892922	5.96e-23	60	TelYs	1892874	revF
ERR20616143128	Chr8	98.333	60	0	1	60	1897962	1898020	5.96e-23	60	TelYs	1897972	revF
ERR20616143128	Chr8	98.333	60	0	1	60	1902985	1903043	5.96e-23	60	TelYs	1902995	revF
ERR20616143128	Chr7	100.000	60	0	1	60	250	191	3.56e-25	60	TelYs	143	revT
ERR20616143128	Chr7	100.000	60	0	1	60	5274	5215	3.56e-25	60	TelYs	5167	revT
ERR20616143128	Chr7	100.000	60	0	1	60	4041314	4041373	3.56e-25	60	TelYs	4041325	revF
ERR20616143128	Chr7	100.000	60	0	1	60	4048777	4048836	3.56e-25	60	TelYs	4048788	revF
ERR20616143128	Chr7	100.000	60	0	1	60	4053812	4053871	3.56e-25	60	TelYs	4053823	revF
ERR20616143128	Chr7	100.000	60	0	1	60	4058968	4059027	3.56e-25	60	TelYs	4058979	revF
ERR20616143128	Chr7	100.000	60	0	1	60	4069006	4069065	3.56e-25	60	TelYs	4069017	revF
ERR20616143128	Chr7	100.000	60	0	1	60	4074112	4074171	3.56e-25	60	TelYs	4074123	revF
ERR20616143128	Chr7	100.000	60	0	1	60	4079104	4079163	3.56e-25	60	TelYs	4079115	revF
ERR20616143128	Chr7	98.333	60	0	1	60	4063998	4064056	5.96e-23	60	TelYs	4064008	revF
ERR20616143128	Chr6	100.000	60	0	1	60	442	383	3.56e-25	60	TelYs	335	revT
ERR20616143128	Chr6	100.000	60	0	1	60	5479	5420	3.56e-25	60	TelYs	5372	revT
ERR20616143128	Chr6	100.000	60	0	1	60	10510	10451	3.56e-25	60	TelYs	10403	revT
ERR20616143128	Chr6	100.000	60	0	1	60	15548	15489	3.56e-25	60	TelYs	15441	revT
ERR20616143128	Chr6	100.000	60	0	1	60	20571	20512	3.56e-25	60	TelYs	20464	revT
ERR20616143128	Chr6	100.000	60	0	1	60	6107694	6107753	3.56e-25	60	TelYs	6107705	revF
ERR20616143128	Chr6	100.000	60	0	1	60	6112807	6112866	3.56e-25	60	TelYs	6112818	revF
ERR20616143128	Chr6	100.000	60	0	1	60	6117852	6117911	3.56e-25	60	TelYs	6117863	revF
ERR20616143128	Chr6	100.000	60	0	1	60	6122896	6122955	3.56e-25	60	TelYs	6122907	revF
ERR20616143128	Chr6	100.000	60	0	1	60	6128059	6128118	3.56e-25	60	TelYs	6128070	revF
ERR20616143128	Chr6	100.000	60	0	1	60	6133097	6133156	3.56e-25	60	TelYs	6133108	revF
ERR20616143128	Chr5	100.000	60	0	1	60	278	219	3.56e-25	60	TelYs	171	revT
ERR20616143128	Chr5	100.000	60	0	1	60	4439700	4439759	3.56e-25	60	TelYs	4439711	revF
ERR20616143128	Chr5	100.000	60	0	1	60	4444739	4444798	3.56e-25	60	TelYs	4444750	revF
ERR20616143128	Chr5	100.000	60	0	1	60	4449779	4449838	3.56e-25	60	TelYs	4449790	revF
ERR20616143128	Chr5	100.000	60	0	1	60	4454823	4454882	3.56e-25	60	TelYs	4454834	revF
ERR20616143128	Chr5	100.000	60	0	1	60	4459871	4459930	3.56e-25	60	TelYs	4459882	revF
ERR20616143128	Chr4	100.000	60	0	1	60	279	220	3.56e-25	60	TelYs	172	revT
ERR20616143128	Chr4	100.000	60	0	1	60	5302	5243	3.56e-25	60	TelYs	5195	revT
ERR20616143128	Chr4	100.000	60	0	1	60	10332	10273	3.56e-25	60	TelYs	10225	revT
ERR20616143128	Chr4	100.000	60	0	1	60	5398636	5398695	3.56e-25	60	TelYs	5398647	revF
ERR20616143128	Chr4	98.361	61	0	1	60	5403688	5403748	1.66e-23	60	TelYs	5403700	revF
ERR20616143128	Chr4	98.361	61	0	1	60	5412939	5412999	1.66e-23	60	TelYs	5412951	revF
ERR20616143128	Chr3	100.000	60	0	1	60	9800	9741	3.56e-25	60	TelYs	9693	revT
ERR20616143128	Chr3	100.000	60	0	1	60	8227446	8227505	3.56e-25	60	TelYs	8227457	revF
ERR20616143128	Chr3	100.000	60	0	1	60	8232456	8232515	3.56e-25	60	TelYs	8232467	revF
ERR20616143128	Chr3	100.000	60	0	1	60	8237492	8237551	3.56e-25	60	TelYs	8237503	revF
ERR20616143128	Chr3	98.333	60	0	1	60	4812	4754	5.96e-23	60	TelYs	4706	revT
ERR20616143128	Chr2	100.000	60	0	1	60	5474	5415	3.56e-25	60	TelYs	5367	revT
ERR20616143128	Chr2	100.000	60	0	1	60	10500	10441	3.56e-25	60	TelYs	10393	revT
ERR20616143128	Chr2	98.361	61	0	1	60	7915182	7915242	1.66e-23	60	TelYs	7915194	revF
ERR20616143128	Chr2	98.333	60	0	1	60	435	377	5.96e-23	60	TelYs	329	revT
ERR20616143128	Chr1	100.000	60	0	1	60	6667939	6667998	3.56e-25	60	TelYs	6667950	revF
ERR20616147712	Chr8	100.000	60	0	1	60	1957	1898	3.56e-25	60	TelYs	1850	revT
ERR20616147712	Chr8	100.000	60	0	1	60	12159	12100	3.56e-25	60	TelYs	12052	revT
ERR20616147712	Chr8	100.000	60	0	1	60	1847017	1847076	3.56e-25	60	TelYs	1847028	revF
ERR20616147712	Chr8	100.000	60	0	1	60	1852149	1852208	3.56e-25	60	TelYs	1852160	revF
ERR20616147712	Chr8	100.000	60	0	1	60	1867376	1867435	3.56e-25	60	TelYs	1867387	revF
ERR20616147712	Chr8	98.361	61	0	1	60	7123	7063	1.66e-23	60	TelYs	7015	revT
ERR20616147712	Chr8	98.333	60	0	1	60	1857219	1857277	5.96e-23	60	TelYs	1857229	revF
ERR20616147712	Chr8	98.333	60	0	1	60	1862236	1862294	5.96e-23	60	TelYs	1862246	revF
ERR20616147712	Chr8	98.333	60	0	1	60	1872511	1872569	5.96e-23	60	TelYs	1872521	revF
ERR20616147712	Chr8	98.333	60	0	1	60	1877634	1877692	5.96e-23	60	TelYs	1877644	revF
ERR20616147712	Chr8	98.333	60	0	1	60	1882767	1882825	5.96e-23	60	TelYs	1882777	revF
ERR20616147712	Chr8	98.333	60	0	1	60	1887889	1887947	5.96e-23	60	TelYs	1887899	revF
ERR20616147712	Chr8	98.333	60	0	1	60	1892861	1892919	5.96e-23	60	TelYs	1892871	revF
ERR20616147712	Chr8	98.333	60	0	1	60	1897959	1898017	5.96e-23	60	TelYs	1897969	revF
ERR20616147712	Chr8	98.333	60	0	1	60	1902982	1903040	5.96e-23	60	TelYs	1902992	revF
ERR20616147712	Chr7	100.000	60	0	1	60	253	194	3.56e-25	60	TelYs	146	revT
ERR20616147712	Chr7	100.000	60	0	1	60	5277	5218	3.56e-25	60	TelYs	5170	revT
ERR20616147712	Chr7	100.000	60	0	1	60	4041311	4041370	3.56e-25	60	TelYs	4041322	revF
ERR20616147712	Chr7	100.000	60	0	1	60	4048774	4048833	3.56e-25	60	TelYs	4048785	revF
ERR20616147712	Chr7	100.000	60	0	1	60	4053809	4053868	3.56e-25	60	TelYs	4053820	revF
ERR20616147712	Chr7	100.000	60	0	1	60	4058965	4059024	3.56e-25	60	TelYs	4058976	revF
ERR20616147712	Chr7	100.000	60	0	1	60	4069003	4069062	3.56e-25	60	TelYs	4069014	revF
ERR20616147712	Chr7	100.000	60	0	1	60	4074109	4074168	3.56e-25	60	TelYs	4074120	revF
ERR20616147712	Chr7	100.000	60	0	1	60	4079101	4079160	3.56e-25	60	TelYs	4079112	revF
ERR20616147712	Chr7	98.333	60	0	1	60	4063995	4064053	5.96e-23	60	TelYs	4064005	revF
ERR20616147712	Chr6	100.000	60	0	1	60	445	386	3.56e-25	60	TelYs	338	revT
ERR20616147712	Chr6	100.000	60	0	1	60	5482	5423	3.56e-25	60	TelYs	5375	revT
ERR20616147712	Chr6	100.000	60	0	1	60	10513	10454	3.56e-25	60	TelYs	10406	revT
ERR20616147712	Chr6	100.000	60	0	1	60	15551	15492	3.56e-25	60	TelYs	15444	revT
ERR20616147712	Chr6	100.000	60	0	1	60	20574	20515	3.56e-25	60	TelYs	20467	revT
ERR20616147712	Chr6	100.000	60	0	1	60	6107691	6107750	3.56e-25	60	TelYs	6107702	revF
ERR20616147712	Chr6	100.000	60	0	1	60	6112804	6112863	3.56e-25	60	TelYs	6112815	revF
ERR20616147712	Chr6	100.000	60	0	1	60	6117849	6117908	3.56e-25	60	TelYs	6117860	revF
ERR20616147712	Chr6	100.000	60	0	1	60	6122893	6122952	3.56e-25	60	TelYs	6122904	revF
ERR20616147712	Chr6	100.000	60	0	1	60	6128056	6128115	3.56e-25	60	TelYs	6128067	revF
ERR20616147712	Chr6	100.000	60	0	1	60	6133094	6133153	3.56e-25	60	TelYs	6133105	revF
ERR20616147712	Chr5	100.000	60	0	1	60	281	222	3.56e-25	60	TelYs	174	revT
ERR20616147712	Chr5	100.000	60	0	1	60	4439697	4439756	3.56e-25	60	TelYs	4439708	revF
ERR20616147712	Chr5	100.000	60	0	1	60	4444736	4444795	3.56e-25	60	TelYs	4444747	revF
ERR20616147712	Chr5	100.000	60	0	1	60	4449776	4449835	3.56e-25	60	TelYs	4449787	revF
ERR20616147712	Chr5	100.000	60	0	1	60	4454820	4454879	3.56e-25	60	TelYs	4454831	revF
ERR20616147712	Chr5	100.000	60	0	1	60	4459868	4459927	3.56e-25	60	TelYs	4459879	revF
ERR20616147712	Chr4	100.000	60	0	1	60	282	223	3.56e-25	60	TelYs	175	revT
ERR20616147712	Chr4	100.000	60	0	1	60	5305	5246	3.56e-25	60	TelYs	5198	revT
ERR20616147712	Chr4	100.000	60	0	1	60	10335	10276	3.56e-25	60	TelYs	10228	revT
ERR20616147712	Chr4	100.000	60	0	1	60	5398633	5398692	3.56e-25	60	TelYs	5398644	revF
ERR20616147712	Chr4	98.361	61	0	1	60	5403685	5403745	1.66e-23	60	TelYs	5403697	revF
ERR20616147712	Chr4	98.361	61	0	1	60	5412936	5412996	1.66e-23	60	TelYs	5412948	revF
ERR20616147712	Chr3	100.000	60	0	1	60	9803	9744	3.56e-25	60	TelYs	9696	revT
ERR20616147712	Chr3	100.000	60	0	1	60	8227443	8227502	3.56e-25	60	TelYs	8227454	revF
ERR20616147712	Chr3	100.000	60	0	1	60	8232453	8232512	3.56e-25	60	TelYs	8232464	revF
ERR20616147712	Chr3	100.000	60	0	1	60	8237489	8237548	3.56e-25	60	TelYs	8237500	revF
ERR20616147712	Chr3	98.333	60	0	1	60	4815	4757	5.96e-23	60	TelYs	4709	revT
ERR20616147712	Chr2	100.000	60	0	1	60	5477	5418	3.56e-25	60	TelYs	5370	revT
ERR20616147712	Chr2	100.000	60	0	1	60	10503	10444	3.56e-25	60	TelYs	10396	revT
ERR20616147712	Chr2	98.361	61	0	1	60	7915179	7915239	1.66e-23	60	TelYs	7915191	revF
ERR20616147712	Chr2	98.333	60	0	1	60	438	380	5.96e-23	60	TelYs	332	revT
ERR20616147712	Chr1	100.000	60	0	1	60	6667936	6667995	3.56e-25	60	TelYs	6667947	revF
ERR20616144384	Chr8	98.333	60	1	1	60	1949	1890	1.66e-23	60	TelYs	1842	revT
ERR20616144384	Chr8	98.333	60	1	1	60	12151	12092	1.66e-23	60	TelYs	12044	revT
ERR20616144384	Chr8	98.333	60	1	1	60	1847025	1847084	1.66e-23	60	TelYs	1847036	revF
ERR20616144384	Chr8	98.333	60	1	1	60	1852157	1852216	1.66e-23	60	TelYs	1852168	revF
ERR20616144384	Chr8	98.333	60	1	1	60	1867384	1867443	1.66e-23	60	TelYs	1867395	revF
ERR20616144384	Chr8	96.721	61	1	1	60	7115	7055	7.71e-22	60	TelYs	7007	revT
ERR20616144384	Chr8	96.667	60	1	1	60	1857227	1857285	2.77e-21	60	TelYs	1857237	revF
ERR20616144384	Chr8	96.667	60	1	1	60	1862244	1862302	2.77e-21	60	TelYs	1862254	revF
ERR20616144384	Chr8	96.667	60	1	1	60	1872519	1872577	2.77e-21	60	TelYs	1872529	revF
ERR20616144384	Chr8	96.667	60	1	1	60	1877642	1877700	2.77e-21	60	TelYs	1877652	revF
ERR20616144384	Chr8	96.667	60	1	1	60	1882775	1882833	2.77e-21	60	TelYs	1882785	revF
ERR20616144384	Chr8	96.667	60	1	1	60	1887897	1887955	2.77e-21	60	TelYs	1887907	revF
ERR20616144384	Chr8	96.667	60	1	1	60	1892869	1892927	2.77e-21	60	TelYs	1892879	revF
ERR20616144384	Chr8	96.667	60	1	1	60	1897967	1898025	2.77e-21	60	TelYs	1897977	revF
ERR20616144384	Chr8	96.667	60	1	1	60	1902990	1903048	2.77e-21	60	TelYs	1903000	revF
ERR20616144384	Chr7	98.333	60	1	1	60	245	186	1.66e-23	60	TelYs	138	revT
ERR20616144384	Chr7	98.333	60	1	1	60	5269	5210	1.66e-23	60	TelYs	5162	revT
ERR20616144384	Chr7	98.333	60	1	1	60	4041319	4041378	1.66e-23	60	TelYs	4041330	revF
ERR20616144384	Chr7	98.333	60	1	1	60	4048782	4048841	1.66e-23	60	TelYs	4048793	revF
ERR20616144384	Chr7	98.333	60	1	1	60	4053817	4053876	1.66e-23	60	TelYs	4053828	revF
ERR20616144384	Chr7	98.333	60	1	1	60	4058973	4059032	1.66e-23	60	TelYs	4058984	revF
ERR20616144384	Chr7	98.333	60	1	1	60	4069011	4069070	1.66e-23	60	TelYs	4069022	revF
ERR20616144384	Chr7	98.333	60	1	1	60	4074117	4074176	1.66e-23	60	TelYs	4074128	revF
ERR20616144384	Chr7	98.333	60	1	1	60	4079109	4079168	1.66e-23	60	TelYs	4079120	revF
ERR20616144384	Chr7	96.667	60	1	1	60	4064003	4064061	2.77e-21	60	TelYs	4064013	revF
ERR20616144384	Chr6	98.333	60	1	1	60	437	378	1.66e-23	60	TelYs	330	revT
ERR20616144384	Chr6	98.333	60	1	1	60	5474	5415	1.66e-23	60	TelYs	5367	revT
ERR20616144384	Chr6	98.333	60	1	1	60	10505	10446	1.66e-23	60	TelYs	10398	revT
ERR20616144384	Chr6	98.333	60	1	1	60	15543	15484	1.66e-23	60	TelYs	15436	revT
ERR20616144384	Chr6	98.333	60	1	1	60	20566	20507	1.66e-23	60	TelYs	20459	revT
ERR20616144384	Chr6	98.333	60	1	1	60	6107699	6107758	1.66e-23	60	TelYs	6107710	revF
ERR20616144384	Chr6	98.333	60	1	1	60	6112812	6112871	1.66e-23	60	TelYs	6112823	revF
ERR20616144384	Chr6	98.333	60	1	1	60	6117857	6117916	1.66e-23	60	TelYs	6117868	revF
ERR20616144384	Chr6	98.333	60	1	1	60	6122901	6122960	1.66e-23	60	TelYs	6122912	revF
ERR20616144384	Chr6	98.333	60	1	1	60	6128064	6128123	1.66e-23	60	TelYs	6128075	revF
ERR20616144384	Chr6	98.333	60	1	1	60	6133102	6133161	1.66e-23	60	TelYs	6133113	revF
ERR20616144384	Chr5	98.333	60	1	1	60	273	214	1.66e-23	60	TelYs	166	revT
ERR20616144384	Chr5	98.333	60	1	1	60	4439705	4439764	1.66e-23	60	TelYs	4439716	revF
ERR20616144384	Chr5	98.333	60	1	1	60	4444744	4444803	1.66e-23	60	TelYs	4444755	revF
ERR20616144384	Chr5	98.333	60	1	1	60	4449784	4449843	1.66e-23	60	TelYs	4449795	revF
ERR20616144384	Chr5	98.333	60	1	1	60	4454828	4454887	1.66e-23	60	TelYs	4454839	revF
ERR20616144384	Chr5	98.333	60	1	1	60	4459876	4459935	1.66e-23	60	TelYs	4459887	revF
ERR20616144384	Chr4	98.333	60	1	1	60	274	215	1.66e-23	60	TelYs	167	revT
ERR20616144384	Chr4	98.333	60	1	1	60	5297	5238	1.66e-23	60	TelYs	5190	revT
ERR20616144384	Chr4	98.333	60	1	1	60	10327	10268	1.66e-23	60	TelYs	10220	revT
ERR20616144384	Chr4	98.333	60	1	1	60	5398641	5398700	1.66e-23	60	TelYs	5398652	revF
ERR20616144384	Chr4	96.721	61	1	1	60	5403693	5403753	7.71e-22	60	TelYs	5403705	revF
ERR20616144384	Chr4	96.721	61	1	1	60	5412944	5413004	7.71e-22	60	TelYs	5412956	revF
ERR20616144384	Chr3	98.333	60	1	1	60	9795	9736	1.66e-23	60	TelYs	9688	revT
ERR20616144384	Chr3	98.333	60	1	1	60	8227451	8227510	1.66e-23	60	TelYs	8227462	revF
ERR20616144384	Chr3	98.333	60	1	1	60	8232461	8232520	1.66e-23	60	TelYs	8232472	revF
ERR20616144384	Chr3	98.333	60	1	1	60	8237497	8237556	1.66e-23	60	TelYs	8237508	revF
ERR20616144384	Chr3	96.667	60	1	1	60	4807	4749	2.77e-21	60	TelYs	4701	revT
ERR20616144384	Chr2	98.333	60	1	1	60	5469	5410	1.66e-23	60	TelYs	5362	revT
ERR20616144384	Chr2	98.333	60	1	1	60	10495	10436	1.66e-23	60	TelYs	10388	revT
ERR20616144384	Chr2	96.721	61	1	1	60	7915187	7915247	7.71e-22	60	TelYs	7915199	revF
ERR20616144384	Chr2	96.667	60	1	1	60	430	372	2.77e-21	60	TelYs	324	revT
ERR20616144384	Chr1	98.333	60	1	1	60	6667944	6668003	1.66e-23	60	TelYs	6667955	revF
ERR20616147224	Chr8	100.000	60	0	1	60	1955	1896	3.56e-25	60	TelYs	1848	revT
ERR20616147224	Chr8	100.000	60	0	1	60	12157	12098	3.56e-25	60	TelYs	12050	revT
ERR20616147224	Chr8	100.000	60	0	1	60	1847019	1847078	3.56e-25	60	TelYs	1847030	revF
ERR20616147224	Chr8	100.000	60	0	1	60	1852151	1852210	3.56e-25	60	TelYs	1852162	revF
ERR20616147224	Chr8	100.000	60	0	1	60	1867378	1867437	3.56e-25	60	TelYs	1867389	revF
ERR20616147224	Chr8	98.361	61	0	1	60	7121	7061	1.66e-23	60	TelYs	7013	revT
ERR20616147224	Chr8	98.333	60	0	1	60	1857221	1857279	5.96e-23	60	TelYs	1857231	revF
ERR20616147224	Chr8	98.333	60	0	1	60	1862238	1862296	5.96e-23	60	TelYs	1862248	revF
ERR20616147224	Chr8	98.333	60	0	1	60	1872513	1872571	5.96e-23	60	TelYs	1872523	revF
ERR20616147224	Chr8	98.333	60	0	1	60	1877636	1877694	5.96e-23	60	TelYs	1877646	revF
ERR20616147224	Chr8	98.333	60	0	1	60	1882769	1882827	5.96e-23	60	TelYs	1882779	revF
ERR20616147224	Chr8	98.333	60	0	1	60	1887891	1887949	5.96e-23	60	TelYs	1887901	revF
ERR20616147224	Chr8	98.333	60	0	1	60	1892863	1892921	5.96e-23	60	TelYs	1892873	revF
ERR20616147224	Chr8	98.333	60	0	1	60	1897961	1898019	5.96e-23	60	TelYs	1897971	revF
ERR20616147224	Chr8	98.333	60	0	1	60	1902984	1903042	5.96e-23	60	TelYs	1902994	revF
ERR20616147224	Chr7	100.000	60	0	1	60	251	192	3.56e-25	60	TelYs	144	revT
ERR20616147224	Chr7	100.000	60	0	1	60	5275	5216	3.56e-25	60	TelYs	5168	revT
ERR20616147224	Chr7	100.000	60	0	1	60	4041313	4041372	3.56e-25	60	TelYs	4041324	revF
ERR20616147224	Chr7	100.000	60	0	1	60	4048776	4048835	3.56e-25	60	TelYs	4048787	revF
ERR20616147224	Chr7	100.000	60	0	1	60	4053811	4053870	3.56e-25	60	TelYs	4053822	revF
ERR20616147224	Chr7	100.000	60	0	1	60	4058967	4059026	3.56e-25	60	TelYs	4058978	revF
ERR20616147224	Chr7	100.000	60	0	1	60	4069005	4069064	3.56e-25	60	TelYs	4069016	revF
ERR20616147224	Chr7	100.000	60	0	1	60	4074111	4074170	3.56e-25	60	TelYs	4074122	revF
ERR20616147224	Chr7	100.000	60	0	1	60	4079103	4079162	3.56e-25	60	TelYs	4079114	revF
ERR20616147224	Chr7	98.333	60	0	1	60	4063997	4064055	5.96e-23	60	TelYs	4064007	revF
ERR20616147224	Chr6	100.000	60	0	1	60	443	384	3.56e-25	60	TelYs	336	revT
ERR20616147224	Chr6	100.000	60	0	1	60	5480	5421	3.56e-25	60	TelYs	5373	revT
ERR20616147224	Chr6	100.000	60	0	1	60	10511	10452	3.56e-25	60	TelYs	10404	revT
ERR20616147224	Chr6	100.000	60	0	1	60	15549	15490	3.56e-25	60	TelYs	15442	revT
ERR20616147224	Chr6	100.000	60	0	1	60	20572	20513	3.56e-25	60	TelYs	20465	revT
ERR20616147224	Chr6	100.000	60	0	1	60	6107693	6107752	3.56e-25	60	TelYs	6107704	revF
ERR20616147224	Chr6	100.000	60	0	1	60	6112806	6112865	3.56e-25	60	TelYs	6112817	revF
ERR20616147224	Chr6	100.000	60	0	1	60	6117851	6117910	3.56e-25	60	TelYs	6117862	revF
ERR20616147224	Chr6	100.000	60	0	1	60	6122895	6122954	3.56e-25	60	TelYs	6122906	revF
ERR20616147224	Chr6	100.000	60	0	1	60	6128058	6128117	3.56e-25	60	TelYs	6128069	revF
ERR20616147224	Chr6	100.000	60	0	1	60	6133096	6133155	3.56e-25	60	TelYs	6133107	revF
ERR20616147224	Chr5	100.000	60	0	1	60	279	220	3.56e-25	60	TelYs	172	revT
ERR20616147224	Chr5	100.000	60	0	1	60	4439699	4439758	3.56e-25	60	TelYs	4439710	revF
ERR20616147224	Chr5	100.000	60	0	1	60	4444738	4444797	3.56e-25	60	TelYs	4444749	revF
ERR20616147224	Chr5	100.000	60	0	1	60	4449778	4449837	3.56e-25	60	TelYs	4449789	revF
ERR20616147224	Chr5	100.000	60	0	1	60	4454822	4454881	3.56e-25	60	TelYs	4454833	revF
ERR20616147224	Chr5	100.000	60	0	1	60	4459870	4459929	3.56e-25	60	TelYs	4459881	revF
ERR20616147224	Chr4	100.000	60	0	1	60	280	221	3.56e-25	60	TelYs	173	revT
ERR20616147224	Chr4	100.000	60	0	1	60	5303	5244	3.56e-25	60	TelYs	5196	revT
ERR20616147224	Chr4	100.000	60	0	1	60	10333	10274	3.56e-25	60	TelYs	10226	revT
ERR20616147224	Chr4	100.000	60	0	1	60	5398635	5398694	3.56e-25	60	TelYs	5398646	revF
ERR20616147224	Chr4	98.361	61	0	1	60	5403687	5403747	1.66e-23	60	TelYs	5403699	revF
ERR20616147224	Chr4	98.361	61	0	1	60	5412938	5412998	1.66e-23	60	TelYs	5412950	revF
ERR20616147224	Chr3	100.000	60	0	1	60	9801	9742	3.56e-25	60	TelYs	9694	revT
ERR20616147224	Chr3	100.000	60	0	1	60	8227445	8227504	3.56e-25	60	TelYs	8227456	revF
ERR20616147224	Chr3	100.000	60	0	1	60	8232455	8232514	3.56e-25	60	TelYs	8232466	revF
ERR20616147224	Chr3	100.000	60	0	1	60	8237491	8237550	3.56e-25	60	TelYs	8237502	revF
ERR20616147224	Chr3	98.333	60	0	1	60	4813	4755	5.96e-23	60	TelYs	4707	revT
ERR20616147224	Chr2	100.000	60	0	1	60	5475	5416	3.56e-25	60	TelYs	5368	revT
ERR20616147224	Chr2	100.000	60	0	1	60	10501	10442	3.56e-25	60	TelYs	10394	revT
ERR20616147224	Chr2	98.361	61	0	1	60	7915181	7915241	1.66e-23	60	TelYs	7915193	revF
ERR20616147224	Chr2	98.333	60	0	1	60	436	378	5.96e-23	60	TelYs	330	revT
ERR20616147224	Chr1	100.000	60	0	1	60	6667938	6667997	3.56e-25	60	TelYs	6667949	revF
ERR20616147184	Chr8	100.000	60	0	1	60	1950	1891	3.56e-25	60	TelYs	1843	revT
ERR20616147184	Chr8	100.000	60	0	1	60	12152	12093	3.56e-25	60	TelYs	12045	revT
ERR20616147184	Chr8	100.000	60	0	1	60	1847024	1847083	3.56e-25	60	TelYs	1847035	revF
ERR20616147184	Chr8	100.000	60	0	1	60	1852156	1852215	3.56e-25	60	TelYs	1852167	revF
ERR20616147184	Chr8	100.000	60	0	1	60	1867383	1867442	3.56e-25	60	TelYs	1867394	revF
ERR20616147184	Chr8	98.361	61	0	1	60	7116	7056	1.66e-23	60	TelYs	7008	revT
ERR20616147184	Chr8	98.333	60	0	1	60	1857226	1857284	5.96e-23	60	TelYs	1857236	revF
ERR20616147184	Chr8	98.333	60	0	1	60	1862243	1862301	5.96e-23	60	TelYs	1862253	revF
ERR20616147184	Chr8	98.333	60	0	1	60	1872518	1872576	5.96e-23	60	TelYs	1872528	revF
ERR20616147184	Chr8	98.333	60	0	1	60	1877641	1877699	5.96e-23	60	TelYs	1877651	revF
ERR20616147184	Chr8	98.333	60	0	1	60	1882774	1882832	5.96e-23	60	TelYs	1882784	revF
ERR20616147184	Chr8	98.333	60	0	1	60	1887896	1887954	5.96e-23	60	TelYs	1887906	revF
ERR20616147184	Chr8	98.333	60	0	1	60	1892868	1892926	5.96e-23	60	TelYs	1892878	revF
ERR20616147184	Chr8	98.333	60	0	1	60	1897966	1898024	5.96e-23	60	TelYs	1897976	revF
ERR20616147184	Chr8	98.333	60	0	1	60	1902989	1903047	5.96e-23	60	TelYs	1902999	revF
ERR20616147184	Chr7	100.000	60	0	1	60	246	187	3.56e-25	60	TelYs	139	revT
ERR20616147184	Chr7	100.000	60	0	1	60	5270	5211	3.56e-25	60	TelYs	5163	revT
ERR20616147184	Chr7	100.000	60	0	1	60	4041318	4041377	3.56e-25	60	TelYs	4041329	revF
ERR20616147184	Chr7	100.000	60	0	1	60	4048781	4048840	3.56e-25	60	TelYs	4048792	revF
ERR20616147184	Chr7	100.000	60	0	1	60	4053816	4053875	3.56e-25	60	TelYs	4053827	revF
ERR20616147184	Chr7	100.000	60	0	1	60	4058972	4059031	3.56e-25	60	TelYs	4058983	revF
ERR20616147184	Chr7	100.000	60	0	1	60	4069010	4069069	3.56e-25	60	TelYs	4069021	revF
ERR20616147184	Chr7	100.000	60	0	1	60	4074116	4074175	3.56e-25	60	TelYs	4074127	revF
ERR20616147184	Chr7	100.000	60	0	1	60	4079108	4079167	3.56e-25	60	TelYs	4079119	revF
ERR20616147184	Chr7	98.333	60	0	1	60	4064002	4064060	5.96e-23	60	TelYs	4064012	revF
ERR20616147184	Chr6	100.000	60	0	1	60	438	379	3.56e-25	60	TelYs	331	revT
ERR20616147184	Chr6	100.000	60	0	1	60	5475	5416	3.56e-25	60	TelYs	5368	revT
ERR20616147184	Chr6	100.000	60	0	1	60	10506	10447	3.56e-25	60	TelYs	10399	revT
ERR20616147184	Chr6	100.000	60	0	1	60	15544	15485	3.56e-25	60	TelYs	15437	revT
ERR20616147184	Chr6	100.000	60	0	1	60	20567	20508	3.56e-25	60	TelYs	20460	revT
ERR20616147184	Chr6	100.000	60	0	1	60	6107698	6107757	3.56e-25	60	TelYs	6107709	revF
ERR20616147184	Chr6	100.000	60	0	1	60	6112811	6112870	3.56e-25	60	TelYs	6112822	revF
ERR20616147184	Chr6	100.000	60	0	1	60	6117856	6117915	3.56e-25	60	TelYs	6117867	revF
ERR20616147184	Chr6	100.000	60	0	1	60	6122900	6122959	3.56e-25	60	TelYs	6122911	revF
ERR20616147184	Chr6	100.000	60	0	1	60	6128063	6128122	3.56e-25	60	TelYs	6128074	revF
ERR20616147184	Chr6	100.000	60	0	1	60	6133101	6133160	3.56e-25	60	TelYs	6133112	revF
ERR20616147184	Chr5	100.000	60	0	1	60	274	215	3.56e-25	60	TelYs	167	revT
ERR20616147184	Chr5	100.000	60	0	1	60	4439704	4439763	3.56e-25	60	TelYs	4439715	revF
ERR20616147184	Chr5	100.000	60	0	1	60	4444743	4444802	3.56e-25	60	TelYs	4444754	revF
ERR20616147184	Chr5	100.000	60	0	1	60	4449783	4449842	3.56e-25	60	TelYs	4449794	revF
ERR20616147184	Chr5	100.000	60	0	1	60	4454827	4454886	3.56e-25	60	TelYs	4454838	revF
ERR20616147184	Chr5	100.000	60	0	1	60	4459875	4459934	3.56e-25	60	TelYs	4459886	revF
ERR20616147184	Chr4	100.000	60	0	1	60	275	216	3.56e-25	60	TelYs	168	revT
ERR20616147184	Chr4	100.000	60	0	1	60	5298	5239	3.56e-25	60	TelYs	5191	revT
ERR20616147184	Chr4	100.000	60	0	1	60	10328	10269	3.56e-25	60	TelYs	10221	revT
ERR20616147184	Chr4	100.000	60	0	1	60	5398640	5398699	3.56e-25	60	TelYs	5398651	revF
ERR20616147184	Chr4	98.361	61	0	1	60	5403692	5403752	1.66e-23	60	TelYs	5403704	revF
ERR20616147184	Chr4	98.361	61	0	1	60	5412943	5413003	1.66e-23	60	TelYs	5412955	revF
ERR20616147184	Chr3	100.000	60	0	1	60	9796	9737	3.56e-25	60	TelYs	9689	revT
ERR20616147184	Chr3	100.000	60	0	1	60	8227450	8227509	3.56e-25	60	TelYs	8227461	revF
ERR20616147184	Chr3	100.000	60	0	1	60	8232460	8232519	3.56e-25	60	TelYs	8232471	revF
ERR20616147184	Chr3	100.000	60	0	1	60	8237496	8237555	3.56e-25	60	TelYs	8237507	revF
ERR20616147184	Chr3	98.333	60	0	1	60	4808	4750	5.96e-23	60	TelYs	4702	revT
ERR20616147184	Chr2	100.000	60	0	1	60	5470	5411	3.56e-25	60	TelYs	5363	revT
ERR20616147184	Chr2	100.000	60	0	1	60	10496	10437	3.56e-25	60	TelYs	10389	revT
ERR20616147184	Chr2	98.361	61	0	1	60	7915186	7915246	1.66e-23	60	TelYs	7915198	revF
ERR20616147184	Chr2	98.333	60	0	1	60	431	373	5.96e-23	60	TelYs	325	revT
ERR20616147184	Chr1	100.000	60	0	1	60	6667943	6668002	3.56e-25	60	TelYs	6667954	revF
ERR20616149192	Chr3	100.000	60	0	1	60	7884446	7884505	3.56e-25	60	TelYs	7884457	revF
ERR20616149192	Chr1	100.000	60	0	1	60	12790	12849	3.56e-25	60	TelYs	12801	revF
ERR20616149192	Chr1	100.000	60	0	1	60	21040	21099	3.56e-25	60	TelYs	21051	revF
ERR20616149192	Chr1	100.000	60	0	1	60	29307	29366	3.56e-25	60	TelYs	29318	revF
ERR20616149192	Chr1	100.000	60	0	1	60	37527	37586	3.56e-25	60	TelYs	37538	revF
ERR20616149192	Chr1	100.000	60	0	1	60	45722	45781	3.56e-25	60	TelYs	45733	revF
ERR20616149192	Chr1	100.000	60	0	1	60	53991	54050	3.56e-25	60	TelYs	54002	revF
ERR20616149192	Chr1	100.000	60	0	1	60	70533	70592	3.56e-25	60	TelYs	70544	revF
ERR20616149192	Chr1	100.000	60	0	1	60	78799	78858	3.56e-25	60	TelYs	78810	revF
ERR20616149192	Chr1	100.000	60	0	1	60	86936	86995	3.56e-25	60	TelYs	86947	revF
ERR20616149192	Chr1	100.000	60	0	1	60	95248	95307	3.56e-25	60	TelYs	95259	revF
ERR20616149192	Chr1	100.000	60	0	1	60	103558	103617	3.56e-25	60	TelYs	103569	revF
ERR20616149192	Chr1	100.000	60	0	1	60	130043	130102	3.56e-25	60	TelYs	130054	revF
ERR20616149192	Chr1	100.000	60	0	1	60	138220	138279	3.56e-25	60	TelYs	138231	revF
ERR20616149192	Chr1	100.000	60	0	1	60	146465	146524	3.56e-25	60	TelYs	146476	revF
ERR20616149192	Chr1	100.000	60	0	1	60	154684	154743	3.56e-25	60	TelYs	154695	revF
ERR20616149192	Chr1	100.000	60	0	1	60	162903	162962	3.56e-25	60	TelYs	162914	revF
ERR20616149192	Chr1	100.000	60	0	1	60	171143	171202	3.56e-25	60	TelYs	171154	revF
ERR20616149192	Chr1	100.000	60	0	1	60	204186	204245	3.56e-25	60	TelYs	204197	revF
ERR20616149192	Chr1	100.000	60	0	1	60	220651	220710	3.56e-25	60	TelYs	220662	revF
ERR20616149192	Chr1	100.000	60	0	1	60	228955	229014	3.56e-25	60	TelYs	228966	revF
ERR20616149192	Chr1	100.000	60	0	1	60	237254	237313	3.56e-25	60	TelYs	237265	revF
ERR20616149192	Chr1	100.000	60	0	1	60	245558	245617	3.56e-25	60	TelYs	245569	revF
ERR20616149192	Chr1	100.000	60	0	1	60	253861	253920	3.56e-25	60	TelYs	253872	revF
ERR20616149192	Chr1	100.000	60	0	1	60	262161	262220	3.56e-25	60	TelYs	262172	revF
ERR20616149192	Chr1	100.000	60	0	1	60	270463	270522	3.56e-25	60	TelYs	270474	revF
ERR20616149192	Chr1	100.000	60	0	1	60	278765	278824	3.56e-25	60	TelYs	278776	revF
ERR20616149192	Chr1	100.000	60	0	1	60	287076	287135	3.56e-25	60	TelYs	287087	revF
ERR20616149192	Chr1	98.333	60	0	1	60	5137	5195	5.96e-23	60	TelYs	5147	revF
ERR20616149192	Chr1	98.333	60	0	1	60	62252	62310	5.96e-23	60	TelYs	62262	revF
ERR20616149192	Chr1	98.333	60	0	1	60	121815	121873	5.96e-23	60	TelYs	121825	revF
ERR20616149192	Chr1	98.333	60	0	1	60	179378	179436	5.96e-23	60	TelYs	179388	revF
ERR20616149192	Chr1	98.333	60	0	1	60	195975	196033	5.96e-23	60	TelYs	195985	revF
ERR20616149192	Chr1	98.333	60	0	1	60	212419	212477	5.96e-23	60	TelYs	212429	revF
ERR20616148096	Chr8	100.000	60	0	1	60	2767	2708	3.56e-25	60	TelYs	2660	revT
ERR20616148096	Chr8	100.000	60	0	1	60	7937	7878	3.56e-25	60	TelYs	7830	revT
ERR20616148096	Chr8	100.000	60	0	1	60	12968	12909	3.56e-25	60	TelYs	12861	revT
ERR20616148096	Chr8	100.000	60	0	1	60	1846202	1846261	3.56e-25	60	TelYs	1846213	revF
ERR20616148096	Chr8	100.000	60	0	1	60	1851339	1851398	3.56e-25	60	TelYs	1851350	revF
ERR20616148096	Chr8	100.000	60	0	1	60	1856405	1856464	3.56e-25	60	TelYs	1856416	revF
ERR20616148096	Chr8	100.000	60	0	1	60	1861423	1861482	3.56e-25	60	TelYs	1861434	revF
ERR20616148096	Chr8	100.000	60	0	1	60	1866568	1866627	3.56e-25	60	TelYs	1866579	revF
ERR20616148096	Chr8	100.000	60	0	1	60	1871706	1871765	3.56e-25	60	TelYs	1871717	revF
ERR20616148096	Chr8	100.000	60	0	1	60	1876829	1876888	3.56e-25	60	TelYs	1876840	revF
ERR20616148096	Chr8	100.000	60	0	1	60	1881956	1882015	3.56e-25	60	TelYs	1881967	revF
ERR20616148096	Chr8	100.000	60	0	1	60	1887085	1887144	3.56e-25	60	TelYs	1887096	revF
ERR20616148096	Chr8	100.000	60	0	1	60	1892072	1892131	3.56e-25	60	TelYs	1892083	revF
ERR20616148096	Chr8	100.000	60	0	1	60	1897164	1897223	3.56e-25	60	TelYs	1897175	revF
ERR20616148096	Chr8	100.000	60	0	1	60	1902176	1902235	3.56e-25	60	TelYs	1902187	revF
ERR20616148096	Chr7	100.000	60	0	1	60	1060	1001	3.56e-25	60	TelYs	953	revT
ERR20616148096	Chr7	100.000	60	0	1	60	6090	6031	3.56e-25	60	TelYs	5983	revT
ERR20616148096	Chr7	100.000	60	0	1	60	4040503	4040562	3.56e-25	60	TelYs	4040514	revF
ERR20616148096	Chr7	100.000	60	0	1	60	4047964	4048023	3.56e-25	60	TelYs	4047975	revF
ERR20616148096	Chr7	100.000	60	0	1	60	4052995	4053054	3.56e-25	60	TelYs	4053006	revF
ERR20616148096	Chr7	100.000	60	0	1	60	4058153	4058212	3.56e-25	60	TelYs	4058164	revF
ERR20616148096	Chr7	100.000	60	0	1	60	4063184	4063243	3.56e-25	60	TelYs	4063195	revF
ERR20616148096	Chr7	100.000	60	0	1	60	4068205	4068264	3.56e-25	60	TelYs	4068216	revF
ERR20616148096	Chr7	100.000	60	0	1	60	4073309	4073368	3.56e-25	60	TelYs	4073320	revF
ERR20616148096	Chr7	100.000	60	0	1	60	4078306	4078365	3.56e-25	60	TelYs	4078317	revF
ERR20616148096	Chr6	100.000	60	0	1	60	1256	1197	3.56e-25	60	TelYs	1149	revT
ERR20616148096	Chr6	100.000	60	0	1	60	6302	6243	3.56e-25	60	TelYs	6195	revT
ERR20616148096	Chr6	100.000	60	0	1	60	11323	11264	3.56e-25	60	TelYs	11216	revT
ERR20616148096	Chr6	100.000	60	0	1	60	16360	16301	3.56e-25	60	TelYs	16253	revT
ERR20616148096	Chr6	100.000	60	0	1	60	21381	21322	3.56e-25	60	TelYs	21274	revT
ERR20616148096	Chr6	100.000	60	0	1	60	6106880	6106939	3.56e-25	60	TelYs	6106891	revF
ERR20616148096	Chr6	100.000	60	0	1	60	6111994	6112053	3.56e-25	60	TelYs	6112005	revF
ERR20616148096	Chr6	100.000	60	0	1	60	6117039	6117098	3.56e-25	60	TelYs	6117050	revF
ERR20616148096	Chr6	100.000	60	0	1	60	6122080	6122139	3.56e-25	60	TelYs	6122091	revF
ERR20616148096	Chr6	100.000	60	0	1	60	6127241	6127300	3.56e-25	60	TelYs	6127252	revF
ERR20616148096	Chr6	100.000	60	0	1	60	6132281	6132340	3.56e-25	60	TelYs	6132292	revF
ERR20616148096	Chr5	100.000	60	0	1	60	1009	950	3.56e-25	60	TelYs	902	revT
ERR20616148096	Chr5	100.000	60	0	1	60	4438887	4438946	3.56e-25	60	TelYs	4438898	revF
ERR20616148096	Chr5	100.000	60	0	1	60	4443915	4443974	3.56e-25	60	TelYs	4443926	revF
ERR20616148096	Chr5	100.000	60	0	1	60	4448956	4449015	3.56e-25	60	TelYs	4448967	revF
ERR20616148096	Chr5	100.000	60	0	1	60	4454009	4454068	3.56e-25	60	TelYs	4454020	revF
ERR20616148096	Chr5	100.000	60	0	1	60	4459053	4459112	3.56e-25	60	TelYs	4459064	revF
ERR20616148096	Chr4	100.000	60	0	1	60	1090	1031	3.56e-25	60	TelYs	983	revT
ERR20616148096	Chr4	100.000	60	0	1	60	6116	6057	3.56e-25	60	TelYs	6009	revT
ERR20616148096	Chr4	100.000	60	0	1	60	11153	11094	3.56e-25	60	TelYs	11046	revT
ERR20616148096	Chr4	100.000	60	0	1	60	5397824	5397883	3.56e-25	60	TelYs	5397835	revF
ERR20616148096	Chr4	100.000	60	0	1	60	5402870	5402929	3.56e-25	60	TelYs	5402881	revF
ERR20616148096	Chr4	100.000	60	0	1	60	5407907	5407966	3.56e-25	60	TelYs	5407918	revF
ERR20616148096	Chr4	100.000	60	0	1	60	5412122	5412181	3.56e-25	60	TelYs	5412133	revF
ERR20616148096	Chr3	100.000	60	0	1	60	628	569	3.56e-25	60	TelYs	521	revT
ERR20616148096	Chr3	100.000	60	0	1	60	5619	5560	3.56e-25	60	TelYs	5512	revT
ERR20616148096	Chr3	100.000	60	0	1	60	10608	10549	3.56e-25	60	TelYs	10501	revT
ERR20616148096	Chr3	100.000	60	0	1	60	8226625	8226684	3.56e-25	60	TelYs	8226636	revF
ERR20616148096	Chr3	100.000	60	0	1	60	8231640	8231699	3.56e-25	60	TelYs	8231651	revF
ERR20616148096	Chr3	98.361	61	0	1	60	8236674	8236734	1.66e-23	60	TelYs	8236686	revF
ERR20616148096	Chr2	100.000	60	0	1	60	1216	1157	3.56e-25	60	TelYs	1109	revT
ERR20616148096	Chr2	100.000	60	0	1	60	6289	6230	3.56e-25	60	TelYs	6182	revT
ERR20616148096	Chr2	100.000	60	0	1	60	11315	11256	3.56e-25	60	TelYs	11208	revT
ERR20616148096	Chr2	100.000	60	0	1	60	7914366	7914425	3.56e-25	60	TelYs	7914377	revF
ERR20616148096	Chr1	100.000	60	0	1	60	6667125	6667184	3.56e-25	60	TelYs	6667136	revF
ERR206161410328	Chr8	100.000	60	0	1	60	2763	2704	3.56e-25	60	TelYs	2656	revT
ERR206161410328	Chr8	100.000	60	0	1	60	7933	7874	3.56e-25	60	TelYs	7826	revT
ERR206161410328	Chr8	100.000	60	0	1	60	12964	12905	3.56e-25	60	TelYs	12857	revT
ERR206161410328	Chr8	100.000	60	0	1	60	1846206	1846265	3.56e-25	60	TelYs	1846217	revF
ERR206161410328	Chr8	100.000	60	0	1	60	1851343	1851402	3.56e-25	60	TelYs	1851354	revF
ERR206161410328	Chr8	100.000	60	0	1	60	1856409	1856468	3.56e-25	60	TelYs	1856420	revF
ERR206161410328	Chr8	100.000	60	0	1	60	1861427	1861486	3.56e-25	60	TelYs	1861438	revF
ERR206161410328	Chr8	100.000	60	0	1	60	1866572	1866631	3.56e-25	60	TelYs	1866583	revF
ERR206161410328	Chr8	100.000	60	0	1	60	1871710	1871769	3.56e-25	60	TelYs	1871721	revF
ERR206161410328	Chr8	100.000	60	0	1	60	1876833	1876892	3.56e-25	60	TelYs	1876844	revF
ERR206161410328	Chr8	100.000	60	0	1	60	1881960	1882019	3.56e-25	60	TelYs	1881971	revF
ERR206161410328	Chr8	100.000	60	0	1	60	1887089	1887148	3.56e-25	60	TelYs	1887100	revF
ERR206161410328	Chr8	100.000	60	0	1	60	1892076	1892135	3.56e-25	60	TelYs	1892087	revF
ERR206161410328	Chr8	100.000	60	0	1	60	1897168	1897227	3.56e-25	60	TelYs	1897179	revF
ERR206161410328	Chr8	100.000	60	0	1	60	1902180	1902239	3.56e-25	60	TelYs	1902191	revF
ERR206161410328	Chr7	100.000	60	0	1	60	1056	997	3.56e-25	60	TelYs	949	revT
ERR206161410328	Chr7	100.000	60	0	1	60	6086	6027	3.56e-25	60	TelYs	5979	revT
ERR206161410328	Chr7	100.000	60	0	1	60	4040507	4040566	3.56e-25	60	TelYs	4040518	revF
ERR206161410328	Chr7	100.000	60	0	1	60	4047968	4048027	3.56e-25	60	TelYs	4047979	revF
ERR206161410328	Chr7	100.000	60	0	1	60	4052999	4053058	3.56e-25	60	TelYs	4053010	revF
ERR206161410328	Chr7	100.000	60	0	1	60	4058157	4058216	3.56e-25	60	TelYs	4058168	revF
ERR206161410328	Chr7	100.000	60	0	1	60	4063188	4063247	3.56e-25	60	TelYs	4063199	revF
ERR206161410328	Chr7	100.000	60	0	1	60	4068209	4068268	3.56e-25	60	TelYs	4068220	revF
ERR206161410328	Chr7	100.000	60	0	1	60	4073313	4073372	3.56e-25	60	TelYs	4073324	revF
ERR206161410328	Chr7	100.000	60	0	1	60	4078310	4078369	3.56e-25	60	TelYs	4078321	revF
ERR206161410328	Chr6	100.000	60	0	1	60	1252	1193	3.56e-25	60	TelYs	1145	revT
ERR206161410328	Chr6	100.000	60	0	1	60	6298	6239	3.56e-25	60	TelYs	6191	revT
ERR206161410328	Chr6	100.000	60	0	1	60	11319	11260	3.56e-25	60	TelYs	11212	revT
ERR206161410328	Chr6	100.000	60	0	1	60	16356	16297	3.56e-25	60	TelYs	16249	revT
ERR206161410328	Chr6	100.000	60	0	1	60	21377	21318	3.56e-25	60	TelYs	21270	revT
ERR206161410328	Chr6	100.000	60	0	1	60	6106884	6106943	3.56e-25	60	TelYs	6106895	revF
ERR206161410328	Chr6	100.000	60	0	1	60	6111998	6112057	3.56e-25	60	TelYs	6112009	revF
ERR206161410328	Chr6	100.000	60	0	1	60	6117043	6117102	3.56e-25	60	TelYs	6117054	revF
ERR206161410328	Chr6	100.000	60	0	1	60	6122084	6122143	3.56e-25	60	TelYs	6122095	revF
ERR206161410328	Chr6	100.000	60	0	1	60	6127245	6127304	3.56e-25	60	TelYs	6127256	revF
ERR206161410328	Chr6	100.000	60	0	1	60	6132285	6132344	3.56e-25	60	TelYs	6132296	revF
ERR206161410328	Chr5	100.000	60	0	1	60	1005	946	3.56e-25	60	TelYs	898	revT
ERR206161410328	Chr5	100.000	60	0	1	60	4438891	4438950	3.56e-25	60	TelYs	4438902	revF
ERR206161410328	Chr5	100.000	60	0	1	60	4443919	4443978	3.56e-25	60	TelYs	4443930	revF
ERR206161410328	Chr5	100.000	60	0	1	60	4448960	4449019	3.56e-25	60	TelYs	4448971	revF
ERR206161410328	Chr5	100.000	60	0	1	60	4454013	4454072	3.56e-25	60	TelYs	4454024	revF
ERR206161410328	Chr5	100.000	60	0	1	60	4459057	4459116	3.56e-25	60	TelYs	4459068	revF
ERR206161410328	Chr4	100.000	60	0	1	60	1086	1027	3.56e-25	60	TelYs	979	revT
ERR206161410328	Chr4	100.000	60	0	1	60	6112	6053	3.56e-25	60	TelYs	6005	revT
ERR206161410328	Chr4	100.000	60	0	1	60	11149	11090	3.56e-25	60	TelYs	11042	revT
ERR206161410328	Chr4	100.000	60	0	1	60	5397828	5397887	3.56e-25	60	TelYs	5397839	revF
ERR206161410328	Chr4	100.000	60	0	1	60	5402874	5402933	3.56e-25	60	TelYs	5402885	revF
ERR206161410328	Chr4	100.000	60	0	1	60	5407911	5407970	3.56e-25	60	TelYs	5407922	revF
ERR206161410328	Chr4	100.000	60	0	1	60	5412126	5412185	3.56e-25	60	TelYs	5412137	revF
ERR206161410328	Chr3	100.000	60	0	1	60	624	565	3.56e-25	60	TelYs	517	revT
ERR206161410328	Chr3	100.000	60	0	1	60	5615	5556	3.56e-25	60	TelYs	5508	revT
ERR206161410328	Chr3	100.000	60	0	1	60	10604	10545	3.56e-25	60	TelYs	10497	revT
ERR206161410328	Chr3	100.000	60	0	1	60	8226629	8226688	3.56e-25	60	TelYs	8226640	revF
ERR206161410328	Chr3	100.000	60	0	1	60	8231644	8231703	3.56e-25	60	TelYs	8231655	revF
ERR206161410328	Chr3	98.361	61	0	1	60	8236678	8236738	1.66e-23	60	TelYs	8236690	revF
ERR206161410328	Chr2	100.000	60	0	1	60	1212	1153	3.56e-25	60	TelYs	1105	revT
ERR206161410328	Chr2	100.000	60	0	1	60	6285	6226	3.56e-25	60	TelYs	6178	revT
ERR206161410328	Chr2	100.000	60	0	1	60	11311	11252	3.56e-25	60	TelYs	11204	revT
ERR206161410328	Chr2	100.000	60	0	1	60	7914370	7914429	3.56e-25	60	TelYs	7914381	revF
ERR206161410328	Chr1	100.000	60	0	1	60	6667129	6667188	3.56e-25	60	TelYs	6667140	revF
ERR20616141688	Chr1	100.000	55	0	1	55	1453777	1453831	2.14e-22	60	TelYs	1453783	revF
