ERR20616265400	cluster4	100.000	40	0	1	40	1	40	1.60e-18	40
ERR20616265440	cluster4	100.000	47	0	1	47	1	47	2.41e-22	47
ERR20616265488	cluster4	100.000	54	0	1	54	1	54	3.68e-26	54
ERR20616265512	cluster4	100.000	57	0	1	57	1	57	8.45e-28	57
ERR20616268824	cluster14	100.000	36	0	25	60	76	41	4.24e-16	60
ERR20616268880	cluster14	100.000	37	0	24	60	76	40	1.18e-16	60
ERR206162610640	cluster10	95.238	42	0	2	41	42	1	9.91e-16	41
ERR206162610640	cluster26	97.368	38	0	1	37	49	12	3.57e-15	41
ERR20616269984	cluster24	96.970	33	1	12	44	74	42	6.24e-13	44
ERR20616269848	cluster24	97.561	41	1	12	52	74	34	2.75e-17	52
ERR20616263040	cluster0	100.000	44	0	17	60	12	55	1.51e-20	60
ERR20616263888	cluster0	100.000	44	0	17	60	12	55	1.51e-20	60
ERR2061626944	cluster24	100.000	47	0	14	60	12	58	3.26e-22	60
ERR206162610168	cluster24	100.000	50	0	11	60	12	61	7.00e-24	60
ERR20616268240	cluster19	100.000	46	0	4	49	30	75	9.13e-22	49
ERR20616265416	cluster9	94.737	38	0	5	40	15	52	1.66e-13	41
ERR20616265424	cluster9	94.737	38	0	5	40	15	52	1.71e-13	42
ERR20616265448	cluster9	93.182	44	0	5	45	15	58	1.38e-14	45
ERR20616265456	cluster9	93.478	46	0	1	43	60	15	1.13e-15	47
ERR20616265408	cluster9	94.737	38	0	1	36	52	15	1.61e-13	40
ERR20616266424	cluster24	100.000	29	0	15	43	71	43	2.18e-12	43
ERR20616264376	cluster6	100.000	45	0	1	45	20	64	4.21e-21	60
ERR20616264376	cluster18	100.000	34	0	27	60	60	27	5.49e-15	60
ERR20616266192	cluster6	100.000	53	0	2	54	12	64	1.50e-25	60
ERR20616264192	cluster6	100.000	41	0	1	41	24	64	7.05e-19	60
ERR20616264192	cluster18	100.000	38	0	23	60	60	23	3.28e-17	60
ERR20616263904	cluster18	100.000	40	0	21	60	60	21	2.53e-18	60
ERR20616263904	cluster6	100.000	39	0	1	39	26	64	9.12e-18	60
ERR206162611200	cluster11	97.872	47	0	15	60	10	56	5.45e-20	60
ERR20616262224	cluster11	98.077	52	0	10	60	10	61	9.05e-23	60
ERR2061626128	cluster24	100.000	31	0	12	42	74	44	1.74e-13	44
ERR20616262744	cluster24	100.000	35	0	12	46	74	40	1.10e-15	46
ERR20616269928	cluster24	100.000	33	0	12	44	74	42	1.42e-14	46
ERR20616262760	cluster24	100.000	36	0	12	47	74	39	3.14e-16	47
ERR206162610576	cluster14	97.619	42	1	1	42	58	17	6.11e-18	42
ERR20616265936	cluster4	100.000	47	0	14	60	60	14	3.26e-22	60
ERR20616264080	cluster8	100.000	43	0	18	60	15	57	5.45e-20	60
ERR20616261456	cluster8	100.000	36	0	25	60	15	50	4.24e-16	60
ERR206162610696	cluster13	100.000	36	0	1	36	61	26	2.84e-16	42
ERR2061626840	cluster13	100.000	37	0	7	43	26	62	7.78e-17	43
ERR20616262424	cluster15	100.000	37	0	1	37	62	26	7.66e-17	41
ERR20616262288	cluster15	100.000	37	0	5	41	26	62	7.66e-17	41
ERR20616264040	cluster15	100.000	37	0	5	41	26	62	7.66e-17	41
ERR20616267856	cluster3	100.000	43	0	18	60	9	51	5.45e-20	60
ERR20616263928	cluster3	100.000	38	0	23	60	9	46	3.28e-17	60
ERR20616268064	cluster3	100.000	39	0	22	60	9	47	9.12e-18	60
ERR2061626488	cluster3	100.000	41	0	20	60	9	49	7.05e-19	60
ERR20616266424	cluster24	100.000	29	0	15	43	71	43	2.18e-12	43
ERR20616266432	cluster3	100.000	51	0	1	51	24	74	1.95e-24	60
ERR20616266400	cluster18	100.000	51	0	1	51	51	1	1.60e-24	51
ERR20616266400	cluster2	100.000	37	0	13	49	58	22	9.67e-17	51
ERR20616266416	cluster24	100.000	49	0	12	60	74	26	2.52e-23	60
ERR20616268096	cluster22	100.000	41	0	2	42	41	1	4.72e-19	42
ERR20616261568	cluster22	97.561	41	1	1	41	1	41	2.13e-17	41
ERR2061626464	cluster22	100.000	40	0	1	40	1	40	1.60e-18	40
ERR20616264696	cluster22	100.000	41	0	1	41	1	41	5.21e-19	47
ERR20616265640	cluster4	100.000	29	0	32	60	60	32	3.30e-12	60
ERR20616267272	cluster14	100.000	40	0	1	40	56	17	1.60e-18	40
ERR20616269296	cluster14	100.000	42	0	1	42	17	58	1.31e-19	42
ERR20616269264	cluster14	100.000	43	0	1	43	17	59	3.60e-20	43
ERR206162611184	cluster14	100.000	42	0	1	42	58	17	1.31e-19	42
ERR206162610512	cluster19	100.000	38	0	4	41	30	67	2.13e-17	41
ERR20616264472	cluster19	100.000	44	0	4	47	30	73	1.12e-20	47
ERR20616264600	cluster19	100.000	42	0	1	42	71	30	1.37e-19	45
ERR20616261408	cluster19	100.000	46	0	1	46	75	30	9.13e-22	49
