ERR20616107112	cluster2	100.000	57	0	1	57	1	57	1.22e-28	57
ERR20616107112	cluster3	100.000	33	0	25	57	16	48	2.67e-15	57
ERR20616107112	cluster0	100.000	33	0	25	57	18	50	2.67e-15	57
ERR20616101968	cluster2	100.000	56	0	5	60	60	5	4.64e-28	60
ERR20616101968	cluster3	100.000	40	0	1	40	55	16	3.64e-19	60
ERR20616101968	cluster0	100.000	40	0	1	40	57	18	3.64e-19	60
ERR2061610432	cluster2	100.000	49	0	12	60	60	12	3.62e-24	60
ERR2061610432	cluster3	100.000	47	0	1	47	62	16	4.68e-23	60
ERR2061610432	cluster0	100.000	43	0	5	47	60	18	7.83e-21	60
ERR20616101520	cluster2	98.077	52	1	9	60	60	9	3.62e-24	60
ERR20616101520	cluster3	100.000	44	0	1	44	59	16	2.18e-21	60
ERR20616101520	cluster0	100.000	43	0	2	44	60	18	7.83e-21	60
ERR20616104560	cluster2	100.000	54	0	7	60	60	7	6.01e-27	60
ERR20616104560	cluster3	100.000	42	0	1	42	57	16	2.81e-20	60
ERR20616104560	cluster0	100.000	42	0	1	42	59	18	2.81e-20	60
ERR20616108592	cluster2	100.000	55	0	6	60	60	6	1.67e-27	60
ERR20616108592	cluster3	100.000	41	0	1	41	56	16	1.01e-19	60
ERR20616108592	cluster0	100.000	41	0	1	41	58	18	1.01e-19	60
ERR20616104160	cluster1	100.000	46	0	1	46	46	1	1.28e-22	46
ERR20616102736	cluster1	100.000	54	0	1	54	54	1	5.31e-27	54
ERR20616108560	cluster2	100.000	50	0	1	50	50	1	8.44e-25	50
ERR20616101696	cluster1	100.000	53	0	8	60	60	8	2.16e-26	60
ERR20616101960	cluster3	95.556	45	2	1	45	16	60	9.71e-19	45
ERR20616103480	cluster2	100.000	57	0	1	57	57	1	1.22e-28	57
ERR20616103480	cluster3	100.000	33	0	1	33	48	16	2.67e-15	57
ERR20616103480	cluster0	100.000	33	0	1	33	50	18	2.67e-15	57
ERR20616106232	cluster2	100.000	59	0	2	60	60	2	9.98e-30	60
ERR20616106232	cluster3	100.000	37	0	1	37	52	16	1.69e-17	60
ERR20616106232	cluster0	100.000	37	0	1	37	54	18	1.69e-17	60
ERR20616103712	cluster2	100.000	43	0	1	43	43	1	5.50e-21	43
ERR20616105816	cluster2	98.333	60	1	1	60	1	60	1.29e-28	60
ERR20616106456	cluster3	100.000	46	0	1	46	22	67	1.28e-22	46
ERR20616106456	cluster0	100.000	37	0	1	37	24	60	1.29e-17	46
ERR20616106456	cluster2	100.000	30	0	1	30	31	60	1.00e-13	46
ERR20616106536	cluster3	100.000	41	0	1	41	62	22	6.72e-20	41
ERR20616106536	cluster0	100.000	37	0	5	41	60	24	1.12e-17	41
ERR20616106536	cluster2	100.000	30	0	12	41	60	31	8.75e-14	41
ERR20616104216	cluster1	100.000	40	0	21	60	60	21	3.64e-19	60
ERR20616103416	cluster2	100.000	47	0	1	47	1	47	3.65e-23	47
ERR2061610616	cluster2	100.000	47	0	1	47	1	47	3.65e-23	47
ERR2061610392	cluster2	100.000	47	0	1	47	1	47	3.65e-23	47
ERR2061610496	cluster2	100.000	49	0	1	49	1	49	2.96e-24	49
ERR20616101272	cluster1	100.000	48	0	13	60	60	13	1.30e-23	60
