ERR21887249552	cluster6	100.000	38	0	1	38	63	26	7.80e-18	40
ERR21887248576	cluster6	100.000	45	0	1	45	70	26	1.17e-21	47
ERR21887248576	cluster7	100.000	31	0	1	31	33	63	7.11e-14	47
ERR21887242136	cluster6	100.000	42	0	1	42	67	26	5.24e-20	44
ERR21887242136	cluster7	100.000	28	0	1	28	36	63	3.18e-12	44
ERR21887247784	cluster6	100.000	42	0	1	42	67	26	5.24e-20	44
ERR21887247784	cluster7	100.000	28	0	1	28	36	63	3.18e-12	44
ERR21887248584	cluster6	100.000	41	0	1	41	66	26	1.83e-19	43
ERR21887245680	cluster6	100.000	46	0	3	48	26	71	3.69e-22	52
ERR21887245680	cluster7	100.000	36	0	17	52	63	28	1.34e-16	52
ERR21887244184	cluster2	100.000	39	0	1	39	35	73	2.81e-18	51
ERR21887242448	cluster2	100.000	48	0	13	60	73	26	3.38e-23	60
ERR21887249776	cluster2	100.000	48	0	13	60	73	26	3.38e-23	60
ERR21887243096	cluster0	97.826	46	1	1	46	59	14	1.54e-20	46
ERR21887243096	cluster5	97.436	39	1	1	39	24	62	1.20e-16	46
ERR21887245728	cluster0	100.000	35	0	1	35	43	9	5.70e-16	60
ERR2188724736	cluster2	100.000	39	0	22	60	15	53	3.41e-18	60
ERR21887249672	cluster2	100.000	35	0	26	60	15	49	5.70e-16	60
ERR21887248632	cluster6	100.000	32	0	27	58	26	57	2.65e-14	60
ERR21887247896	cluster4	100.000	36	0	25	60	74	39	1.58e-16	60
ERR21887246960	cluster4	100.000	36	0	25	60	74	39	1.58e-16	60
ERR21887247576	cluster4	100.000	30	0	31	60	20	49	3.43e-13	60
ERR21887247520	cluster4	100.000	32	0	29	60	20	51	2.65e-14	60
ERR21887243016	cluster4	100.000	38	0	23	60	20	57	1.23e-17	60
ERR21887246160	cluster2	100.000	47	0	14	60	15	61	1.22e-22	60
ERR21887245864	cluster5	100.000	30	0	31	60	7	36	3.43e-13	60
