ER2061617_V62224	MoTER1	100.000	87	0	0	1	87	3939	3853	1.94e-42	87
ER2061617_V61904	MoTER1	100.000	44	0	0	1	44	3896	3853	6.48e-19	44
ER2061617_V65984	MoTER2	100.000	37	0	0	1	37	91	55	3.87e-15	37
ER2061617_V61320	MoTER2	100.000	36	0	0	1	36	90	55	1.33e-14	36
ER2061617_V65252	MoTER1	100.000	34	0	0	1	34	1849	1816	1.56e-13	34
ER2061617_V6828	MoTER1	100.000	33	0	0	1	33	1277	1245	5.34e-13	33
ER2061617_V6828	MoTER1	100.000	33	0	0	1	33	1344	1312	5.34e-13	33
ER2061617_V62388	MoTER2	100.000	30	0	0	1	30	84	55	2.09e-11	30
ER2061617_V63836	MoTER2	100.000	29	0	0	1	29	83	55	7.06e-11	29
ER2061617_V63064	MoTER1	100.000	31	0	0	1	31	1245	1275	6.18e-12	31
ER2061617_V63064	MoTER1	100.000	31	0	0	1	31	1312	1342	6.18e-12	31
ER2061617_V61988	MoTER1	100.000	32	0	0	4	35	2979	3010	2.12e-12	35
ER2061617_V6328	MoTER2	97.297	37	1	0	39	75	91	55	4.69e-13	75
